0.714, 0.5525317321777343, [(9 53 17)]
0.714, 0.5525316345214843, [(7 17 16)]
0.09809999999999999, 0.0, [(10 1 30)]
0.714, 0.5525317199707032, [(3 33 23)]
0.714, 0.5525357360839844, [(1 9 15)]
0.714, 0.5525317108154297, [(11 32 15)]
0.7063, 0.5488080505371093, [(3 11 24)]
0.7137, 0.5525803497314453, [(8 17 19)]
0.714, 0.5525327423095703, [(4 15 15)]
0.714, 0.5525317199707032, [(5 37 15)]
0.714, 0.5525317291259766, [(9 61 3)]
0.714, 0.5525317230224609, [(1 9 0)]
0.7139, 0.5522109405517579, [(2 2 18)]
0.714, 0.5525317260742187, [(1 47 9)]
0.714, 0.5525317352294922, [(2 38 29)]
0.7121999999999999, 0.5527846221923828, [(1 6 22)]
0.714, 0.5525317230224609, [(6 56 25)]
0.714, 0.5525317291259766, [(4 55 17)]
0.714, 0.5525317260742187, [(13 18 28)]
0.714, 0.5525317260742187, [(15 54 1)]
0.714, 0.5525317321777343, [(14 28 9)]
0.714, 0.5525317321777343, [(11 36 29)]
0.714, 0.5525317169189453, [(7 54 25)]
0.7052, 0.5512764770507812, [(7 26 25)]
0.714, 0.5525317291259766, [(15 40 6)]
0.714, 0.5525317260742187, [(5 36 5)]
0.714, 0.55253173828125, [(2 40 4)]
0.714, 0.5525317169189453, [(2 48 12)]
0.714, 0.5525318145751953, [(3 0 5)]
0.1074, 0.0, [(6 18 30)]
0.714, 0.5525316955566406, [(2 12 6)]
0.714, 0.5525317291259766, [(0 58 16)]
0.714, 0.5525383850097656, [(1 7 21)]
0.714, 0.552532681274414, [(12 19 12)]
0.714, 0.5525317169189453, [(5 45 5)]
0.1121, 0.9975891479492187, [(8 6 30)]
0.714, 0.5525317352294922, [(0 9 2)]
0.714, 0.5525317321777343, [(15 31 5)]
0.714, 0.5525317276000976, [(10 44 13)]
0.714, 0.5525317260742187, [(15 33 21)]
0.7139, 0.5525391387939453, [(11 19 16)]
0.7128, 0.5564386505126953, [(6 23 24)]
0.714, 0.5525317260742187, [(1 56 10)]
0.714, 0.5525317291259766, [(12 32 1)]
0.714, 0.5525317199707032, [(7 58 5)]
0.714, 0.5525317260742187, [(0 41 7)]
0.714, 0.5525317291259766, [(0 35 14)]
0.714, 0.5525317230224609, [(15 34 4)]
0.714, 0.5525317108154297, [(9 21 10)]
0.714, 0.5525317199707032, [(2 10 0)]
0.714, 0.5525317230224609, [(13 56 0)]
0.7141, 0.5527213043212891, [(4 27 22)]
0.714, 0.552531362915039, [(11 13 13)]
0.714, 0.5525317443847656, [(1 11 29)]
0.714, 0.5525317291259766, [(15 62 28)]
0.714, 0.5525317230224609, [(13 17 25)]
0.714, 0.5525317321777343, [(1 52 16)]
0.7122999999999999, 0.5535618347167969, [(1 10 25)]
0.714, 0.5525406921386719, [(6 23 18)]
0.7141, 0.5529225219726562, [(1 20 23)]
0.714, 0.5525317352294922, [(14 28 24)]
0.714, 0.5525317260742187, [(6 37 13)]
0.714, 0.5525317199707032, [(11 3 7)]
0.0964, 0.0, [(14 2 30)]
0.714, 0.5525317260742187, [(11 63 9)]
0.714, 0.5525317321777343, [(11 25 27)]
0.714, 0.5525317504882812, [(11 27 9)]
0.714, 0.5525332885742187, [(5 1 11)]
0.714, 0.5525317230224609, [(9 42 17)]
0.714, 0.5525317016601563, [(3 4 9)]
0.714, 0.5525317199707032, [(15 41 13)]
0.714, 0.5525317291259766, [(12 8 6)]
0.714, 0.5525317260742187, [(14 56 24)]
0.714, 0.5525317138671875, [(15 29 7)]
0.714, 0.5525317352294922, [(2 39 11)]
0.714, 0.5525317230224609, [(7 32 29)]
0.714, 0.5525317230224609, [(1 45 26)]
0.714, 0.5525317199707032, [(2 37 16)]
0.714, 0.5525317352294922, [(0 45 3)]
0.714, 0.5525317138671875, [(3 55 3)]
0.164, 0.9317841217041016, [(8 3 30)]
0.714, 0.5525317321777343, [(8 33 3)]
0.714, 0.5525317230224609, [(7 61 17)]
0.714, 0.5525317291259766, [(14 63 2)]
0.714, 0.5525317260742187, [(13 41 31)]
0.714, 0.5525317291259766, [(0 39 28)]
0.714, 0.5525317230224609, [(11 24 8)]
0.714, 0.5525317260742187, [(15 12 22)]
0.714, 0.552531332397461, [(8 14 14)]
0.714, 0.5525321960449219, [(10 18 13)]
0.714, 0.5525317291259766, [(15 17 5)]
0.714, 0.5525317199707032, [(13 4 28)]
0.1085, 0.0, [(9 14 30)]
0.714, 0.5525317230224609, [(1 35 5)]
0.714, 0.5525317291259766, [(7 57 31)]
0.714, 0.5525317153930664, [(10 40 29)]
0.714, 0.5525316101074218, [(1 18 11)]
0.714, 0.5525317291259766, [(7 59 23)]
0.714, 0.5525322204589844, [(8 25 14)]
0.714, 0.5525317260742187, [(3 3 1)]
0.714, 0.5525441680908203, [(4 28 17)]
0.714, 0.5525317321777343, [(6 6 2)]
0.714, 0.5525317260742187, [(13 21 15)]
0.714, 0.5525317260742187, [(11 32 15)]
0.714, 0.5525317291259766, [(3 15 28)]
0.714, 0.5525317169189452, [(3 54 18)]
0.714, 0.5525317413330078, [(6 33 6)]
0.714, 0.5525317321777343, [(9 38 30)]
0.714, 0.5525317199707032, [(3 12 4)]
0.714, 0.5525316772460938, [(2 23 11)]
0.714, 0.5525317291259766, [(10 19 29)]
0.714, 0.5525317321777343, [(6 11 1)]
0.714, 0.5525317291259766, [(11 39 17)]
0.714, 0.5525317230224609, [(4 60 20)]
0.714, 0.5525317321777343, [(9 53 24)]
0.714, 0.5525317321777343, [(3 58 13)]
0.714, 0.5525317260742187, [(15 27 31)]
0.7101999999999999, 0.55316171875, [(9 1 26)]
0.714, 0.5525317260742187, [(10 3 1)]
0.714, 0.5525317230224609, [(12 38 22)]
0.714, 0.5525321136474609, [(11 14 14)]
0.7114, 0.5488566986083985, [(9 16 31)]
0.7133, 0.552935629272461, [(0 6 22)]
0.714, 0.5525317230224609, [(8 55 23)]
0.714, 0.5525317321777343, [(4 39 8)]
0.714, 0.5525317199707032, [(10 57 18)]
0.587, 0.5651329620361328, [(8 20 25)]
0.714, 0.5525317291259766, [(4 54 8)]
0.714, 0.5525317138671875, [(11 58 29)]
0.7115, 0.5536971038818359, [(5 27 21)]
0.714, 0.5525317169189452, [(9 56 30)]
0.714, 0.5525317169189453, [(8 6 7)]
0.714, 0.5525317169189453, [(0 19 7)]
0.654, 0.5351243255615235, [(7 2 24)]
0.714, 0.5525317443847656, [(0 20 7)]
0.7126, 0.5484146057128907, [(2 15 31)]
0.714, 0.5525317352294922, [(5 2 5)]
0.714, 0.5525317169189452, [(5 3 10)]
0.714, 0.55253173828125, [(10 35 25)]
0.714, 0.5525317230224609, [(14 51 11)]
0.714, 0.5525317291259766, [(9 1 3)]
0.714, 0.5525317291259766, [(1 42 11)]
0.714, 0.5525317230224609, [(5 34 17)]
0.714, 0.5525317230224609, [(8 28 1)]
0.714, 0.5525317352294923, [(4 55 24)]
0.714, 0.5525317321777343, [(9 28 26)]
0.7138, 0.5525683044433594, [(11 20 21)]
0.714, 0.5525317230224609, [(12 50 11)]
0.714, 0.5525317291259766, [(14 3 24)]
0.714, 0.5525317199707032, [(7 12 31)]
0.714, 0.5525317291259766, [(13 18 2)]
0.714, 0.5525317230224609, [(7 32 4)]
0.714, 0.5525317260742187, [(14 46 22)]
0.714, 0.55253173828125, [(3 8 11)]
0.714, 0.5525317321777343, [(12 36 27)]
0.714, 0.5525317199707032, [(7 54 4)]
0.7133, 0.5510316436767578, [(2 13 23)]
0.714, 0.5525317321777343, [(9 59 12)]
0.714, 0.552530874633789, [(6 27 16)]
0.7135, 0.5516763366699219, [(6 22 23)]
0.714, 0.5525317321777343, [(9 62 31)]
0.714, 0.5525317413330078, [(8 17 4)]
0.714, 0.5525315368652344, [(4 29 16)]
0.714, 0.5525317230224609, [(6 41 23)]
0.714, 0.5525316711425781, [(0 3 6)]
0.714, 0.5525317169189453, [(15 20 20)]
0.714, 0.5525294860839844, [(0 12 18)]
0.714, 0.5525317230224609, [(7 5 2)]
0.714, 0.5525317230224609, [(0 37 31)]
0.714, 0.5525317138671875, [(6 57 7)]
0.7142999999999999, 0.5524640350341797, [(4 1 18)]
0.714, 0.5525317413330078, [(12 13 3)]
0.714, 0.5525317230224609, [(3 46 12)]
0.714, 0.5525317199707032, [(6 53 12)]
0.714, 0.5525317291259766, [(8 34 29)]
0.714, 0.5525317321777343, [(5 24 10)]
0.714, 0.5525317108154297, [(15 33 13)]
0.714, 0.5525317321777343, [(14 46 0)]
0.714, 0.5525317260742187, [(11 62 21)]
0.714, 0.5525317199707032, [(0 56 14)]
0.714, 0.5525317352294922, [(14 20 15)]
0.714, 0.5525317199707032, [(7 60 5)]
0.714, 0.5525317169189453, [(9 56 5)]
0.714, 0.5525317321777343, [(7 52 20)]
0.714, 0.5525317169189453, [(13 36 23)]
0.714, 0.5525317260742187, [(11 32 6)]
0.714, 0.5525314758300781, [(8 21 12)]
0.714, 0.5525317230224609, [(1 42 31)]
0.714, 0.5525317321777343, [(8 45 11)]
0.714, 0.5525317230224609, [(13 60 1)]
0.714, 0.55253173828125, [(13 13 2)]
0.714, 0.5525317199707032, [(13 57 1)]
0.714, 0.5525317291259766, [(9 10 26)]
0.714, 0.5525317230224609, [(13 62 11)]
0.714, 0.5525317199707032, [(3 32 22)]
0.714, 0.5525317276000976, [(15 61 0)]
0.714, 0.5525407058715821, [(0 23 16)]
0.7138, 0.5525357818603516, [(1 26 20)]
0.714, 0.5525317321777343, [(6 30 11)]
0.714, 0.5525317413330078, [(6 44 25)]
0.7110000000000001, 0.552370361328125, [(7 8 26)]
0.714, 0.5525317260742187, [(4 57 24)]
0.714, 0.5525317413330078, [(5 23 27)]
0.714, 0.5525317321777343, [(9 32 15)]
0.714, 0.5525317260742187, [(15 10 12)]
0.714, 0.5525317260742187, [(2 61 4)]
0.714, 0.5525317138671875, [(8 63 31)]
0.714, 0.552531805419922, [(13 2 8)]
0.714, 0.5525317230224609, [(13 61 30)]
0.714, 0.5525289886474609, [(9 29 19)]
0.714, 0.5525317260742187, [(4 47 10)]
0.714, 0.5525317352294922, [(8 55 13)]
0.714, 0.5525317199707032, [(2 40 27)]
0.714, 0.5525317260742187, [(9 44 12)]
0.714, 0.5525317413330078, [(14 37 6)]
0.714, 0.5525317245483399, [(9 23 26)]
0.7138, 0.552490200805664, [(10 20 23)]
0.6365000000000001, 0.5145561706542969, [(0 0 31)]
0.714, 0.5525317932128906, [(0 20 10)]
0.0843, 0.0, [(4 28 30)]
0.714, 0.5525317199707032, [(7 32 9)]
0.7137, 0.5526392852783203, [(11 2 17)]
0.714, 0.5525317291259766, [(14 25 15)]
0.714, 0.5525317230224609, [(10 56 18)]
0.714, 0.5525317077636719, [(8 6 26)]
0.714, 0.552531869506836, [(10 26 13)]
0.714, 0.552533187866211, [(12 9 17)]
0.714, 0.55253173828125, [(5 11 29)]
0.7141, 0.5525703857421875, [(0 25 19)]
0.7135, 0.5524622833251953, [(3 24 31)]
0.714, 0.5525317199707032, [(5 59 9)]
0.714, 0.5525317291259766, [(7 51 22)]
0.714, 0.5525317169189453, [(8 45 15)]
0.714, 0.5525317260742187, [(15 58 14)]
0.714, 0.5525317321777343, [(9 35 13)]
0.714, 0.5525317291259766, [(6 47 29)]
0.714, 0.5525317321777343, [(4 48 13)]
0.714, 0.5525317169189452, [(13 8 20)]
0.7105, 0.5524769592285156, [(12 26 23)]
0.714, 0.5525317108154297, [(14 4 2)]
0.714, 0.552531768798828, [(4 1 9)]
0.714, 0.5525317245483399, [(4 5 3)]
0.714, 0.5525317291259766, [(0 24 6)]
0.714, 0.5525310119628906, [(9 9 15)]
0.714, 0.5525317199707032, [(8 38 4)]
0.714, 0.5525317108154297, [(11 35 25)]
0.714, 0.5525317230224609, [(6 52 13)]
0.714, 0.5525317138671875, [(5 54 6)]
0.714, 0.5525317321777343, [(7 33 18)]
0.714, 0.5525317321777343, [(2 43 6)]
0.7135, 0.5528643188476563, [(4 10 25)]
0.7137, 0.5528227630615234, [(6 0 16)]
0.714, 0.5525317352294922, [(9 27 4)]
0.714, 0.5525317169189453, [(10 40 22)]
0.714, 0.5525317199707032, [(6 32 16)]
0.7133, 0.5530744598388672, [(5 9 22)]
0.1471, 0.9590283386230469, [(11 22 30)]
0.714, 0.5525317230224609, [(4 33 1)]
0.714, 0.5525317291259766, [(15 47 22)]
0.714, 0.5525317230224609, [(3 60 2)]
0.714, 0.5525317260742187, [(15 50 14)]
0.714, 0.5525317291259766, [(9 37 13)]
0.714, 0.5525317230224609, [(4 43 19)]
0.714, 0.5525317230224609, [(4 11 6)]
0.714, 0.5525317749023437, [(6 9 8)]
0.714, 0.5525317230224609, [(6 51 1)]
0.7138, 0.5525386657714844, [(3 29 21)]
0.714, 0.5525317199707032, [(5 38 11)]
0.714, 0.5525317291259766, [(2 41 23)]
0.714, 0.5525317321777343, [(15 25 26)]
0.7029000000000001, 0.548762664794922, [(12 8 23)]
0.714, 0.5525317260742187, [(8 18 29)]
0.714, 0.5525317230224609, [(3 51 30)]
0.714, 0.5525317291259766, [(9 36 15)]
0.714, 0.5525317199707032, [(1 15 13)]
0.714, 0.5525317260742187, [(1 47 14)]
0.714, 0.5525317199707032, [(6 30 3)]
0.714, 0.5525317321777343, [(12 56 11)]
0.714, 0.5525317077636718, [(13 40 7)]
0.714, 0.5525317260742187, [(8 37 28)]
0.7138, 0.55258486328125, [(12 1 18)]
0.714, 0.5525317230224609, [(1 52 7)]
0.714, 0.5525317199707032, [(2 53 11)]
0.714, 0.5525284576416016, [(9 24 19)]
0.714, 0.5525317230224609, [(15 15 24)]
0.7136, 0.5526166778564453, [(9 28 21)]
0.714, 0.5525317352294922, [(15 0 4)]
0.714, 0.5525324005126953, [(12 15 12)]
0.7104999999999999, 0.5428811645507813, [(0 4 25)]
0.714, 0.5525317260742187, [(12 58 30)]
0.714, 0.5525318145751953, [(10 19 11)]
0.714, 0.5525317169189452, [(15 34 17)]
0.714, 0.5525317352294922, [(10 35 0)]
0.714, 0.5525317291259766, [(0 13 6)]
0.7134, 0.5531225555419922, [(11 17 23)]
0.714, 0.5525317230224609, [(10 35 2)]
0.714, 0.5525317260742187, [(11 41 5)]
0.714, 0.5525317199707032, [(3 7 5)]
0.714, 0.5525317199707032, [(13 42 4)]
0.714, 0.5525317260742187, [(12 52 12)]
0.714, 0.5525317230224609, [(14 51 8)]
0.714, 0.5525254241943359, [(8 12 19)]
0.714, 0.5525317260742187, [(9 60 29)]
0.714, 0.5525317352294922, [(4 0 1)]
0.714, 0.5525317321777343, [(6 32 21)]
0.714, 0.5525317321777343, [(7 51 22)]
0.714, 0.5525317291259766, [(15 52 20)]
0.714, 0.5525317260742187, [(14 55 11)]
0.714, 0.5525317260742187, [(11 48 5)]
0.714, 0.5525317199707032, [(13 59 25)]
0.714, 0.5525317321777343, [(6 2 7)]
0.714, 0.55253173828125, [(15 46 21)]
0.714, 0.5525317352294922, [(1 59 25)]
0.714, 0.5525310546875, [(4 6 16)]
0.714, 0.5525317260742187, [(8 44 1)]
0.714, 0.5524706665039063, [(9 21 23)]
0.714, 0.5525317199707032, [(12 51 3)]
0.7114, 0.5584226501464844, [(8 0 21)]
0.714, 0.5525317230224609, [(5 43 6)]
0.714, 0.5525317260742187, [(2 22 29)]
0.714, 0.5525317260742187, [(15 47 22)]
0.714, 0.5525317321777343, [(3 32 4)]
0.714, 0.5525317077636719, [(0 19 0)]
0.712, 0.5532834716796875, [(9 28 24)]
0.714, 0.5525317077636719, [(7 62 25)]
0.15860000000000002, 0.9474158538818359, [(5 23 30)]
0.714, 0.5525317260742187, [(5 53 17)]
0.714, 0.5525317184448242, [(1 53 14)]
0.714, 0.55253173828125, [(9 0 0)]
0.7138, 0.5525845092773437, [(3 1 18)]
0.714, 0.5525324493408204, [(7 19 14)]
0.714, 0.5525317230224609, [(15 29 23)]
0.714, 0.5525317352294923, [(2 27 29)]
0.7141, 0.552648468017578, [(0 25 22)]
0.49450000000000005, 0.5589312194824219, [(7 1 24)]
0.714, 0.5525317321777343, [(9 47 26)]
0.714, 0.5525317291259766, [(13 14 0)]
0.714, 0.5525317291259766, [(5 3 28)]
0.7138, 0.5525336853027343, [(3 21 19)]
0.714, 0.5525317260742187, [(12 57 14)]
0.714, 0.5525317321777343, [(8 36 25)]
0.714, 0.5525317352294922, [(15 59 8)]
0.714, 0.5525317230224609, [(14 58 30)]
0.714, 0.5525318847656251, [(11 27 14)]
0.714, 0.5525317352294923, [(15 15 0)]
0.714, 0.5525317260742187, [(6 41 12)]
0.714, 0.5525317352294922, [(6 22 4)]
0.714, 0.5525317199707032, [(3 1 1)]
0.714, 0.5525317291259766, [(12 34 29)]
0.714, 0.5525317230224609, [(12 48 3)]
0.7130000000000001, 0.5525977081298827, [(10 21 31)]
0.714, 0.5525317077636719, [(7 40 2)]
0.714, 0.5525317230224609, [(15 38 31)]
0.4081, 0.5874851806640625, [(10 1 25)]
0.714, 0.5525317230224609, [(4 30 5)]
0.714, 0.5525317230224609, [(2 47 25)]
0.714, 0.5525317291259766, [(5 61 21)]
0.714, 0.5525322174072266, [(1 11 13)]
0.714, 0.5525317138671875, [(7 23 9)]
0.714, 0.552531704711914, [(8 29 10)]
0.714, 0.5525317169189453, [(10 33 30)]
0.6094999999999999, 0.5174022384643555, [(5 11 25)]
0.7137, 0.5525948394775391, [(9 7 20)]
0.714, 0.5525317169189452, [(10 47 9)]
0.714, 0.5525317199707032, [(9 41 18)]
0.714, 0.5525317352294923, [(2 60 10)]
0.714, 0.5525317352294922, [(3 31 15)]
0.714, 0.5525317199707032, [(1 42 3)]
0.714, 0.5525317413330078, [(10 13 18)]
0.714, 0.5525317199707032, [(15 49 1)]
0.714, 0.5525317321777343, [(2 62 5)]
0.714, 0.5525317184448242, [(4 4 0)]
0.714, 0.5525317321777343, [(1 58 17)]
0.714, 0.5525317199707032, [(14 24 25)]
0.714, 0.5525317199707032, [(7 9 5)]
0.714, 0.5525317291259766, [(7 18 7)]
0.7083999999999999, 0.549525537109375, [(6 20 31)]
0.7141, 0.5525592834472657, [(15 0 14)]
0.714, 0.5525317260742187, [(4 50 6)]
0.7135, 0.5521435424804688, [(4 15 23)]
0.714, 0.5525317260742187, [(9 51 17)]
0.714, 0.5525297973632812, [(8 12 18)]
0.714, 0.5525317321777343, [(9 44 18)]
0.714, 0.5525317230224609, [(5 39 22)]
0.714, 0.5525317687988281, [(2 26 8)]
0.7142, 0.5520246551513672, [(6 5 23)]
0.714, 0.5525317260742187, [(14 24 2)]
0.714, 0.5525317321777343, [(0 55 19)]
0.714, 0.5525317291259766, [(1 18 3)]
0.714, 0.552531721496582, [(14 42 18)]
0.714, 0.55253173828125, [(11 62 26)]
0.714, 0.5525317352294922, [(12 35 24)]
0.714, 0.5525317230224609, [(6 5 26)]
0.714, 0.5525317474365234, [(4 28 8)]
0.714, 0.5525317306518555, [(9 3 5)]
0.714, 0.5525317260742187, [(15 47 16)]
0.714, 0.5525317199707032, [(12 13 2)]
0.714, 0.5525317352294922, [(9 21 27)]
0.714, 0.5525317260742187, [(15 23 15)]
0.714, 0.5525319061279297, [(9 28 13)]
0.6624, 0.5185314498901368, [(6 2 24)]
0.714, 0.5525318054199219, [(7 25 15)]
0.714, 0.5525317260742187, [(0 60 14)]
0.714, 0.5525317230224609, [(1 43 4)]
0.714, 0.5525317138671875, [(5 21 3)]
0.714, 0.5525317260742187, [(6 34 4)]
0.714, 0.5525317260742187, [(13 52 3)]
0.714, 0.5525317291259766, [(6 54 2)]
0.714, 0.5525317169189452, [(15 28 29)]
0.714, 0.5525317169189452, [(12 57 20)]
0.714, 0.5525317260742187, [(4 53 24)]
0.714, 0.5525317291259766, [(0 47 24)]
0.714, 0.5525317260742187, [(15 47 29)]
0.7131000000000001, 0.5532724029541016, [(7 1 22)]
0.714, 0.55253173828125, [(13 27 4)]
0.714, 0.5525317230224609, [(7 33 18)]
0.714, 0.5525317260742187, [(5 58 26)]
0.714, 0.5525317291259766, [(1 34 4)]
0.714, 0.5525317199707032, [(14 19 6)]
0.714, 0.5525317291259766, [(7 48 9)]
0.714, 0.5525319915771485, [(4 18 13)]
0.714, 0.5525317199707032, [(9 7 29)]
0.714, 0.5525361785888672, [(1 6 16)]
0.7139, 0.5525337219238281, [(9 12 19)]
0.714, 0.5525317291259766, [(9 49 6)]
0.714, 0.5525317230224609, [(15 55 20)]
0.714, 0.5525317291259766, [(13 40 5)]
0.714, 0.5525317321777343, [(15 27 20)]
0.714, 0.5525317840576172, [(12 0 6)]
0.714, 0.5525317260742187, [(14 55 28)]
0.7139, 0.5525313903808593, [(5 25 19)]
0.7138, 0.55259541015625, [(0 23 19)]
0.714, 0.5525317199707032, [(15 49 6)]
0.714, 0.5525317260742187, [(3 16 28)]
0.714, 0.5525317260742187, [(9 49 21)]
0.714, 0.5525317169189453, [(4 59 31)]
0.714, 0.5525317321777343, [(2 39 17)]
0.714, 0.5525317352294922, [(14 59 0)]
0.714, 0.5525317260742187, [(3 12 1)]
0.714, 0.5525317169189453, [(10 60 17)]
0.714, 0.5525317199707032, [(11 59 2)]
0.714, 0.5525317169189453, [(10 34 10)]
0.714, 0.5525317413330078, [(3 61 22)]
0.714, 0.5525317352294922, [(1 29 3)]
0.714, 0.5525317291259766, [(3 59 10)]
0.714, 0.55253173828125, [(4 15 4)]
0.7135, 0.5524862762451173, [(6 24 21)]
0.714, 0.5525317169189452, [(14 39 1)]
0.714, 0.5525317352294923, [(2 63 0)]
0.714, 0.5525317260742187, [(3 62 21)]
0.714, 0.5525317260742187, [(2 17 2)]
0.714, 0.5525317260742187, [(9 63 25)]
0.714, 0.5525317321777343, [(3 42 21)]
0.714, 0.5525317291259766, [(1 48 8)]
0.714, 0.5525317260742187, [(14 54 31)]
0.714, 0.5525317260742187, [(4 57 16)]
0.714, 0.5525317291259766, [(7 53 5)]
0.714, 0.5525317504882812, [(10 7 11)]
0.7139, 0.552583413696289, [(6 23 19)]
0.714, 0.5525441497802734, [(2 14 17)]
0.714, 0.5525317199707032, [(3 61 16)]
0.714, 0.5525317321777343, [(14 39 23)]
0.714, 0.5525317230224609, [(13 28 5)]
0.714, 0.5525317230224609, [(9 15 5)]
0.714, 0.5525317123413085, [(0 1 5)]
0.714, 0.5525317108154297, [(2 61 6)]
0.714, 0.5525325988769532, [(10 8 16)]
0.7142999999999999, 0.5534749084472657, [(4 2 20)]
0.714, 0.5525317321777343, [(6 35 18)]
0.714, 0.5525317230224609, [(9 41 8)]
0.714, 0.5525317352294922, [(5 54 5)]
0.714, 0.552531771850586, [(2 26 8)]
0.7137, 0.552818115234375, [(10 11 21)]
0.714, 0.5525317138671875, [(1 56 2)]
0.6948000000000001, 0.5482615356445313, [(11 18 25)]
0.714, 0.5525317199707032, [(3 5 5)]
0.714, 0.55253173828125, [(8 21 28)]
0.714, 0.5525317230224609, [(11 33 6)]
0.714, 0.5525317291259766, [(12 56 20)]
0.714, 0.5525288635253907, [(10 16 16)]
0.5709, 0.5370251800537109, [(1 2 31)]
0.714, 0.5525317260742187, [(14 9 0)]
0.714, 0.5525317260742187, [(13 5 10)]
0.714, 0.5525317321777343, [(10 59 6)]
0.714, 0.5525317230224609, [(15 43 7)]
0.714, 0.5525317291259766, [(13 47 14)]
0.714, 0.5525317230224609, [(11 56 28)]
0.714, 0.5525317291259766, [(10 40 23)]
0.714, 0.5525317352294922, [(15 31 10)]
0.714, 0.5525317306518555, [(15 21 7)]
0.714, 0.5525317352294923, [(10 25 29)]
0.714, 0.5525317260742187, [(15 51 0)]
0.714, 0.5525317230224609, [(12 60 19)]
0.714, 0.5525317321777343, [(6 48 2)]
0.714, 0.5525317291259766, [(13 30 24)]
0.714, 0.5525317276000976, [(15 18 9)]
0.7135, 0.5520660369873047, [(12 5 22)]
0.714, 0.5525317413330078, [(5 0 2)]
0.714, 0.5525317413330078, [(0 45 13)]
0.714, 0.5525317230224609, [(13 35 24)]
0.714, 0.5525317230224609, [(2 20 27)]
0.714, 0.5525317291259766, [(0 23 31)]
0.714, 0.5525317199707032, [(4 36 4)]
0.7139, 0.5525049194335938, [(10 16 18)]
0.714, 0.5525317352294923, [(6 59 17)]
0.714, 0.5525317291259766, [(15 61 26)]
0.714, 0.5525317291259766, [(14 36 22)]
0.7108000000000001, 0.5531181213378906, [(12 20 31)]
0.714, 0.5525317260742187, [(14 38 17)]
0.714, 0.5525317245483399, [(11 28 11)]
0.7139, 0.5525337310791016, [(9 12 19)]
0.714, 0.5525317260742187, [(5 43 30)]
0.714, 0.5525317199707032, [(12 31 30)]
0.7138, 0.5526040618896484, [(8 23 19)]
0.714, 0.5525317199707032, [(2 33 24)]
0.714, 0.5525317077636718, [(4 17 14)]
0.714, 0.5525317260742187, [(3 22 6)]
0.7105, 0.5427099914550781, [(6 9 26)]
0.714, 0.5525317291259766, [(9 61 5)]
0.714, 0.5525317291259766, [(0 54 28)]
0.714, 0.55253173828125, [(2 10 11)]
0.714, 0.5525317352294922, [(12 49 21)]
0.714, 0.5525317291259766, [(6 44 13)]
0.714, 0.5525317352294922, [(6 61 3)]
0.7142999999999999, 0.5535662017822266, [(10 11 22)]
0.714, 0.5525317291259766, [(1 49 20)]
0.714, 0.5525317291259766, [(11 27 4)]
0.714, 0.5525317413330078, [(4 62 0)]
0.714, 0.5525318389892577, [(5 19 8)]
0.714, 0.5525317352294922, [(6 18 0)]
0.714, 0.55253173828125, [(13 38 26)]
0.714, 0.5525292877197265, [(8 21 16)]
0.714, 0.5525317199707032, [(15 4 1)]
0.714, 0.5525317352294922, [(10 56 8)]
0.714, 0.5525301330566406, [(0 16 16)]
0.714, 0.5525317138671875, [(8 57 15)]
0.714, 0.5525316680908203, [(2 6 7)]
0.714, 0.5525316802978515, [(1 29 13)]
0.714, 0.5525317230224609, [(13 58 24)]
0.714, 0.5525342437744141, [(7 5 15)]
0.714, 0.5525317352294922, [(1 58 30)]
0.714, 0.5525317504882812, [(3 27 7)]
0.714, 0.5525313049316407, [(2 4 13)]
0.714, 0.5525317138671875, [(8 62 28)]
0.714, 0.5525317291259766, [(11 46 0)]
0.714, 0.5525317260742187, [(6 11 29)]
0.714, 0.5525317291259766, [(5 58 4)]
0.7131000000000001, 0.5523869323730468, [(2 10 23)]
0.714, 0.5525317169189452, [(12 52 20)]
0.714, 0.5525317291259766, [(6 23 29)]
0.714, 0.5525317230224609, [(12 38 10)]
0.7139, 0.5525236358642578, [(1 18 16)]
0.714, 0.5525317291259766, [(10 58 26)]
0.714, 0.5525317321777343, [(3 34 2)]
0.7095, 0.5500360626220703, [(8 6 23)]
0.714, 0.5525305541992187, [(0 14 15)]
0.714, 0.5525317260742187, [(4 51 0)]
0.714, 0.55253173828125, [(13 22 6)]
0.714, 0.5525317321777343, [(10 62 4)]
0.714, 0.552530584716797, [(0 1 12)]
0.714, 0.5525317230224609, [(11 30 24)]
0.714, 0.5525318511962891, [(11 12 10)]
0.503, 0.5800795806884766, [(7 1 31)]
0.714, 0.5525317321777343, [(9 0 29)]
0.714, 0.5525317321777343, [(8 56 20)]
0.714, 0.5525317199707032, [(10 47 12)]
0.714, 0.5525317321777343, [(9 38 7)]
0.714, 0.552531655883789, [(0 24 14)]
0.6848000000000001, 0.538311166381836, [(6 24 25)]
0.714, 0.5525317291259766, [(1 19 2)]
0.714, 0.5525317291259766, [(5 63 5)]
0.714, 0.5525317291259766, [(10 40 14)]
0.714, 0.5525343933105469, [(5 13 20)]
0.7133, 0.5530119659423829, [(9 1 20)]
0.714, 0.5525317260742187, [(2 60 27)]
0.714, 0.5525317291259766, [(6 5 6)]
0.714, 0.5525317016601563, [(9 2 7)]
0.7137, 0.5522157623291015, [(7 21 24)]
0.714, 0.5525317321777343, [(15 50 9)]
0.714, 0.5525317199707032, [(1 40 31)]
0.714, 0.5525317230224609, [(4 3 5)]
0.714, 0.5525317169189453, [(13 46 29)]
0.714, 0.5525317230224609, [(7 63 27)]
0.714, 0.5525317230224609, [(15 57 5)]
0.714, 0.5525350372314453, [(8 19 16)]
0.7137, 0.5525202911376953, [(0 5 21)]
0.714, 0.5525317352294923, [(0 39 9)]
0.714, 0.5525317230224609, [(13 29 0)]
0.714, 0.5525317077636719, [(8 34 28)]
0.714, 0.5525338531494141, [(1 6 15)]
0.714, 0.5525317230224609, [(11 55 22)]
0.714, 0.55253173828125, [(4 40 1)]
0.711, 0.5522014526367187, [(12 8 22)]
0.714, 0.5525317138671875, [(5 46 19)]
0.714, 0.5525317230224609, [(11 42 19)]
0.714, 0.5525317199707032, [(2 22 1)]
0.714, 0.5525317169189453, [(7 37 11)]
0.714, 0.5525317260742187, [(13 11 26)]
0.714, 0.55253173828125, [(2 31 17)]
0.714, 0.5525317230224609, [(2 56 24)]
0.7134, 0.5527068817138672, [(0 15 24)]
0.714, 0.5525317230224609, [(10 30 8)]
0.714, 0.5525317260742187, [(14 36 0)]
0.714, 0.5525301803588867, [(5 11 16)]
0.714, 0.5525317169189453, [(9 57 2)]
0.714, 0.5525317260742187, [(4 22 28)]
0.714, 0.5525317291259766, [(7 40 21)]
0.714, 0.5525317260742187, [(14 7 20)]
0.7102999999999999, 0.5470563873291016, [(9 29 25)]
0.714, 0.5525317199707032, [(3 35 20)]
0.714, 0.5525316711425781, [(1 29 13)]
0.714, 0.5525317169189452, [(13 21 28)]
0.7134, 0.5530092559814453, [(3 25 21)]
0.714, 0.5525317199707032, [(9 35 12)]
0.714, 0.5525317291259766, [(2 34 28)]
0.714, 0.5525317260742187, [(5 62 11)]
0.714, 0.5525317199707032, [(4 33 10)]
0.714, 0.5525317260742187, [(15 10 11)]
0.7137, 0.5526679840087891, [(10 22 22)]
0.714, 0.5525317291259766, [(1 53 5)]
0.714, 0.5525317199707032, [(15 29 31)]
0.714, 0.5525317260742187, [(4 63 26)]
0.7128000000000001, 0.552353515625, [(3 22 26)]
0.7136, 0.5523900390625001, [(0 12 23)]
0.714, 0.5525317169189452, [(6 62 2)]
0.714, 0.5525317260742187, [(0 13 11)]
0.714, 0.5525317260742187, [(4 54 12)]
0.714, 0.5525316070556641, [(10 23 12)]
0.714, 0.5525317230224609, [(0 45 18)]
0.714, 0.5525317230224609, [(8 60 19)]
0.714, 0.5525312683105469, [(2 20 13)]
0.714, 0.5525317260742187, [(10 13 29)]
0.714, 0.5525317291259766, [(9 60 24)]
0.714, 0.5525317352294923, [(10 19 0)]
0.714, 0.5525317230224609, [(1 55 30)]
0.714, 0.5525317321777343, [(9 56 24)]
0.714, 0.5525317260742187, [(15 47 18)]
0.714, 0.5525317260742187, [(13 53 25)]
0.714, 0.5525317199707032, [(1 63 25)]
0.714, 0.5525317321777343, [(9 62 0)]
0.714, 0.5525317169189452, [(14 58 24)]
0.7134, 0.5555664367675781, [(10 11 24)]
0.714, 0.5525317260742187, [(0 3 25)]
0.714, 0.5525317199707032, [(6 36 11)]
0.714, 0.5525317260742187, [(1 39 7)]
0.714, 0.5525317291259766, [(5 38 30)]
0.714, 0.5513165435791016, [(4 8 23)]
0.714, 0.5525317260742187, [(5 14 5)]
0.714, 0.5525317230224609, [(6 60 15)]
0.714, 0.5525317230224609, [(14 39 17)]
0.714, 0.5525317230224609, [(7 62 11)]
0.714, 0.5525317169189452, [(12 44 18)]
0.714, 0.5525317230224609, [(13 11 3)]
0.714, 0.5525317169189453, [(1 43 20)]
0.714, 0.5525317321777343, [(6 7 27)]
0.714, 0.5525317199707032, [(7 48 30)]
0.714, 0.5525317138671875, [(4 32 15)]
0.714, 0.5525317291259766, [(2 43 6)]
0.714, 0.5525317260742187, [(3 36 17)]
0.714, 0.5525317291259766, [(10 16 11)]
0.714, 0.5525317169189453, [(12 52 9)]
0.714, 0.5525317321777343, [(11 6 4)]
0.714, 0.5525317230224609, [(12 59 26)]
0.6072, 0.5446016876220703, [(11 12 25)]
0.714, 0.5525317413330078, [(3 44 22)]
0.714, 0.5525317169189452, [(2 54 7)]
0.7139, 0.5525363220214843, [(5 14 18)]
0.714, 0.5525317260742187, [(7 49 11)]
0.714, 0.5525317077636718, [(9 56 8)]
0.714, 0.5525383087158203, [(11 27 18)]
0.714, 0.5525317169189452, [(6 8 4)]
0.714, 0.5525317321777343, [(15 52 28)]
0.714, 0.5525317230224609, [(13 21 20)]
0.714, 0.5525317291259766, [(13 15 6)]
0.714, 0.552531329345703, [(12 25 13)]
0.714, 0.5525317993164063, [(7 25 15)]
0.714, 0.5525317108154297, [(4 60 9)]
0.714, 0.5525317199707032, [(13 20 1)]
0.714, 0.5525317260742187, [(6 56 27)]
0.714, 0.5525317321777343, [(2 53 6)]
0.714, 0.5525317321777343, [(3 62 2)]
0.714, 0.5525317230224609, [(12 25 11)]
0.714, 0.5525317260742187, [(14 26 0)]
0.714, 0.5525317169189453, [(5 31 27)]
0.7137, 0.5525948455810547, [(9 7 20)]
0.714, 0.5525317291259766, [(9 52 13)]
0.714, 0.5525317230224609, [(9 22 8)]
0.714, 0.5525284576416016, [(6 29 19)]
0.714, 0.5525317260742187, [(9 47 22)]
0.714, 0.5525317260742187, [(8 46 4)]
0.714, 0.5525317413330078, [(7 27 8)]
0.714, 0.5525317840576172, [(1 20 12)]
0.714, 0.5525317230224609, [(9 11 31)]
0.714, 0.5525317291259766, [(10 7 7)]
0.714, 0.5525317230224609, [(8 58 14)]
0.714, 0.5525317291259766, [(12 60 25)]
0.714, 0.5525317138671875, [(2 61 2)]
0.714, 0.5525317230224609, [(6 24 6)]
0.7139, 0.5524940551757813, [(6 22 19)]
0.714, 0.5525317291259766, [(4 23 0)]
0.714, 0.5525317352294923, [(9 53 14)]
0.714, 0.5525317169189453, [(14 58 21)]
0.714, 0.5525317230224609, [(14 28 28)]
0.714, 0.5525317230224609, [(12 25 7)]
0.714, 0.5525317230224609, [(4 2 5)]
0.7134, 0.552237710571289, [(1 21 23)]
0.714, 0.5525317352294923, [(4 29 3)]
0.714, 0.5525317199707032, [(14 45 16)]
0.714, 0.5525317260742187, [(10 56 18)]
0.714, 0.5525317199707032, [(9 63 14)]
0.7138, 0.5525755065917969, [(8 27 18)]
0.714, 0.5525317199707032, [(2 53 16)]
0.714, 0.5525317199707032, [(11 12 1)]
0.714, 0.5525317230224609, [(10 18 3)]
0.714, 0.5525317291259766, [(14 39 3)]
0.714, 0.5525316986083985, [(11 25 10)]
0.714, 0.5525317291259766, [(13 42 11)]
0.714, 0.5525317260742187, [(10 59 12)]
0.714, 0.5525324859619141, [(9 1 11)]
0.714, 0.5525317260742187, [(5 47 17)]
0.714, 0.55253173828125, [(4 59 11)]
0.714, 0.552530355834961, [(10 9 16)]
0.7139, 0.552469985961914, [(9 22 31)]
0.714, 0.5525317291259766, [(9 61 27)]
0.7132000000000001, 0.5527115295410157, [(9 28 22)]
0.714, 0.5525317291259766, [(10 40 29)]
0.7138, 0.552487060546875, [(8 8 19)]
0.714, 0.5525523895263672, [(0 27 17)]
0.7141, 0.5525646759033203, [(15 1 18)]
0.714, 0.5525317199707032, [(11 10 2)]
0.714, 0.5525317169189452, [(14 39 13)]
0.714, 0.5525317321777343, [(9 60 8)]
0.714, 0.5525317260742187, [(7 40 31)]
0.708, 0.55483896484375, [(0 25 25)]
0.714, 0.5525317352294922, [(1 57 13)]
0.714, 0.5525317321777343, [(9 34 21)]
0.714, 0.5525317291259766, [(7 61 26)]
0.714, 0.5525317199707032, [(2 47 29)]
0.714, 0.5524876983642578, [(0 19 20)]
0.714, 0.5525317260742187, [(10 55 9)]
0.714, 0.5525147918701172, [(9 23 19)]
0.7107, 0.5526712585449218, [(3 29 25)]
0.714, 0.5525317199707032, [(5 30 30)]
0.714, 0.5525314453125, [(2 2 10)]
0.714, 0.5525317230224609, [(7 51 14)]
0.714, 0.5525317321777343, [(1 15 5)]
0.714, 0.5525317260742187, [(2 20 7)]
0.714, 0.5525292633056641, [(2 2 11)]
0.714, 0.5525317108154297, [(8 31 17)]
0.7054, 0.541299008178711, [(0 21 24)]
0.714, 0.5525317260742187, [(0 49 3)]
0.7137, 0.5522857055664063, [(6 27 19)]
0.714, 0.5525317138671875, [(10 62 16)]
0.714, 0.5525317230224609, [(2 31 5)]
0.714, 0.5525317260742187, [(7 43 29)]
0.714, 0.5525317291259766, [(2 56 22)]
0.714, 0.5525317230224609, [(5 38 25)]
0.714, 0.552531736755371, [(2 62 31)]
0.714, 0.5525317199707032, [(15 34 3)]
0.714, 0.5525317230224609, [(13 55 24)]
0.714, 0.5525317260742187, [(5 37 19)]
0.714, 0.5525317199707032, [(14 22 13)]
0.714, 0.5525317169189452, [(2 54 16)]
0.714, 0.5525317230224609, [(13 41 9)]
0.714, 0.5525317291259766, [(11 57 26)]
0.714, 0.5525317321777343, [(5 37 20)]
0.714, 0.5525317260742187, [(1 57 8)]
0.714, 0.5525317199707032, [(6 41 30)]
0.714, 0.5525317260742187, [(2 57 3)]
0.714, 0.5525317276000976, [(6 32 9)]
0.714, 0.5525317321777343, [(6 52 17)]
0.714, 0.5525317230224609, [(3 30 26)]
0.6615, 0.6034530456542968, [(3 0 23)]
0.714, 0.5525317230224609, [(11 45 17)]
0.714, 0.5525317230224609, [(13 5 4)]
0.714, 0.5525286651611327, [(9 27 16)]
0.714, 0.5525317291259766, [(10 50 22)]
0.714, 0.5525317199707032, [(5 52 16)]
0.714, 0.5525317260742187, [(14 38 24)]
0.714, 0.5525317260742187, [(10 61 15)]
0.714, 0.5525317260742187, [(10 42 30)]
0.714, 0.5525317138671875, [(0 26 8)]
0.714, 0.5525310546875, [(11 13 15)]
0.714, 0.5525317291259766, [(2 50 27)]
0.714, 0.5525317077636719, [(15 23 31)]
0.714, 0.5525317291259766, [(11 48 28)]
0.714, 0.5525317260742187, [(5 36 14)]
0.714, 0.5525317230224609, [(8 47 24)]
0.714, 0.5525317230224609, [(6 11 3)]
0.714, 0.5525317321777343, [(10 55 21)]
0.7125, 0.552611328125, [(12 23 23)]
0.714, 0.5525317443847656, [(2 55 10)]
0.7139, 0.5525049255371094, [(10 16 18)]
0.714, 0.5525317199707032, [(3 44 9)]
0.714, 0.5525319122314453, [(2 28 12)]
0.714, 0.5525317291259766, [(2 60 14)]
0.714, 0.5525317443847656, [(1 46 23)]
0.714, 0.5525317260742187, [(10 52 24)]
0.7139, 0.5526463073730469, [(2 27 17)]
0.714, 0.5525317230224609, [(9 37 22)]
0.714, 0.5525317230224609, [(9 31 26)]
0.714, 0.5525317169189453, [(8 13 9)]
0.714, 0.5525317230224609, [(0 52 22)]
0.714, 0.5525317352294923, [(15 26 0)]
0.714, 0.5525317260742187, [(4 0 29)]
0.7139, 0.5517953674316407, [(4 15 24)]
0.714, 0.5525317199707032, [(1 37 13)]
0.714, 0.5525317230224609, [(11 23 6)]
0.714, 0.5525317230224609, [(8 56 19)]
0.714, 0.5525317260742187, [(1 40 5)]
0.714, 0.5525317260742187, [(10 25 3)]
0.714, 0.5525317321777343, [(4 46 26)]
0.714, 0.5525317199707032, [(0 12 1)]
0.714, 0.5525317260742187, [(9 20 5)]
0.714, 0.5525317291259766, [(0 51 24)]
0.714, 0.5525317321777343, [(5 46 9)]
0.714, 0.5525317260742187, [(4 11 5)]
0.714, 0.5525317230224609, [(13 14 29)]
0.714, 0.5525317199707032, [(10 42 24)]
0.714, 0.5525317260742187, [(4 36 24)]
0.714, 0.5525317321777343, [(10 5 13)]
0.714, 0.5525317810058594, [(1 23 9)]
0.714, 0.5525317169189453, [(3 46 17)]
0.714, 0.5525317199707032, [(12 30 4)]
0.714, 0.5525317199707032, [(6 17 27)]
0.714, 0.5525317199707032, [(7 39 16)]
0.714, 0.5525317260742187, [(4 13 8)]
0.714, 0.5525317321777343, [(1 5 13)]
0.714, 0.55253173828125, [(6 61 9)]
0.7115, 0.5574463104248046, [(6 21 24)]
0.714, 0.5525317199707032, [(1 38 12)]
0.714, 0.5525317230224609, [(14 36 12)]
0.714, 0.5525317260742187, [(14 37 19)]
0.714, 0.5525317260742187, [(0 48 18)]
0.714, 0.5525317352294922, [(13 28 15)]
0.714, 0.5525317291259766, [(0 34 1)]
0.714, 0.5525317230224609, [(6 55 31)]
0.714, 0.5525317291259766, [(8 44 5)]
0.714, 0.5525317291259766, [(13 15 30)]
0.714, 0.5525347839355469, [(5 9 14)]
0.714, 0.5525317260742187, [(2 43 18)]
0.714, 0.5525317291259766, [(10 24 3)]
0.7048, 0.5474215209960938, [(6 29 25)]
0.7142999999999999, 0.5528954132080078, [(9 16 22)]
0.714, 0.5525317443847656, [(14 8 24)]
0.714, 0.5525317199707032, [(4 31 23)]
0.714, 0.5525317291259766, [(2 37 19)]
0.7138, 0.5526838409423829, [(12 9 23)]
0.714, 0.5525317260742187, [(14 23 11)]
0.714, 0.5525317321777343, [(5 19 0)]
0.714, 0.5525317321777343, [(4 55 21)]
0.7128, 0.5524129119873047, [(3 22 23)]
0.714, 0.55253173828125, [(12 43 23)]
0.714, 0.5525317260742187, [(14 56 17)]
0.714, 0.5525317260742187, [(4 53 2)]
0.11030000000000001, 0.9910043060302735, [(5 18 30)]
0.7137, 0.552520278930664, [(0 5 21)]
0.714, 0.5525317321777343, [(7 2 4)]
0.714, 0.5525317321777343, [(14 63 18)]
0.714, 0.5525317199707032, [(4 16 5)]
0.714, 0.5525317199707032, [(8 63 18)]
0.7095, 0.5586949676513672, [(12 0 22)]
0.714, 0.5525317321777343, [(13 22 19)]
0.714, 0.5525317474365234, [(11 19 10)]
0.714, 0.5525317291259766, [(3 17 5)]
0.714, 0.5525317260742187, [(5 46 31)]
0.714, 0.5525317352294922, [(7 28 2)]
0.714, 0.5525317260742187, [(9 33 14)]
0.714, 0.5525317291259766, [(14 16 5)]
0.714, 0.5525316070556641, [(0 19 11)]
0.7114, 0.5526875915527343, [(9 28 25)]
0.714, 0.5525317260742187, [(6 28 4)]
0.714, 0.5525317230224609, [(9 47 27)]
0.714, 0.5525317169189453, [(9 42 21)]
0.714, 0.5525317352294922, [(11 45 2)]
0.714, 0.5525317138671875, [(15 63 16)]
0.714, 0.5525327545166016, [(2 21 10)]
0.714, 0.5525317352294922, [(4 34 14)]
0.714, 0.5525317230224609, [(6 31 6)]
0.714, 0.5525317352294922, [(10 43 6)]
0.714, 0.5525317413330078, [(12 40 5)]
0.714, 0.5525321716308593, [(3 26 15)]
0.714, 0.5525317535400391, [(0 15 10)]
0.714, 0.5525317291259766, [(0 33 0)]
0.7128, 0.55350322265625, [(0 22 24)]
0.714, 0.5525317291259766, [(1 20 7)]
0.714, 0.5525317291259766, [(4 36 23)]
0.714, 0.5525317169189453, [(3 41 19)]
0.714, 0.5525317260742187, [(5 58 27)]
0.714, 0.5525317169189453, [(7 54 17)]
0.714, 0.5525317443847656, [(9 20 7)]
0.714, 0.5525317352294923, [(7 46 12)]
0.714, 0.5525317230224609, [(14 35 11)]
0.7129, 0.5518388854980469, [(10 12 31)]
0.714, 0.5525317321777343, [(12 22 2)]
0.714, 0.5525317230224609, [(9 34 4)]
0.714, 0.5525317230224609, [(15 39 20)]
0.714, 0.5525317230224609, [(7 41 21)]
0.714, 0.5525317352294922, [(3 52 7)]
0.714, 0.5525317260742187, [(6 59 14)]
0.714, 0.5525308685302734, [(6 26 15)]
0.6825, 0.5227878067016603, [(12 15 31)]
0.714, 0.5525317260742187, [(3 51 2)]
0.7139, 0.5525337219238282, [(9 12 19)]
0.714, 0.5525317352294923, [(3 40 11)]
0.714, 0.5525317230224609, [(14 45 30)]
0.6273, 0.48920065460205076, [(6 2 31)]
0.7134, 0.5536174133300782, [(0 9 23)]
0.714, 0.5525316650390625, [(1 29 14)]
0.714, 0.5525317230224609, [(1 43 4)]
0.714, 0.5525317291259766, [(6 41 20)]
0.714, 0.5525317230224609, [(15 10 29)]
0.714, 0.5525317199707032, [(9 37 27)]
0.714, 0.5525317260742187, [(1 23 6)]
0.714, 0.5525317230224609, [(2 57 6)]
0.714, 0.55253173828125, [(2 62 25)]
0.714, 0.5525317260742187, [(15 23 25)]
0.714, 0.5525317230224609, [(14 4 12)]
0.714, 0.5525317169189452, [(13 21 26)]
0.714, 0.5525317321777343, [(2 40 1)]
0.714, 0.5525317169189453, [(6 54 22)]
0.714, 0.5525317199707032, [(14 23 12)]
0.7133, 0.5519320220947266, [(4 4 22)]
0.6741999999999999, 0.552702783203125, [(0 17 30)]
0.714, 0.5525317291259766, [(14 54 4)]
0.714, 0.5491168975830079, [(0 21 23)]
0.7134, 0.5521556182861328, [(9 4 25)]
0.714, 0.5525317260742187, [(8 32 21)]
0.714, 0.5525317321777343, [(13 48 29)]
0.714, 0.5525317352294922, [(0 22 29)]
0.714, 0.5525315765380859, [(10 9 13)]
0.714, 0.5525315643310547, [(11 25 12)]
0.714, 0.5525317199707032, [(2 38 28)]
0.714, 0.5525317291259766, [(11 62 21)]
0.714, 0.5525317260742187, [(3 59 6)]
0.714, 0.5525317108154297, [(11 60 28)]
0.714, 0.5525317230224609, [(14 21 21)]
0.7095, 0.5520639251708985, [(5 19 23)]
0.714, 0.5525317291259766, [(12 37 17)]
0.714, 0.5525317260742187, [(14 45 29)]
0.714, 0.5525317352294923, [(4 46 28)]
0.714, 0.5525320648193359, [(1 1 9)]
0.714, 0.5525317138671875, [(11 30 26)]
0.714, 0.5525317230224609, [(12 44 9)]
0.714, 0.5525317321777343, [(14 7 7)]
0.714, 0.5525316253662109, [(2 24 10)]
0.714, 0.5525325866699219, [(11 1 10)]
0.714, 0.5525317199707032, [(4 49 1)]
0.714, 0.5525317260742187, [(15 51 3)]
0.714, 0.5525317565917969, [(15 0 5)]
0.714, 0.5525317291259766, [(9 61 10)]
0.714, 0.5525317260742187, [(0 49 27)]
0.714, 0.5525317260742187, [(8 12 7)]
0.714, 0.5525317199707032, [(8 43 2)]
0.714, 0.5525317230224609, [(12 36 15)]
0.7137, 0.5528268585205078, [(3 23 23)]
0.714, 0.5525317199707032, [(5 49 10)]
0.714, 0.5525317230224609, [(13 42 25)]
0.714, 0.5525347778320313, [(1 0 9)]
0.714, 0.5525317291259766, [(0 35 17)]
0.714, 0.5525317321777343, [(4 52 10)]
0.714, 0.5525317199707032, [(1 43 12)]
0.714, 0.5525317321777343, [(14 41 10)]
0.7139, 0.5525136840820313, [(9 24 20)]
0.714, 0.5525317321777343, [(11 41 28)]
0.714, 0.5525317199707032, [(14 18 2)]
0.714, 0.5525317291259766, [(12 44 25)]
0.714, 0.5525317138671875, [(5 41 25)]
0.714, 0.5525317321777343, [(15 6 9)]
0.714, 0.5525320495605469, [(5 4 11)]
0.714, 0.552531721496582, [(14 51 28)]
0.714, 0.5525317230224609, [(14 33 7)]
0.714, 0.5525317352294922, [(3 58 9)]
0.714, 0.5525317230224609, [(8 57 8)]
0.714, 0.5525317199707032, [(15 19 10)]
0.714, 0.5525317260742187, [(12 50 17)]
0.714, 0.5525317230224609, [(10 54 22)]
0.714, 0.5525321136474609, [(4 0 7)]
0.714, 0.5525317260742187, [(14 27 0)]
0.714, 0.5525317352294922, [(3 52 10)]
0.714, 0.5525317443847657, [(13 61 16)]
0.7133, 0.5526865783691406, [(8 9 21)]
0.714, 0.5525317169189452, [(8 42 17)]
0.7138, 0.5527445617675781, [(8 13 22)]
0.714, 0.5525317291259766, [(9 30 23)]
0.714, 0.5525317199707032, [(2 39 31)]
0.714, 0.5525317260742187, [(6 32 12)]
0.714, 0.5525317260742187, [(11 43 7)]
0.714, 0.5525317276000976, [(12 45 29)]
0.714, 0.5525317199707032, [(8 52 27)]
0.714, 0.552531494140625, [(9 19 15)]
0.714, 0.5525317932128906, [(7 28 10)]
0.714, 0.5525317199707032, [(15 51 4)]
0.714, 0.5525317169189453, [(11 12 7)]
0.714, 0.5525298278808594, [(11 23 17)]
0.714, 0.5525317230224609, [(8 30 22)]
0.714, 0.5525317352294923, [(4 48 31)]
0.714, 0.5525317230224609, [(14 41 22)]
0.714, 0.5525317230224609, [(3 38 0)]
0.714, 0.5525317321777343, [(13 14 14)]
