0.714, 0.5525317260742187, [(4 37 12)-(8 34 23)-(11 62 17)]
0.714, 0.5525317352294923, [(1 42 24)-(4 37 1)-(10 36 3)]
0.714, 0.5525317260742187, [(14 10 23)-(13 8 11)-(4 37 8)]
0.714, 0.5525317199707032, [(13 60 21)-(7 31 11)-(13 36 31)]
0.714, 0.5525344696044923, [(13 61 12)-(12 18 15)-(15 49 24)]
0.7139, 0.5525363037109374, [(5 4 16)-(15 29 28)-(11 13 26)]
0.714, 0.5525315460205078, [(0 39 11)-(6 63 28)-(12 3 11)]
0.714, 0.5524102233886719, [(15 39 23)-(8 15 21)-(8 1 11)]
0.714, 0.5525317199707032, [(3 61 1)-(4 49 20)-(3 56 16)]
0.714, 0.5525296661376953, [(0 26 16)-(15 12 9)-(12 3 12)]
0.7137, 0.5527746398925781, [(3 46 1)-(8 26 23)-(3 24 3)]
0.7134, 0.5525352142333985, [(5 15 31)-(5 21 18)-(3 12 18)]
0.714, 0.5525317291259766, [(9 3 26)-(14 63 14)-(0 50 29)]
0.714, 0.55253173828125, [(9 33 7)-(3 31 2)-(1 49 14)]
0.08230000000000001, 0.0, [(2 9 30)-(7 0 9)-(15 8 9)]
0.714, 0.5525317352294922, [(4 52 19)-(8 28 27)-(7 57 22)]
0.714, 0.5525317169189452, [(6 34 23)-(13 59 3)-(9 24 4)]
0.714, 0.5525317169189452, [(12 53 25)-(6 60 7)-(1 57 11)]
0.714, 0.5525317260742187, [(13 33 26)-(0 5 7)-(13 30 17)]
0.714, 0.5525317260742187, [(0 44 19)-(6 47 24)-(1 58 15)]
0.714, 0.5525317291259766, [(15 55 5)-(12 52 28)-(9 50 14)]
0.714, 0.5525317321777343, [(3 57 24)-(8 33 19)-(0 0 0)]
0.714, 0.5525317352294922, [(0 60 18)-(4 63 24)-(5 61 29)]
0.714, 0.5525317230224609, [(0 36 5)-(1 22 1)-(11 47 31)]
0.5177, 0.5344794311523438, [(2 1 25)-(8 60 27)-(3 14 14)]
0.714, 0.5525346435546875, [(6 17 27)-(3 28 18)-(1 5 8)]
0.714, 0.5525319778442382, [(8 45 31)-(10 53 11)-(10 18 12)]
0.7139, 0.5525080780029297, [(11 23 18)-(6 25 17)-(15 38 7)]
0.7143999999999999, 0.5536580383300782, [(14 9 26)-(8 11 19)-(7 27 31)]
0.7129, 0.5526187469482422, [(11 25 31)-(11 11 13)-(4 20 20)]
0.7134, 0.5525282287597656, [(10 35 5)-(5 8 21)-(10 33 31)]
0.7139, 0.5528111541748046, [(10 26 23)-(1 62 16)-(4 47 8)]
0.7058, 0.5483691131591797, [(15 12 6)-(1 13 13)-(5 10 25)]
0.714, 0.5525317291259766, [(2 8 1)-(0 58 27)-(14 42 1)]
0.714, 0.5525318634033203, [(6 56 23)-(12 7 10)-(8 58 5)]
0.714, 0.5525317260742187, [(13 52 16)-(6 11 4)-(3 40 30)]
0.714, 0.5525320892333985, [(4 24 17)-(3 36 19)-(1 17 5)]
0.714, 0.5525317138671875, [(13 30 15)-(13 19 6)-(11 30 19)]
0.714, 0.5525317230224609, [(2 63 23)-(13 19 24)-(4 44 12)]
0.714, 0.5525317138671875, [(12 61 31)-(15 63 25)-(14 44 23)]
0.7136, 0.5481367187499999, [(11 20 31)-(9 33 22)-(8 50 4)]
0.714, 0.5525321685791016, [(12 56 4)-(10 12 15)-(0 55 7)]
0.714, 0.5525317291259766, [(8 51 15)-(3 48 21)-(6 58 8)]
0.7134, 0.5532331451416015, [(1 47 26)-(15 9 10)-(2 1 20)]
0.714, 0.55253173828125, [(13 52 11)-(15 15 20)-(13 43 30)]
0.714, 0.5525323944091797, [(7 52 10)-(7 61 9)-(1 9 12)]
0.714, 0.5525317260742187, [(12 37 30)-(6 19 3)-(1 51 16)]
0.714, 0.5525317352294922, [(0 32 26)-(3 55 5)-(12 53 20)]
0.7056, 0.5479665649414063, [(5 48 13)-(0 27 25)-(8 5 22)]
0.714, 0.5525321594238282, [(7 50 4)-(11 26 11)-(12 47 25)]
0.714, 0.5525317260742187, [(6 15 8)-(0 42 14)-(12 14 28)]
0.714, 0.5525387054443359, [(0 17 16)-(13 43 28)-(12 19 26)]
0.714, 0.5525317230224609, [(12 16 6)-(0 33 11)-(14 36 30)]
0.5728, 0.4528687271118164, [(0 32 11)-(5 23 7)-(6 0 31)]
0.714, 0.5525317260742187, [(0 42 8)-(15 49 0)-(15 42 13)]
0.714, 0.5525377807617188, [(5 11 1)-(11 4 19)-(4 29 6)]
0.714, 0.5525317169189453, [(8 63 1)-(11 32 24)-(11 47 16)]
0.714, 0.5525317169189452, [(5 50 18)-(3 39 14)-(14 20 10)]
0.7046, 0.5529874572753907, [(10 17 4)-(15 7 16)-(7 1 23)]
0.714, 0.5525317199707032, [(8 39 13)-(14 13 7)-(5 45 16)]
0.714, 0.5525317291259766, [(9 58 16)-(15 26 26)-(6 35 31)]
0.714, 0.5525632080078124, [(6 4 14)-(7 0 13)-(14 57 2)]
0.714, 0.5525317291259766, [(9 32 10)-(14 38 1)-(12 4 25)]
0.7133, 0.5530119567871095, [(15 3 3)-(2 44 0)-(9 1 20)]
0.714, 0.5525317352294923, [(13 8 2)-(0 52 26)-(9 34 8)]
0.714, 0.5525317230224609, [(12 21 26)-(8 57 29)-(2 62 31)]
0.714, 0.5525317230224609, [(0 48 13)-(5 8 28)-(14 30 23)]
0.714, 0.5525488067626954, [(8 49 10)-(11 20 17)-(3 14 0)]
0.714, 0.5525317352294922, [(9 42 16)-(9 34 7)-(13 49 14)]
0.714, 0.5525317596435547, [(15 9 27)-(10 27 11)-(13 24 8)]
0.7137, 0.5526153228759765, [(5 47 23)-(11 59 9)-(9 14 23)]
0.714, 0.5525317321777343, [(13 59 0)-(2 9 27)-(2 48 11)]
0.714, 0.5525317260742187, [(0 36 8)-(9 42 24)-(14 40 24)]
0.714, 0.5525318054199219, [(14 51 18)-(2 8 7)-(11 6 5)]
0.714, 0.5525317199707032, [(11 32 21)-(12 58 25)-(5 52 22)]
0.714, 0.55253173828125, [(10 41 27)-(12 46 19)-(2 31 7)]
0.714, 0.5525317291259766, [(15 20 28)-(8 61 22)-(13 23 31)]
0.714, 0.5525317291259766, [(1 56 1)-(9 56 11)-(14 3 4)]
0.714, 0.5525317230224609, [(11 8 6)-(9 33 25)-(8 60 26)]
0.714, 0.55253173828125, [(9 25 7)-(3 41 5)-(3 57 27)]
0.7137, 0.5520982299804686, [(4 11 23)-(14 56 25)-(15 63 6)]
0.714, 0.5525282104492187, [(0 8 17)-(9 42 16)-(2 47 27)]
0.714, 0.5525401641845703, [(14 48 18)-(0 40 22)-(7 0 11)]
0.714, 0.5525315673828125, [(14 24 0)-(10 9 13)-(5 23 29)]
0.7138, 0.5525551177978516, [(2 21 29)-(10 4 20)-(7 26 29)]
0.714, 0.5525317230224609, [(1 59 19)-(5 53 7)-(9 4 3)]
0.7084999999999999, 0.5520532623291016, [(7 7 25)-(7 33 0)-(14 23 22)]
0.7138, 0.5524984069824219, [(8 12 22)-(7 40 8)-(14 17 21)]
0.714, 0.5525317260742187, [(14 4 13)-(7 58 9)-(14 40 21)]
0.714, 0.5525335357666016, [(10 45 30)-(0 57 31)-(2 0 11)]
0.714, 0.5525317291259766, [(8 45 19)-(13 36 25)-(2 51 21)]
0.714, 0.5525326782226563, [(15 50 12)-(10 5 17)-(10 33 2)]
0.714, 0.5525317596435547, [(4 40 0)-(4 12 9)-(4 52 24)]
0.714, 0.5525317291259766, [(14 43 20)-(10 45 29)-(12 31 2)]
0.714, 0.5525317260742187, [(14 57 16)-(8 61 24)-(13 28 14)]
0.714, 0.5525266723632812, [(12 21 29)-(2 18 16)-(4 38 24)]
0.7081999999999999, 0.5552518341064453, [(3 59 8)-(12 25 5)-(12 15 23)]
0.7076, 0.5502859558105468, [(4 8 31)-(8 19 24)-(2 34 28)]
0.7139, 0.5525601470947266, [(9 20 5)-(0 43 31)-(4 21 17)]
0.714, 0.5525317260742187, [(1 6 4)-(1 21 2)-(11 36 20)]
0.6036, 0.4736526306152344, [(7 61 15)-(6 43 23)-(4 0 31)]
0.09759999999999999, 0.0, [(5 4 30)-(12 60 2)-(4 63 28)]
0.7139, 0.5525491668701172, [(4 25 6)-(3 33 15)-(5 6 16)]
0.714, 0.5525317260742187, [(10 62 23)-(6 31 24)-(9 36 10)]
0.714, 0.5525317230224609, [(13 47 12)-(13 34 9)-(10 52 15)]
0.714, 0.5525317260742187, [(6 44 13)-(3 47 10)-(5 42 4)]
0.714, 0.5525317260742187, [(5 42 29)-(14 20 22)-(5 35 14)]
0.7146, 0.5514625, [(12 6 2)-(2 22 24)-(13 50 21)]
0.7139, 0.5523322021484375, [(14 61 15)-(14 47 20)-(1 18 22)]
0.714, 0.552534716796875, [(7 13 17)-(10 18 11)-(11 23 12)]
0.1281, 0.0, [(3 52 10)-(11 20 30)-(13 60 26)]
0.7134, 0.5521022003173828, [(8 15 31)-(1 4 0)-(4 39 8)]
0.714, 0.5525317230224609, [(11 41 21)-(2 45 0)-(13 48 8)]
0.714, 0.5525317291259766, [(5 28 7)-(14 3 25)-(15 5 7)]
0.7139, 0.5524829635620117, [(4 13 27)-(5 36 6)-(6 18 20)]
0.48660000000000003, 0.5354620147705078, [(1 49 30)-(10 10 3)-(11 28 25)]
0.714, 0.5525317169189453, [(6 4 26)-(3 47 2)-(13 16 25)]
0.7139, 0.5525355224609375, [(8 20 27)-(5 19 13)-(13 29 4)]
0.714, 0.5525317260742187, [(4 51 19)-(15 49 29)-(10 59 3)]
0.714, 0.5525317169189453, [(1 9 4)-(4 48 1)-(0 49 22)]
0.714, 0.5525317199707032, [(9 38 14)-(9 59 12)-(14 34 24)]
0.714, 0.5525317321777343, [(10 63 23)-(4 49 27)-(5 24 9)]
0.4799, 0.529126644897461, [(13 15 2)-(11 2 31)-(4 30 24)]
0.714, 0.5525316345214843, [(4 39 16)-(6 53 21)-(1 28 10)]
0.714, 0.5525317291259766, [(15 12 1)-(12 38 10)-(14 55 12)]
0.714, 0.5525317199707032, [(12 41 29)-(5 54 15)-(11 43 15)]
0.714, 0.5525317230224609, [(11 54 29)-(11 38 29)-(10 19 1)]
0.714, 0.5525317199707032, [(8 32 1)-(3 15 7)-(0 62 30)]
0.714, 0.5525316650390625, [(15 61 21)-(3 10 15)-(15 33 20)]
0.714, 0.5525317260742187, [(8 42 4)-(13 61 10)-(0 62 9)]
0.714, 0.5525317321777343, [(0 32 15)-(12 37 15)-(10 32 15)]
0.714, 0.552524868774414, [(14 50 12)-(12 18 27)-(3 15 17)]
0.7128, 0.5533257720947266, [(14 0 20)-(14 54 29)-(7 21 7)]
0.714, 0.5525317291259766, [(7 52 9)-(3 40 22)-(10 11 5)]
0.7139, 0.5525580444335938, [(9 54 13)-(2 14 21)-(14 47 4)]
0.714, 0.5525335021972656, [(4 8 10)-(15 16 4)-(1 14 13)]
0.714, 0.5525317230224609, [(0 42 10)-(9 58 12)-(5 42 13)]
0.714, 0.5525315979003906, [(1 2 7)-(3 33 11)-(0 2 14)]
0.714, 0.5525317321777343, [(0 34 27)-(5 21 2)-(5 50 8)]
0.6968, 0.5412082122802735, [(15 2 24)-(2 48 9)-(13 13 20)]
0.7139, 0.5524482940673828, [(3 56 24)-(15 26 14)-(12 5 19)]
0.714, 0.5525317169189452, [(15 49 17)-(10 25 0)-(14 63 27)]
0.714, 0.5525322265625, [(13 50 9)-(6 54 16)-(7 19 15)]
0.714, 0.5525317321777343, [(1 12 8)-(12 63 6)-(13 33 26)]
0.3264, 0.8637117218017578, [(6 57 5)-(4 12 1)-(2 20 30)]
0.714, 0.5525323913574218, [(14 7 4)-(7 56 23)-(12 8 13)]
0.714, 0.5525317291259766, [(13 44 13)-(11 44 8)-(3 40 13)]
0.6551, 0.5288962890625, [(7 8 25)-(6 48 6)-(15 9 20)]
0.48660000000000003, 0.5354620391845704, [(1 58 4)-(11 28 25)-(6 25 10)]
0.6763, 0.5420118255615234, [(6 59 25)-(14 29 29)-(2 1 23)]
0.7115, 0.554991860961914, [(8 17 13)-(8 40 5)-(1 23 23)]
0.714, 0.552531332397461, [(2 18 13)-(12 24 28)-(2 62 13)]
0.7125, 0.5485210693359375, [(9 27 23)-(11 37 10)-(4 28 26)]
0.714, 0.55253173828125, [(6 51 9)-(10 25 1)-(12 43 14)]
0.0998, 0.0, [(11 12 29)-(1 12 27)-(3 1 30)]
0.7132000000000001, 0.5532040222167969, [(12 20 24)-(13 29 0)-(7 57 23)]
0.7134, 0.5552924957275391, [(9 24 26)-(5 18 17)-(5 0 19)]
0.654, 0.5473555755615234, [(3 47 26)-(6 58 4)-(12 15 24)]
0.714, 0.5525317291259766, [(13 24 3)-(1 32 16)-(12 54 30)]
0.714, 0.5525317138671875, [(11 41 24)-(13 33 8)-(7 30 23)]
0.7131000000000001, 0.5525047119140625, [(14 44 17)-(13 50 7)-(1 11 21)]
0.7139, 0.5522856018066407, [(2 22 21)-(3 31 19)-(1 12 13)]
0.714, 0.5525317321777343, [(4 30 17)-(0 63 26)-(0 41 16)]
0.714, 0.5525317169189452, [(15 23 21)-(3 45 30)-(8 11 27)]
0.714, 0.55253173828125, [(8 58 8)-(14 51 7)-(15 24 18)]
0.714, 0.5525317230224609, [(1 4 3)-(11 56 19)-(14 44 8)]
0.714, 0.5525316253662109, [(4 55 11)-(12 5 10)-(4 38 29)]
0.714, 0.5525316131591796, [(13 15 7)-(1 27 7)-(3 19 14)]
0.714, 0.5525371459960937, [(12 42 21)-(15 0 12)-(5 48 0)]
0.7139, 0.5525935485839844, [(15 7 22)-(2 32 8)-(1 5 23)]
0.715, 0.5521003662109375, [(2 16 6)-(11 1 26)-(10 32 6)]
0.7139, 0.5525333282470704, [(5 5 6)-(9 39 6)-(10 18 20)]
0.7132000000000001, 0.553169482421875, [(4 54 23)-(7 16 22)-(8 1 8)]
0.6873, 0.5475345184326172, [(1 23 4)-(11 21 25)-(2 19 28)]
0.714, 0.5525317230224609, [(8 4 6)-(13 52 4)-(13 50 13)]
0.714, 0.5525317199707032, [(9 43 28)-(9 6 29)-(14 12 25)]
0.714, 0.5525292663574219, [(7 21 2)-(11 23 19)-(6 5 8)]
0.714, 0.5525292724609375, [(1 33 0)-(11 25 19)-(10 18 0)]
0.714, 0.5525317199707032, [(12 31 26)-(8 35 15)-(0 31 8)]
0.714, 0.552414663696289, [(2 30 16)-(3 31 16)-(10 23 21)]
0.7142, 0.5538303771972657, [(15 48 12)-(13 25 25)-(2 21 20)]
0.7139, 0.5525116973876953, [(1 51 22)-(13 33 31)-(7 15 20)]
0.714, 0.5525317337036133, [(8 34 20)-(9 37 3)-(12 52 1)]
0.714, 0.5525317230224609, [(6 48 23)-(5 6 2)-(1 63 0)]
0.714, 0.5525317260742187, [(7 9 27)-(5 33 19)-(9 9 4)]
0.714, 0.5525319213867188, [(6 47 16)-(15 39 18)-(8 25 13)]
0.714, 0.5525317260742187, [(15 63 20)-(7 50 11)-(14 7 9)]
0.714, 0.5525317230224609, [(15 10 1)-(5 34 31)-(3 43 1)]
0.714, 0.5525317321777343, [(12 17 0)-(9 61 15)-(1 20 28)]
0.714, 0.5525317321777343, [(3 44 19)-(9 36 9)-(8 38 25)]
0.6492, 0.5175276184082032, [(3 11 30)-(6 11 25)-(14 46 4)]
0.714, 0.5525317260742187, [(15 58 9)-(4 51 1)-(4 37 21)]
0.714, 0.5525317291259766, [(10 8 6)-(13 25 22)-(14 18 6)]
0.714, 0.5525317230224609, [(7 32 26)-(8 6 6)-(3 58 24)]
0.714, 0.5525320037841797, [(13 41 21)-(0 15 14)-(3 57 9)]
0.714, 0.5525317260742187, [(12 62 9)-(8 39 30)-(13 45 15)]
0.714, 0.5525317199707032, [(3 60 22)-(13 57 31)-(3 22 1)]
0.714, 0.552531674194336, [(9 17 5)-(4 55 1)-(0 8 13)]
0.1328, 0.0, [(1 30 12)-(12 4 3)-(9 16 30)]
0.7136, 0.552226528930664, [(6 36 16)-(12 25 23)-(11 11 3)]
0.714, 0.5525317199707032, [(11 14 0)-(14 32 5)-(0 61 29)]
0.714, 0.5525317260742187, [(1 50 1)-(15 34 3)-(10 35 11)]
0.714, 0.5525317260742187, [(11 4 0)-(7 62 15)-(6 21 28)]
0.714, 0.5525318389892577, [(4 12 11)-(10 37 2)-(6 52 2)]
0.714, 0.5525317199707032, [(13 17 27)-(11 48 4)-(13 59 22)]
0.714, 0.5525317260742187, [(6 33 1)-(9 44 27)-(13 54 18)]
0.714, 0.5525317199707032, [(15 53 2)-(5 61 8)-(2 50 28)]
0.5469999999999999, 0.4931851821899414, [(8 1 31)-(14 36 30)-(5 38 7)]
0.7124, 0.5606331970214844, [(0 0 21)-(7 15 0)-(0 55 7)]
0.6848000000000001, 0.5383132003784179, [(2 61 0)-(6 24 25)-(3 21 19)]
0.7137, 0.5522300537109375, [(15 61 24)-(0 51 10)-(2 18 21)]
0.7137, 0.552639389038086, [(10 13 23)-(15 4 20)-(9 14 8)]
0.7029, 0.55029150390625, [(1 8 26)-(14 54 2)-(2 40 27)]
0.714, 0.5525317352294923, [(0 44 23)-(11 45 0)-(13 51 9)]
0.7139, 0.5525215911865234, [(7 9 17)-(6 40 13)-(5 53 4)]
0.714, 0.5525317413330078, [(2 34 14)-(9 16 6)-(6 40 4)]
0.714, 0.5525317291259766, [(15 6 26)-(5 17 31)-(10 5 7)]
0.7021999999999999, 0.54352119140625, [(3 57 28)-(12 1 26)-(14 28 25)]
0.714, 0.5525317321777343, [(0 38 24)-(15 3 21)-(12 58 7)]
0.714, 0.5525318389892577, [(4 50 30)-(12 61 6)-(7 9 12)]
0.714, 0.5525316467285156, [(8 2 8)-(6 39 18)-(4 5 0)]
0.7137, 0.5523857055664063, [(10 62 4)-(0 19 21)-(2 58 6)]
0.714, 0.5525317291259766, [(15 26 23)-(1 20 27)-(13 50 20)]
0.714, 0.5525321899414062, [(1 37 18)-(13 1 7)-(11 7 15)]
0.7141, 0.5524749725341798, [(7 55 16)-(13 20 21)-(8 29 31)]
0.714, 0.5513747009277343, [(14 55 2)-(4 44 14)-(2 23 26)]
0.714, 0.5525317291259766, [(14 59 29)-(13 46 27)-(13 46 14)]
0.714, 0.5525317352294922, [(8 14 11)-(13 35 28)-(14 52 2)]
0.714, 0.5525317199707032, [(0 10 4)-(1 59 9)-(3 50 18)]
0.7139, 0.548978466796875, [(10 61 21)-(9 53 9)-(11 29 26)]
0.714, 0.5525317260742187, [(14 22 26)-(10 5 0)-(0 36 13)]
0.714, 0.5525317199707032, [(3 45 23)-(13 33 4)-(13 8 26)]
0.714, 0.5525317169189453, [(14 3 21)-(12 55 10)-(6 14 2)]
0.714, 0.5525310699462891, [(13 52 22)-(7 6 14)-(0 46 11)]
0.714, 0.5525317230224609, [(0 36 21)-(15 18 2)-(2 46 30)]
0.6895, 0.5353648406982422, [(15 43 14)-(13 6 17)-(11 6 30)]
0.714, 0.5525317230224609, [(11 12 1)-(0 10 4)-(14 40 13)]
0.7133, 0.5525898529052735, [(0 27 2)-(2 54 14)-(12 11 22)]
0.714, 0.5525332092285156, [(12 26 0)-(15 30 18)-(10 14 14)]
0.714, 0.5525317108154297, [(12 33 9)-(2 45 1)-(4 7 0)]
0.714, 0.5525314575195313, [(8 3 12)-(14 26 26)-(13 36 3)]
0.7139, 0.5525516998291016, [(4 26 16)-(13 49 0)-(3 8 7)]
0.714, 0.5525317321777343, [(9 28 27)-(4 9 3)-(11 58 9)]
0.7141, 0.5525197479248047, [(7 19 13)-(8 14 19)-(5 59 25)]
0.7138, 0.5527078033447266, [(3 45 26)-(8 19 21)-(9 36 13)]
0.714, 0.5525303497314453, [(11 2 29)-(7 15 15)-(11 42 19)]
0.714, 0.5525317321777343, [(11 42 7)-(12 21 28)-(9 60 8)]
0.714, 0.5525323608398438, [(10 21 16)-(15 2 2)-(10 30 6)]
0.7139, 0.5526061004638672, [(1 2 16)-(15 32 30)-(13 23 28)]
0.714, 0.5525408996582031, [(9 1 15)-(6 29 6)-(2 41 14)]
0.714, 0.552530908203125, [(14 32 15)-(10 21 17)-(0 32 9)]
0.714, 0.5525317230224609, [(6 48 24)-(13 43 11)-(7 45 31)]
0.714, 0.5525317199707032, [(12 56 9)-(8 43 6)-(10 42 9)]
0.40390000000000004, 0.5762315795898438, [(12 29 23)-(13 10 23)-(10 0 26)]
0.714, 0.5525317169189453, [(14 49 20)-(9 44 19)-(12 45 16)]
0.7141, 0.5524532775878905, [(6 11 20)-(3 46 6)-(2 29 17)]
0.7141, 0.5525412200927735, [(15 2 18)-(13 60 21)-(2 32 24)]
0.714, 0.5525453186035156, [(6 24 18)-(4 27 18)-(14 12 11)]
0.714, 0.5525316650390625, [(14 17 23)-(5 5 15)-(10 61 8)]
0.714, 0.5525317321777343, [(3 35 17)-(7 29 29)-(0 37 18)]
0.714, 0.55253173828125, [(11 32 0)-(12 1 2)-(2 38 22)]
0.714, 0.5525317199707032, [(4 43 8)-(12 5 1)-(2 31 0)]
0.714, 0.5525317230224609, [(5 22 28)-(13 28 0)-(4 11 5)]
0.7139, 0.5525633941650391, [(2 29 20)-(6 19 17)-(4 22 13)]
0.714, 0.5525317596435547, [(4 44 16)-(10 36 4)-(2 26 11)]
0.714, 0.5525317321777343, [(3 54 16)-(10 32 20)-(2 33 10)]
0.714, 0.5525317321777343, [(5 22 27)-(15 41 28)-(10 56 18)]
0.714, 0.55253173828125, [(1 39 19)-(14 37 21)-(4 30 11)]
0.714, 0.5525317260742187, [(13 30 6)-(5 30 21)-(4 48 28)]
0.714, 0.5525456390380858, [(5 22 14)-(8 20 18)-(8 16 9)]
0.714, 0.5525317230224609, [(6 8 5)-(15 28 28)-(11 54 1)]
0.714, 0.5525317230224609, [(3 57 7)-(13 24 25)-(0 35 30)]
0.714, 0.55253173828125, [(5 42 26)-(1 62 0)-(7 57 8)]
0.714, 0.5528375427246094, [(11 0 17)-(9 26 19)-(3 24 2)]
0.714, 0.5525312530517579, [(10 9 13)-(1 8 14)-(8 60 27)]
0.714, 0.5525317138671875, [(8 62 21)-(0 46 16)-(11 46 15)]
0.503, 0.6563869567871095, [(0 53 23)-(12 47 4)-(8 0 24)]
0.714, 0.5525316802978516, [(10 33 27)-(3 47 2)-(6 22 11)]
0.714, 0.5525317337036133, [(14 32 14)-(7 44 4)-(6 35 16)]
0.6845, 0.5344902648925781, [(1 12 31)-(7 28 26)-(10 61 27)]
0.714, 0.5525319641113282, [(4 62 15)-(8 28 14)-(14 38 25)]
0.714, 0.5525316345214843, [(15 39 30)-(0 43 0)-(9 21 11)]
0.714, 0.5525317169189453, [(13 48 21)-(7 50 14)-(4 11 7)]
0.714, 0.5525740478515625, [(2 21 16)-(9 46 7)-(8 37 27)]
0.714, 0.5525317352294923, [(1 35 17)-(9 41 25)-(11 35 18)]
0.714, 0.5525352294921875, [(10 19 15)-(6 60 5)-(4 43 6)]
0.714, 0.5525317260742187, [(2 49 13)-(14 21 2)-(8 52 31)]
0.714, 0.5525335083007812, [(2 46 0)-(2 26 14)-(12 42 24)]
0.714, 0.5525317230224609, [(4 46 1)-(1 47 4)-(15 29 4)]
0.7137, 0.5520982360839843, [(4 62 2)-(4 11 23)-(13 49 27)]
0.714, 0.5525317291259766, [(1 15 28)-(12 51 5)-(13 26 15)]
0.714, 0.5525318145751953, [(11 19 11)-(1 54 7)-(4 21 2)]
0.714, 0.5525317321777343, [(8 30 24)-(8 30 27)-(1 18 1)]
0.5878, 0.6404740020751953, [(6 0 24)-(5 29 8)-(1 14 17)]
0.714, 0.5525315155029297, [(5 36 18)-(4 17 10)-(9 54 17)]
0.714, 0.5525317230224609, [(11 30 17)-(13 5 18)-(8 3 28)]
0.714, 0.5525286865234376, [(12 13 15)-(3 3 17)-(4 40 2)]
0.714, 0.5525318450927734, [(1 22 4)-(5 1 8)-(9 42 20)]
0.7125, 0.5524772521972656, [(3 11 22)-(12 61 6)-(2 1 26)]
0.7142, 0.5527347015380859, [(13 32 15)-(4 35 2)-(7 27 23)]
0.7066, 0.5459577026367187, [(2 35 21)-(10 62 2)-(9 9 25)]
0.7134, 0.5522054992675781, [(2 24 21)-(10 40 27)-(7 26 1)]
0.714, 0.5525325775146483, [(15 37 10)-(6 0 8)-(10 22 9)]
0.7136, 0.5527418304443359, [(6 2 20)-(8 3 5)-(3 27 27)]
0.14329999999999998, 0.974501431274414, [(10 21 30)-(5 20 18)-(2 59 19)]
0.714, 0.5525317352294922, [(3 19 8)-(13 52 10)-(9 43 14)]
0.7129000000000001, 0.5535171661376953, [(14 55 14)-(6 17 22)-(1 28 2)]
0.714, 0.5525317413330078, [(5 27 26)-(9 5 4)-(3 30 30)]
0.714, 0.55253173828125, [(12 7 5)-(11 16 28)-(0 62 0)]
0.714, 0.5525272308349609, [(8 28 18)-(14 41 21)-(5 31 26)]
0.714, 0.5525317626953126, [(7 18 9)-(12 33 11)-(3 20 11)]
0.714, 0.5525317565917969, [(2 33 6)-(10 27 11)-(7 52 18)]
0.714, 0.5525317138671875, [(3 32 20)-(4 45 29)-(8 24 27)]
0.1025, 0.9998319946289063, [(0 12 30)-(2 37 18)-(2 33 15)]
0.714, 0.5525303405761719, [(2 60 24)-(2 7 7)-(2 20 15)]
0.714, 0.5525317413330078, [(14 5 28)-(11 60 24)-(1 14 5)]
0.7123, 0.5565611602783203, [(0 8 21)-(2 27 22)-(10 5 1)]
0.714, 0.5525317413330078, [(14 58 8)-(6 43 7)-(6 55 13)]
0.714, 0.5525325439453125, [(12 34 9)-(13 44 5)-(9 20 13)]
0.7142, 0.5525384796142578, [(3 32 4)-(7 44 18)-(1 8 19)]
0.714, 0.552521533203125, [(12 20 17)-(2 60 22)-(14 10 1)]
0.714, 0.5525317321777343, [(11 34 27)-(15 60 13)-(13 37 18)]
0.7028000000000001, 0.5454757781982422, [(3 2 22)-(7 25 12)-(11 26 17)]
0.714, 0.5525317199707032, [(13 53 11)-(13 61 18)-(5 15 0)]
0.714, 0.5525322662353516, [(12 12 16)-(2 59 15)-(4 41 8)]
0.7133, 0.5545020935058593, [(8 62 31)-(4 7 2)-(11 11 24)]
0.7139, 0.5525407348632813, [(5 3 19)-(12 48 16)-(5 23 18)]
0.714, 0.5525317352294922, [(11 42 21)-(1 31 15)-(3 46 26)]
0.7132000000000001, 0.5524761657714843, [(12 0 9)-(7 25 24)-(12 31 19)]
0.714, 0.5525317321777343, [(9 19 1)-(5 40 8)-(6 37 1)]
0.714, 0.5525317291259766, [(4 52 31)-(3 38 0)-(13 43 7)]
0.714, 0.5525317108154297, [(1 3 2)-(13 43 5)-(2 38 0)]
0.714, 0.5525317260742187, [(7 13 3)-(12 42 9)-(0 34 16)]
0.714, 0.5525317321777343, [(9 13 26)-(5 18 5)-(5 42 2)]
0.714, 0.5525316497802735, [(13 38 21)-(12 60 5)-(9 21 11)]
0.714, 0.5525317245483399, [(9 51 0)-(0 50 29)-(0 43 25)]
0.7139, 0.5512046936035155, [(5 56 27)-(5 24 24)-(1 26 1)]
0.714, 0.5525317260742187, [(11 12 8)-(12 31 28)-(14 43 4)]
0.714, 0.5525317291259766, [(0 45 4)-(10 41 20)-(14 15 13)]
0.7127, 0.5527021881103515, [(15 51 19)-(12 6 31)-(14 46 12)]
0.714, 0.5525318145751953, [(8 47 0)-(12 24 16)-(0 62 15)]
0.714, 0.5525317230224609, [(10 9 28)-(2 33 4)-(5 54 8)]
0.714, 0.5525316772460938, [(2 40 19)-(5 47 13)-(12 5 8)]
0.714, 0.5525408538818359, [(11 60 11)-(7 7 14)-(5 16 17)]
0.714, 0.5525317169189452, [(8 40 26)-(3 58 21)-(15 25 3)]
0.714, 0.552531721496582, [(12 46 7)-(6 38 13)-(14 34 18)]
0.714, 0.5525315856933594, [(7 15 14)-(12 39 4)-(0 49 16)]
0.714, 0.5525317230224609, [(15 20 28)-(2 0 1)-(0 24 6)]
0.714, 0.5525317291259766, [(7 32 6)-(8 37 14)-(5 15 7)]
0.714, 0.5525317199707032, [(15 29 25)-(10 61 4)-(5 63 21)]
0.714, 0.5525318298339843, [(11 30 27)-(1 5 19)-(7 9 5)]
0.714, 0.5525311645507812, [(4 61 19)-(8 4 14)-(14 27 12)]
0.714, 0.5525317230224609, [(14 56 3)-(13 42 5)-(9 43 0)]
0.714, 0.5525317169189453, [(10 19 2)-(10 13 3)-(10 30 11)]
0.714, 0.5525317230224609, [(2 44 26)-(10 60 5)-(15 43 23)]
0.714, 0.5525317260742187, [(2 42 18)-(1 34 12)-(14 37 3)]
0.714, 0.5525317565917969, [(13 61 31)-(6 13 7)-(15 14 28)]
0.1081, 0.8998319946289062, [(10 12 30)-(15 44 3)-(10 38 30)]
0.714, 0.551535791015625, [(7 45 30)-(12 9 27)-(11 14 31)]
0.714, 0.5525317230224609, [(11 4 29)-(4 50 11)-(3 25 27)]
0.714, 0.5525317352294923, [(9 54 19)-(2 6 26)-(10 59 16)]
0.714, 0.5525317199707032, [(8 13 28)-(3 60 31)-(14 41 10)]
0.714, 0.5525317291259766, [(5 51 17)-(12 50 9)-(7 62 30)]
0.7139, 0.5525269866943359, [(0 5 18)-(10 50 1)-(7 1 0)]
0.714, 0.5525317352294922, [(0 56 12)-(1 5 10)-(8 13 0)]
0.714, 0.5525317230224609, [(13 37 22)-(6 49 20)-(15 4 22)]
0.714, 0.5525318084716797, [(2 8 7)-(10 16 8)-(9 59 4)]
0.714, 0.55253173828125, [(6 38 10)-(1 20 6)-(5 16 0)]
0.714, 0.5525317321777343, [(8 39 15)-(5 47 27)-(1 47 14)]
0.714, 0.5525316162109375, [(3 41 20)-(12 29 12)-(14 30 20)]
0.2079, 0.918126123046875, [(8 5 9)-(9 29 30)-(6 7 27)]
0.7107, 0.5512773452758789, [(5 21 22)-(12 27 31)-(8 35 26)]
0.7099, 0.5581226867675781, [(12 36 14)-(9 52 24)-(6 14 24)]
0.714, 0.5525317260742187, [(4 43 13)-(13 20 2)-(9 39 19)]
0.714, 0.552531802368164, [(12 27 15)-(7 43 21)-(2 56 24)]
0.714, 0.5525317199707032, [(9 60 11)-(0 59 2)-(3 31 9)]
0.714, 0.5525317352294922, [(14 36 29)-(14 41 1)-(11 33 9)]
0.714, 0.5525317291259766, [(3 5 9)-(5 45 1)-(12 48 26)]
0.714, 0.5525317169189452, [(14 23 11)-(0 55 18)-(11 62 16)]
0.714, 0.5525317260742187, [(15 54 20)-(1 3 4)-(14 22 24)]
0.714, 0.5525317260742187, [(3 52 24)-(1 46 21)-(9 45 28)]
0.714, 0.5525317199707032, [(11 2 29)-(10 52 28)-(14 13 25)]
0.714, 0.5525317321777343, [(14 28 16)-(12 51 2)-(10 30 3)]
0.09490000000000001, 0.9997060180664062, [(3 44 4)-(15 30 6)-(11 4 30)]
0.7135, 0.5515307159423828, [(12 22 29)-(0 3 21)-(12 46 27)]
0.714, 0.5525317169189453, [(12 52 1)-(4 40 18)-(4 38 9)]
0.6984999999999999, 0.5429709533691406, [(15 42 0)-(12 29 25)-(1 0 11)]
0.714, 0.5525316558837892, [(1 8 28)-(8 54 11)-(3 14 10)]
0.7137, 0.55250400390625, [(5 13 23)-(0 28 28)-(1 55 3)]
0.7032, 0.5398585845947266, [(2 47 17)-(7 36 30)-(10 2 26)]
0.714, 0.5525317230224609, [(10 32 30)-(11 17 1)-(13 23 17)]
0.714, 0.5525317321777343, [(5 6 28)-(11 44 22)-(3 30 30)]
0.7138, 0.5525810485839844, [(11 53 13)-(7 12 27)-(2 17 20)]
0.7115, 0.5521151397705077, [(3 8 23)-(9 14 26)-(15 21 14)]
0.714, 0.5525317443847656, [(4 11 2)-(12 51 11)-(1 47 9)]
0.714, 0.5525317199707032, [(4 47 13)-(14 33 19)-(7 40 24)]
0.6265000000000001, 0.5490636993408203, [(4 12 23)-(4 61 1)-(11 3 26)]
0.714, 0.552531721496582, [(15 31 31)-(0 31 11)-(13 59 3)]
0.7138, 0.5525579071044922, [(0 26 14)-(1 5 22)-(2 50 8)]
0.714, 0.552531802368164, [(14 0 6)-(6 38 0)-(5 34 30)]
0.714, 0.5525317230224609, [(8 38 29)-(4 55 21)-(3 40 20)]
0.714, 0.5525320220947265, [(10 11 11)-(14 21 9)-(1 35 24)]
0.714, 0.5525317321777343, [(2 51 31)-(14 31 10)-(15 13 14)]
0.714, 0.55253173828125, [(0 31 28)-(8 53 8)-(7 38 20)]
0.714, 0.5525317260742187, [(8 58 6)-(7 55 5)-(2 37 22)]
0.714, 0.5525319152832031, [(13 37 16)-(15 0 7)-(10 26 6)]
0.714, 0.5525317169189453, [(10 36 9)-(1 30 23)-(15 32 31)]
0.714, 0.5525317230224609, [(6 30 28)-(6 24 8)-(12 25 27)]
0.714, 0.5525317138671875, [(2 26 3)-(12 44 7)-(13 45 22)]
0.714, 0.5525317260742187, [(12 60 15)-(2 38 15)-(4 62 23)]
0.714, 0.5525317291259766, [(13 24 30)-(12 43 7)-(7 29 0)]
0.714, 0.5525314987182617, [(9 12 6)-(15 0 3)-(4 8 13)]
0.714, 0.5525298767089843, [(10 17 14)-(5 43 5)-(8 57 16)]
0.714, 0.5525317199707032, [(4 8 1)-(3 63 0)-(2 62 12)]
0.714, 0.5525317199707032, [(10 56 14)-(2 43 21)-(7 61 18)]
0.6698, 0.5312188507080078, [(8 12 4)-(9 45 25)-(5 17 25)]
0.714, 0.5525317199707032, [(8 41 19)-(15 37 6)-(12 51 23)]
0.714, 0.5525317260742187, [(7 37 0)-(5 42 27)-(1 36 5)]
0.714, 0.5525317291259766, [(12 60 21)-(12 39 13)-(11 33 23)]
0.714, 0.5525317199707032, [(1 47 27)-(3 14 8)-(3 30 12)]
0.714, 0.5525630401611328, [(5 10 7)-(11 0 14)-(3 52 29)]
0.714, 0.552532144165039, [(12 53 18)-(11 15 15)-(4 52 19)]
0.714, 0.5525317169189452, [(13 8 24)-(8 51 13)-(2 59 30)]
0.13490000000000002, 0.9673185363769532, [(15 20 24)-(10 16 20)-(11 9 30)]
0.714, 0.5525381774902344, [(9 22 21)-(10 53 29)-(10 49 3)]
0.714, 0.5525317199707032, [(5 43 31)-(1 33 30)-(14 7 2)]
0.714, 0.5525317291259766, [(15 15 7)-(11 24 26)-(0 51 30)]
0.714, 0.5525317138671875, [(13 63 19)-(11 5 1)-(13 53 9)]
0.7139, 0.552527978515625, [(1 20 7)-(5 13 18)-(13 26 20)]
0.714, 0.5525317352294923, [(9 60 24)-(12 10 1)-(1 62 12)]
0.714, 0.5525321044921876, [(1 56 10)-(9 26 13)-(15 57 9)]
0.7138, 0.5524369720458984, [(6 16 21)-(14 5 8)-(0 55 18)]
0.714, 0.5525449493408203, [(13 19 26)-(2 54 9)-(1 11 17)]
0.714, 0.5525313354492187, [(8 14 14)-(11 39 23)-(6 34 1)]
0.6885, 0.5421089813232423, [(8 1 26)-(9 52 17)-(2 18 23)]
0.7023, 0.5450505126953125, [(2 61 26)-(5 3 26)-(4 47 8)]
0.714, 0.5525317260742187, [(10 36 15)-(12 48 30)-(14 14 18)]
0.7133, 0.5565347534179688, [(14 60 18)-(13 1 1)-(7 0 20)]
0.714, 0.5491172637939453, [(9 30 21)-(0 21 23)-(3 29 19)]
0.714, 0.5525317230224609, [(4 25 6)-(4 35 22)-(8 4 29)]
0.714, 0.5525317565917969, [(7 38 13)-(9 14 15)-(8 36 16)]
0.714, 0.5525317199707032, [(13 9 9)-(13 17 22)-(5 49 13)]
0.714, 0.5525317260742187, [(3 12 3)-(12 35 10)-(12 30 20)]
0.714, 0.5525317230224609, [(1 58 2)-(1 61 13)-(13 25 17)]
0.6969, 0.5614479095458984, [(7 24 2)-(12 12 13)-(14 2 24)]
0.714, 0.5525317321777343, [(3 34 16)-(12 34 27)-(9 57 12)]
0.0824, 0.0, [(12 6 30)-(8 56 6)-(11 0 14)]
0.714, 0.55253173828125, [(13 15 20)-(5 26 13)-(2 32 9)]
0.714, 0.5525317260742187, [(3 50 13)-(7 33 27)-(8 37 17)]
0.714, 0.5525317199707032, [(5 55 13)-(1 21 4)-(7 44 6)]
0.714, 0.5525326293945313, [(10 32 4)-(4 11 18)-(9 56 28)]
0.7137, 0.5525397003173829, [(7 51 21)-(10 19 18)-(6 53 10)]
0.714, 0.5525317413330078, [(4 44 9)-(14 63 17)-(13 45 28)]
0.714, 0.5525317321777343, [(11 3 4)-(11 54 23)-(2 59 15)]
0.7135, 0.5523356994628906, [(1 8 21)-(15 31 14)-(15 52 3)]
0.714, 0.5525317260742187, [(10 53 22)-(14 28 27)-(14 62 27)]
0.714, 0.5525317138671875, [(8 60 31)-(1 18 4)-(1 40 11)]
0.7141, 0.5526096313476563, [(10 21 2)-(15 58 19)-(2 9 17)]
0.7039, 0.543087905883789, [(5 62 12)-(2 25 24)-(0 60 6)]
0.714, 0.552533950805664, [(0 57 16)-(5 20 17)-(15 40 17)]
0.714, 0.5525317260742187, [(4 35 11)-(14 19 0)-(9 46 24)]
0.6848, 0.5280288467407227, [(7 20 31)-(11 16 0)-(1 57 30)]
0.714, 0.5525330841064453, [(14 45 23)-(10 18 15)-(15 32 21)]
0.1251, 0.0, [(11 53 25)-(10 20 30)-(10 16 15)]
0.714, 0.5525317138671875, [(9 59 14)-(14 55 26)-(11 44 1)]
0.714, 0.5525306701660155, [(2 7 13)-(2 36 19)-(13 9 14)]
0.714, 0.5525769134521484, [(0 16 21)-(7 31 0)-(10 63 23)]
0.714, 0.5525317230224609, [(5 10 27)-(12 54 29)-(15 61 11)]
0.7141, 0.552541813659668, [(10 5 22)-(10 35 15)-(8 7 29)]
0.714, 0.5525317321777343, [(5 18 27)-(3 54 26)-(11 61 25)]
0.714, 0.5525317260742187, [(4 34 21)-(1 3 1)-(15 13 16)]
0.714, 0.5525317260742187, [(2 59 15)-(1 57 27)-(1 56 1)]
0.714, 0.5525317321777343, [(3 21 2)-(10 24 3)-(12 58 14)]
0.714, 0.5525317352294922, [(4 51 10)-(10 12 7)-(8 50 30)]
0.714, 0.5525317230224609, [(11 50 7)-(12 57 6)-(14 35 19)]
0.714, 0.5525317230224609, [(8 33 4)-(15 63 31)-(15 42 14)]
0.7110000000000001, 0.5519380187988281, [(3 10 26)-(13 2 4)-(2 11 16)]
0.714, 0.5525317169189453, [(14 15 27)-(9 58 14)-(4 37 17)]
0.0973, 1.0, [(0 8 30)-(3 61 26)-(5 53 0)]
0.714, 0.5525317321777343, [(13 49 18)-(14 6 21)-(1 18 6)]
0.7139, 0.5525181915283204, [(12 24 18)-(2 42 0)-(1 12 20)]
0.714, 0.5525317321777343, [(4 33 27)-(15 62 26)-(13 63 30)]
0.714, 0.5525407043457031, [(3 30 5)-(0 23 16)-(10 34 9)]
0.714, 0.5525317321777343, [(4 48 23)-(15 44 11)-(9 8 4)]
0.714, 0.5525317169189453, [(11 62 13)-(4 13 3)-(13 31 20)]
0.7054, 0.5475516693115234, [(0 27 25)-(2 30 2)-(11 6 3)]
0.714, 0.5525327880859374, [(4 0 8)-(7 48 17)-(9 62 9)]
0.714, 0.5525318084716797, [(6 15 11)-(6 52 6)-(11 14 29)]
0.714, 0.5525332077026367, [(2 27 10)-(1 3 11)-(14 13 19)]
0.7141, 0.5525307312011718, [(10 13 20)-(15 61 7)-(11 20 14)]
0.714, 0.5525317230224609, [(7 55 2)-(15 3 17)-(14 37 31)]
0.714, 0.5525317276000976, [(5 17 4)-(2 59 23)-(7 53 20)]
0.7141, 0.5525646697998047, [(7 63 24)-(15 1 18)-(13 33 0)]
0.714, 0.5525317230224609, [(1 51 1)-(8 45 6)-(4 46 4)]
0.7139, 0.5525430511474609, [(6 28 18)-(4 13 12)-(3 17 4)]
0.714, 0.5525317230224609, [(3 35 22)-(12 39 14)-(0 30 23)]
0.714, 0.5525318084716797, [(12 39 14)-(6 4 29)-(5 16 11)]
0.714, 0.5525318389892577, [(7 47 18)-(1 1 7)-(2 42 7)]
0.7112, 0.5520925781249999, [(1 35 26)-(1 1 21)-(14 40 29)]
0.7135, 0.5524370819091797, [(9 41 22)-(8 2 18)-(2 5 0)]
0.5606, 0.5328126586914063, [(5 37 16)-(10 11 25)-(4 58 17)]
0.714, 0.5525317352294922, [(2 60 20)-(5 52 19)-(1 21 29)]
0.714, 0.5525317321777343, [(10 24 2)-(10 32 0)-(13 22 10)]
0.714, 0.5525317321777343, [(13 8 21)-(9 6 28)-(6 33 14)]
0.7139, 0.5524185516357422, [(14 20 6)-(5 47 3)-(4 8 21)]
0.714, 0.5525313842773438, [(12 46 19)-(8 13 13)-(11 46 30)]
0.714, 0.5525317260742187, [(7 56 12)-(9 56 21)-(9 2 4)]
0.714, 0.5525317260742187, [(9 54 31)-(6 56 2)-(15 60 5)]
0.714, 0.5525317260742187, [(7 34 25)-(0 50 6)-(2 18 28)]
0.714, 0.5525317352294922, [(12 62 10)-(10 18 5)-(14 5 7)]
0.714, 0.5525317321777343, [(13 7 18)-(5 54 4)-(10 24 7)]
0.714, 0.5525317291259766, [(6 60 19)-(5 13 1)-(13 18 22)]
0.714, 0.5525317199707032, [(0 10 2)-(9 33 11)-(0 45 23)]
0.7136, 0.5521455047607422, [(13 33 22)-(15 62 13)-(6 16 23)]
0.7122999999999999, 0.5520582977294922, [(1 22 25)-(5 30 16)-(7 30 29)]
0.7141, 0.5525334564208984, [(11 53 8)-(12 22 14)-(1 11 19)]
0.714, 0.5525317321777343, [(11 3 29)-(5 58 21)-(10 49 22)]
0.714, 0.552532781982422, [(5 15 15)-(3 33 6)-(15 4 22)]
0.714, 0.5525317291259766, [(6 19 4)-(15 3 0)-(6 32 17)]
0.714, 0.5525317230224609, [(14 48 29)-(3 35 18)-(13 39 21)]
0.714, 0.5525317291259766, [(4 16 5)-(9 39 10)-(8 31 2)]
0.7128, 0.5529783172607422, [(8 49 0)-(12 17 22)-(6 13 11)]
0.7139, 0.55263408203125, [(6 55 28)-(4 9 22)-(7 47 2)]
0.714, 0.5525325988769532, [(11 62 16)-(15 25 15)-(5 2 11)]
0.714, 0.5525317169189452, [(3 24 7)-(7 12 3)-(5 59 1)]
0.714, 0.5525317260742187, [(1 37 21)-(12 61 13)-(7 55 17)]
0.1125, 0.0, [(5 39 17)-(8 21 30)-(12 33 27)]
0.7136, 0.5524237854003906, [(10 50 31)-(14 56 27)-(10 18 31)]
0.714, 0.5525322692871094, [(8 50 22)-(14 53 10)-(7 2 14)]
0.714, 0.5525317260742187, [(9 50 1)-(13 62 15)-(14 58 17)]
0.714, 0.5525317230224609, [(11 21 27)-(8 44 21)-(14 26 19)]
0.714, 0.5525317260742187, [(10 5 8)-(13 18 9)-(8 8 29)]
0.714, 0.5525317291259766, [(13 50 3)-(0 47 17)-(6 49 6)]
0.714, 0.5525317291259766, [(10 34 25)-(5 55 6)-(11 31 4)]
0.714, 0.5525317291259766, [(6 51 6)-(5 37 3)-(4 44 18)]
0.714, 0.55253173828125, [(0 58 18)-(13 10 5)-(8 61 30)]
0.7137, 0.5525815093994141, [(12 30 28)-(10 42 30)-(9 15 22)]
0.714, 0.5525317291259766, [(12 49 20)-(14 46 11)-(15 4 9)]
0.714, 0.5525317138671875, [(12 56 5)-(15 57 10)-(9 48 15)]
0.714, 0.5525317260742187, [(7 41 0)-(10 42 14)-(9 48 24)]
0.714, 0.55253173828125, [(4 57 9)-(5 20 5)-(0 54 30)]
0.714, 0.5525317260742187, [(0 63 31)-(12 59 20)-(6 48 12)]
0.4315, 0.5296320343017578, [(6 0 26)-(1 43 20)-(0 49 3)]
0.714, 0.5524418579101562, [(7 47 17)-(1 46 11)-(12 16 21)]
0.7141, 0.5525238403320312, [(8 19 10)-(12 3 17)-(13 56 3)]
0.714, 0.5525343353271485, [(5 26 17)-(10 34 28)-(2 9 6)]
0.714, 0.55253173828125, [(8 33 7)-(14 54 16)-(6 54 22)]
0.714, 0.5525317276000976, [(3 48 10)-(8 56 6)-(15 3 11)]
0.714, 0.5525224670410156, [(14 5 28)-(9 10 18)-(14 49 13)]
0.7137, 0.5537545227050782, [(14 20 5)-(15 33 3)-(6 6 31)]
0.714, 0.5525317230224609, [(1 16 4)-(15 20 2)-(5 49 2)]
0.714, 0.5524952758789062, [(6 1 16)-(1 59 15)-(0 14 4)]
0.7138, 0.5526333740234375, [(13 46 14)-(9 26 20)-(3 15 26)]
0.7129000000000001, 0.5526890716552735, [(15 42 8)-(3 40 23)-(14 1 20)]
0.7138, 0.5525281219482421, [(14 32 23)-(9 56 24)-(1 27 21)]
0.714, 0.5525317169189453, [(7 54 24)-(0 15 27)-(12 31 16)]
0.714, 0.5525317230224609, [(8 45 15)-(0 29 3)-(11 30 28)]
0.714, 0.5525317169189453, [(8 50 3)-(7 8 0)-(2 32 14)]
0.714, 0.5525317230224609, [(15 54 4)-(7 60 12)-(9 58 3)]
0.7138, 0.5525371490478516, [(6 54 20)-(5 18 19)-(7 4 5)]
0.7138, 0.5525034942626953, [(1 2 19)-(4 55 29)-(12 31 23)]
0.714, 0.5525420013427734, [(1 9 16)-(14 6 15)-(15 58 29)]
0.7125999999999999, 0.5525403442382812, [(12 12 24)-(3 14 31)-(15 48 2)]
0.24780000000000002, 0.0, [(5 36 24)-(4 3 30)-(0 41 18)]
0.714, 0.5528592315673828, [(2 19 13)-(7 18 21)-(7 29 18)]
0.714, 0.5525317291259766, [(3 1 2)-(2 41 2)-(11 63 28)]
0.7136, 0.5522178131103516, [(12 9 7)-(4 16 22)-(13 36 3)]
0.7142, 0.5525346740722656, [(1 60 24)-(11 23 9)-(12 8 16)]
0.1477, 0.9648151763916015, [(4 2 9)-(8 13 30)-(11 40 21)]
0.714, 0.5525317169189452, [(13 19 7)-(6 63 20)-(13 18 24)]
0.714, 0.5525306427001953, [(0 61 19)-(9 14 5)-(4 4 13)]
0.714, 0.5525388610839843, [(14 6 3)-(4 0 11)-(15 5 21)]
0.714, 0.5525317199707032, [(0 53 10)-(3 26 27)-(4 31 31)]
0.714, 0.5525317321777343, [(3 6 2)-(15 33 5)-(5 42 5)]
0.7138, 0.5525483642578125, [(13 51 5)-(9 15 27)-(9 25 18)]
0.714, 0.5525317230224609, [(11 38 30)-(8 37 16)-(2 33 22)]
0.7053, 0.5706750396728516, [(11 36 23)-(7 0 22)-(3 10 9)]
0.7127, 0.5533018676757813, [(4 21 22)-(7 35 2)-(11 35 31)]
0.714, 0.5525317169189452, [(13 36 14)-(15 23 3)-(11 41 13)]
0.714, 0.5525318084716797, [(11 7 13)-(15 8 27)-(8 51 19)]
0.714, 0.5525317260742187, [(5 14 26)-(14 62 21)-(6 63 15)]
0.714, 0.5525368103027344, [(0 32 4)-(10 28 10)-(10 11 15)]
0.714, 0.5525359985351562, [(9 24 28)-(11 12 2)-(10 15 18)]
0.714, 0.552532632446289, [(14 24 28)-(7 28 14)-(8 21 2)]
0.714, 0.5525317245483399, [(10 43 23)-(5 51 21)-(14 6 26)]
0.1611, 0.9539478790283202, [(11 10 30)-(7 48 15)-(14 8 20)]
0.714, 0.5525317321777343, [(3 50 29)-(0 35 5)-(2 1 3)]
0.7134, 0.5522243621826173, [(6 18 23)-(0 57 30)-(2 43 27)]
0.714, 0.5525317230224609, [(15 26 10)-(14 63 16)-(5 43 15)]
0.49929999999999997, 0.6976334930419922, [(2 40 15)-(12 0 25)-(11 18 0)]
0.714, 0.5525317321777343, [(4 39 31)-(8 30 30)-(15 13 12)]
0.714, 0.5525317291259766, [(7 5 8)-(14 7 3)-(15 3 27)]
0.714, 0.5525317291259766, [(8 44 5)-(0 24 29)-(0 46 0)]
0.714, 0.5525317291259766, [(15 0 2)-(13 25 23)-(6 43 20)]
0.714, 0.5525317230224609, [(10 51 8)-(8 38 15)-(7 58 31)]
0.101, 0.9995027862548829, [(4 22 30)-(12 46 9)-(7 39 18)]
0.714, 0.5525310943603516, [(6 2 12)-(0 40 27)-(9 26 29)]
0.714, 0.5525317199707032, [(9 52 17)-(7 11 1)-(7 50 8)]
0.714, 0.5525317230224609, [(12 45 25)-(7 13 0)-(6 48 23)]
0.714, 0.5525268096923828, [(1 61 25)-(9 30 30)-(2 23 16)]
0.714, 0.5525314697265624, [(2 12 12)-(15 49 7)-(14 28 2)]
0.7132000000000001, 0.5521224822998048, [(10 43 28)-(3 37 4)-(0 24 24)]
0.714, 0.5525317230224609, [(0 52 31)-(10 54 24)-(14 52 27)]
0.714, 0.5525317260742187, [(4 52 21)-(6 38 25)-(4 58 21)]
0.714, 0.5525317199707032, [(9 45 31)-(11 31 10)-(5 3 5)]
0.714, 0.5525319427490234, [(1 39 6)-(14 0 8)-(9 62 25)]
0.7134, 0.5526633728027344, [(12 10 2)-(12 8 19)-(9 25 23)]
0.714, 0.5525317199707032, [(3 18 26)-(13 36 16)-(4 57 13)]
0.7141, 0.5525328216552734, [(1 19 18)-(9 40 29)-(4 49 8)]
0.7135, 0.5525337768554688, [(11 28 23)-(11 10 13)-(11 21 13)]
0.714, 0.5525317260742187, [(2 40 2)-(8 37 31)-(12 44 23)]
0.1349, 0.0, [(4 20 30)-(8 54 10)-(1 35 10)]
0.714, 0.5525317108154297, [(7 50 15)-(10 37 24)-(10 55 12)]
0.714, 0.5525317291259766, [(12 16 2)-(11 33 22)-(0 43 13)]
0.714, 0.5525317260742187, [(0 17 28)-(8 14 3)-(12 39 27)]
0.7082, 0.5484169494628905, [(1 8 24)-(13 9 20)-(12 43 24)]
0.714, 0.5525317230224609, [(13 29 6)-(1 25 3)-(4 19 1)]
0.7139, 0.5529177429199219, [(5 37 29)-(4 0 17)-(7 22 28)]
0.714, 0.5525148040771484, [(3 8 0)-(9 37 11)-(9 23 19)]
0.7139, 0.5522658660888672, [(9 59 19)-(6 22 22)-(12 29 23)]
0.714, 0.5525317199707032, [(12 2 8)-(2 44 18)-(6 33 30)]
0.714, 0.5525334533691406, [(5 46 15)-(7 37 21)-(2 19 11)]
0.2057, 0.6073749267578125, [(11 51 2)-(5 25 30)-(9 34 26)]
0.714, 0.5525317413330078, [(15 39 18)-(7 15 29)-(8 56 7)]
0.7124999999999999, 0.5521314453125, [(12 48 17)-(7 39 12)-(3 26 23)]
0.714, 0.5525317291259766, [(9 39 24)-(12 5 7)-(10 47 16)]
0.714, 0.5525317260742187, [(5 56 18)-(12 46 3)-(5 56 14)]
0.7006, 0.5565875946044923, [(1 2 27)-(15 47 29)-(6 14 25)]
0.25239999999999996, 0.888838314819336, [(10 52 10)-(7 19 30)-(4 14 26)]
0.714, 0.5525317352294923, [(15 37 30)-(0 46 5)-(14 39 7)]
0.7136, 0.552555630493164, [(12 44 18)-(11 9 12)-(5 15 31)]
0.714, 0.5525317550659179, [(0 17 6)-(7 62 1)-(9 44 19)]
0.714, 0.5525322875976562, [(14 62 2)-(1 45 17)-(12 1 14)]
0.7126, 0.5485524963378907, [(9 55 15)-(9 20 31)-(10 5 5)]
0.714, 0.5525317016601563, [(14 54 14)-(6 27 5)-(4 59 13)]
0.714, 0.5525317260742187, [(9 59 16)-(8 50 17)-(5 30 23)]
0.714, 0.5525317443847656, [(0 23 8)-(13 20 13)-(12 9 2)]
0.714, 0.5525335083007813, [(11 27 16)-(6 31 12)-(8 34 17)]
0.714, 0.5525317260742187, [(1 55 16)-(1 45 2)-(6 34 31)]
0.714, 0.5525317169189452, [(1 52 1)-(12 33 13)-(10 46 29)]
0.714, 0.5525364868164062, [(0 5 9)-(13 6 9)-(4 26 14)]
0.714, 0.5525317260742187, [(13 36 5)-(14 44 7)-(15 4 20)]
0.1308, 0.9557225128173829, [(6 13 23)-(11 28 24)-(1 13 30)]
0.7139, 0.5525436126708985, [(9 14 19)-(8 29 27)-(3 5 11)]
0.714, 0.5525317199707032, [(1 29 1)-(14 58 9)-(14 49 5)]
0.714, 0.5525317352294922, [(1 46 7)-(7 14 6)-(12 35 20)]
0.714, 0.5525317291259766, [(1 56 27)-(14 44 9)-(7 44 3)]
0.714, 0.5525317291259766, [(12 53 6)-(5 31 7)-(4 46 20)]
0.714, 0.5525317260742187, [(4 30 27)-(4 46 0)-(4 50 19)]
0.6608, 0.587170849609375, [(1 0 23)-(13 48 15)-(2 30 8)]
0.714, 0.5525317260742187, [(2 53 29)-(8 49 21)-(2 48 26)]
0.714, 0.5525317443847656, [(9 40 27)-(12 18 10)-(15 48 11)]
0.7142999999999999, 0.5524487091064453, [(1 4 20)-(13 17 6)-(1 60 4)]
0.714, 0.5525302520751953, [(13 16 13)-(3 4 15)-(9 37 1)]
0.714, 0.5525099227905274, [(7 33 11)-(7 16 19)-(14 29 10)]
0.714, 0.5525317321777343, [(13 44 0)-(8 51 6)-(3 34 0)]
0.714, 0.5525315765380859, [(6 22 5)-(10 29 16)-(3 59 4)]
0.714, 0.5525317352294923, [(15 43 16)-(7 53 4)-(10 46 12)]
0.714, 0.5525317352294922, [(0 30 0)-(15 47 18)-(14 39 29)]
0.7131000000000001, 0.5527748077392578, [(14 40 28)-(8 21 23)-(6 18 9)]
0.714, 0.5525317260742187, [(1 48 3)-(6 23 2)-(4 19 26)]
0.714, 0.55253173828125, [(10 1 4)-(13 52 10)-(2 27 1)]
0.714, 0.5525319702148437, [(10 2 27)-(7 32 3)-(6 19 11)]
0.714, 0.5525325744628906, [(6 18 6)-(7 16 13)-(7 37 24)]
0.7115, 0.5514129913330078, [(10 32 13)-(10 2 15)-(5 5 23)]
0.6973, 0.5525130584716798, [(5 21 20)-(1 13 12)-(8 23 24)]
0.714, 0.552529296875, [(8 41 0)-(6 8 13)-(7 55 22)]
0.714, 0.5525317260742187, [(1 56 18)-(5 63 4)-(6 41 29)]
0.714, 0.5525334869384766, [(6 14 12)-(6 4 7)-(9 60 31)]
0.714, 0.5525317321777343, [(3 32 12)-(1 22 6)-(10 43 6)]
0.714, 0.5525317138671875, [(2 19 26)-(2 17 8)-(12 12 10)]
0.714, 0.5525321990966796, [(12 45 28)-(3 13 11)-(3 11 15)]
0.7138, 0.5520554443359375, [(4 59 13)-(5 16 21)-(0 11 21)]
0.7139, 0.552464208984375, [(3 57 1)-(4 17 19)-(14 58 6)]
0.6958, 0.5393451812744141, [(8 3 24)-(1 11 9)-(2 50 17)]
0.714, 0.5525329986572265, [(5 27 9)-(10 0 9)-(0 36 11)]
0.714, 0.5525317291259766, [(8 57 29)-(13 44 26)-(1 62 10)]
0.7117, 0.5512853759765626, [(1 35 18)-(11 34 2)-(8 12 26)]
0.7131000000000001, 0.5509806838989257, [(1 57 18)-(7 3 19)-(4 3 31)]
0.714, 0.5525317138671875, [(15 27 10)-(13 25 26)-(8 37 10)]
0.6903, 0.5515671569824219, [(15 46 5)-(0 58 30)-(9 12 25)]
0.714, 0.5525317291259766, [(9 50 20)-(3 34 4)-(7 17 3)]
0.7138, 0.5525274383544921, [(6 43 24)-(6 24 23)-(15 61 2)]
0.714, 0.5525317260742187, [(7 56 9)-(14 8 31)-(1 54 21)]
0.714, 0.5525194274902344, [(10 42 10)-(4 19 20)-(12 42 17)]
0.7134, 0.5525520355224609, [(13 48 8)-(3 15 9)-(5 17 18)]
0.714, 0.5525317260742187, [(14 48 22)-(12 35 8)-(3 60 9)]
0.7142999999999999, 0.5523825378417968, [(0 20 21)-(12 30 22)-(15 6 29)]
0.714, 0.5519306518554687, [(12 54 19)-(8 36 18)-(2 2 19)]
0.714, 0.5525317352294922, [(2 39 19)-(4 60 25)-(13 10 10)]
0.714, 0.5525317291259766, [(2 43 12)-(11 37 12)-(10 49 25)]
0.714, 0.5525372741699219, [(4 55 31)-(1 13 19)-(4 50 29)]
0.714, 0.5525317840576172, [(4 28 9)-(5 56 5)-(4 40 19)]
0.714, 0.5525317169189452, [(11 51 18)-(7 61 22)-(7 45 26)]
0.714, 0.5525524505615235, [(3 20 4)-(2 14 16)-(13 18 31)]
0.714, 0.5525317199707032, [(2 50 0)-(12 29 5)-(5 50 17)]
0.714, 0.5525305938720704, [(3 24 17)-(7 60 27)-(5 44 15)]
0.714, 0.5525317230224609, [(4 53 22)-(9 60 3)-(11 11 6)]
0.7141, 0.5525340087890624, [(14 57 13)-(13 53 17)-(10 14 15)]
0.714, 0.5525317321777343, [(0 41 11)-(6 61 16)-(1 60 15)]
0.7142999999999999, 0.5524513214111328, [(11 10 20)-(2 59 1)-(2 48 23)]
0.7139, 0.5526525512695313, [(15 32 15)-(5 24 17)-(12 4 19)]
0.7136, 0.5525745971679688, [(11 37 28)-(1 14 16)-(8 8 20)]
0.7141, 0.5524918701171875, [(5 33 10)-(10 18 3)-(12 5 18)]
0.714, 0.5525317230224609, [(1 43 31)-(8 36 5)-(13 15 12)]
0.714, 0.55257353515625, [(7 18 18)-(14 29 4)-(14 22 5)]
0.714, 0.5525263946533203, [(12 5 15)-(12 62 6)-(0 41 6)]
0.714, 0.5525317260742187, [(13 19 23)-(2 39 8)-(14 61 18)]
0.714, 0.5525317230224609, [(7 59 10)-(5 48 14)-(3 44 19)]
0.7141, 0.5525813659667969, [(2 26 18)-(6 17 29)-(7 59 29)]
0.714, 0.5525317352294922, [(14 41 30)-(15 34 3)-(5 61 25)]
0.5145, 0.4786332534790039, [(12 4 9)-(6 14 19)-(0 2 25)]
0.7129000000000001, 0.5495220794677734, [(4 15 31)-(15 58 10)-(13 9 2)]
0.7139, 0.5525437377929687, [(11 8 19)-(8 49 10)-(3 28 3)]
0.714, 0.5525317352294922, [(2 30 11)-(9 63 1)-(12 25 2)]
0.714, 0.5525317413330078, [(12 54 14)-(4 12 8)-(2 49 18)]
0.714, 0.5525317321777343, [(8 29 28)-(12 49 17)-(1 62 12)]
0.7126, 0.5555832794189453, [(0 14 31)-(13 63 31)-(8 37 1)]
0.714, 0.5525317321777343, [(8 25 3)-(7 14 10)-(2 36 31)]
0.714, 0.5525325317382812, [(3 63 3)-(3 57 14)-(9 20 13)]
0.714, 0.55253173828125, [(0 22 6)-(14 36 28)-(6 21 8)]
0.714, 0.5525317260742187, [(3 29 27)-(9 52 9)-(13 14 31)]
0.714, 0.5525317199707032, [(1 47 25)-(8 38 2)-(2 57 10)]
0.714, 0.5525317260742187, [(5 14 7)-(9 43 29)-(15 19 8)]
0.714, 0.5526167694091797, [(0 11 19)-(7 54 28)-(8 41 1)]
0.714, 0.5525317291259766, [(6 40 20)-(10 38 15)-(1 7 9)]
0.714, 0.5525317291259766, [(10 50 4)-(6 19 5)-(9 3 6)]
0.714, 0.5525315185546875, [(9 21 13)-(7 43 4)-(9 17 6)]
0.714, 0.5525317260742187, [(0 52 31)-(0 18 3)-(0 40 31)]
0.6895, 0.5319071640014648, [(6 3 22)-(7 46 2)-(9 9 30)]
0.714, 0.5525317169189453, [(8 45 5)-(2 15 1)-(13 30 13)]
0.6748000000000001, 0.6174611724853516, [(12 2 26)-(13 48 7)-(5 0 23)]
0.7134, 0.5531929138183593, [(14 50 10)-(8 20 0)-(0 27 22)]
0.714, 0.5525317291259766, [(11 33 17)-(11 59 30)-(10 36 2)]
0.714, 0.5525317230224609, [(0 35 12)-(11 43 4)-(8 26 27)]
0.714, 0.5525297973632812, [(0 28 15)-(8 59 29)-(2 36 1)]
0.714, 0.55253193359375, [(11 2 9)-(14 52 10)-(5 20 6)]
0.714, 0.5525317260742187, [(15 17 15)-(15 23 27)-(10 21 0)]
0.714, 0.5525317245483399, [(12 58 8)-(0 41 7)-(4 37 6)]
0.714, 0.5525317352294923, [(9 1 27)-(7 38 8)-(14 63 27)]
0.714, 0.5525317230224609, [(10 30 30)-(9 20 2)-(13 16 3)]
0.714, 0.5525317230224609, [(11 56 20)-(15 22 14)-(13 34 17)]
0.714, 0.5525524200439453, [(4 52 17)-(11 0 13)-(5 13 12)]
0.714, 0.5525332733154297, [(11 16 10)-(6 21 6)-(6 13 15)]
0.714, 0.5525316101074218, [(13 41 3)-(8 24 9)-(5 8 13)]
0.714, 0.5525317169189453, [(13 59 14)-(14 42 31)-(1 29 28)]
0.714, 0.5525325317382812, [(15 43 14)-(10 59 21)-(5 3 16)]
0.7046, 0.5531835144042969, [(0 11 31)-(4 60 5)-(5 49 27)]
0.7115, 0.5536970886230469, [(5 27 21)-(13 32 0)-(14 35 31)]
0.714, 0.5525317321777343, [(5 11 7)-(4 47 16)-(6 30 24)]
0.714, 0.55253173828125, [(15 35 23)-(13 49 14)-(12 36 23)]
0.7137, 0.5525760009765626, [(8 5 20)-(9 45 25)-(13 61 3)]
0.714, 0.5525317169189453, [(8 38 22)-(7 36 27)-(1 51 28)]
0.714, 0.5525317199707032, [(15 27 3)-(8 43 15)-(14 53 6)]
0.714, 0.5525317230224609, [(1 59 30)-(6 58 20)-(7 1 28)]
0.714, 0.5525317260742187, [(0 38 17)-(7 41 0)-(0 44 28)]
0.7127, 0.5543301513671876, [(0 26 4)-(7 39 8)-(6 23 23)]
0.714, 0.5525317657470703, [(3 52 23)-(5 37 31)-(9 12 16)]
0.714, 0.5525318298339843, [(7 41 4)-(12 19 9)-(8 23 5)]
0.714, 0.5525354675292968, [(11 2 12)-(13 57 14)-(10 46 30)]
0.7066, 0.5459577087402343, [(9 9 25)-(12 45 31)-(7 53 19)]
0.714, 0.5525317169189453, [(12 41 26)-(5 30 12)-(13 5 19)]
0.1056, 0.9956923522949219, [(7 4 24)-(8 12 30)-(3 44 31)]
0.714, 0.5525317230224609, [(6 54 18)-(11 53 5)-(7 60 31)]
0.714, 0.5525371154785157, [(8 5 0)-(7 3 18)-(13 5 6)]
0.714, 0.5525317230224609, [(4 41 20)-(13 24 8)-(7 23 28)]
0.7137, 0.5526235137939453, [(15 9 13)-(2 0 16)-(13 26 31)]
0.12090000000000001, 0.0, [(3 52 0)-(11 7 30)-(0 1 16)]
0.714, 0.5525276702880859, [(5 20 19)-(5 61 13)-(8 58 29)]
0.714, 0.5525317199707032, [(3 49 10)-(2 59 20)-(6 48 25)]
0.7116, 0.5545221405029297, [(15 30 11)-(2 52 20)-(4 2 23)]
0.714, 0.5525316162109375, [(3 17 14)-(2 52 29)-(12 52 1)]
0.7021999999999999, 0.5435211990356446, [(12 1 26)-(14 35 25)-(15 43 17)]
0.7137, 0.5525870788574219, [(12 17 19)-(9 35 4)-(6 39 31)]
0.714, 0.5525319885253905, [(8 18 6)-(11 31 28)-(7 17 13)]
0.714, 0.5525317230224609, [(10 26 5)-(4 51 1)-(9 57 23)]
0.714, 0.5526977935791015, [(12 37 26)-(6 25 7)-(7 19 22)]
0.714, 0.5525317291259766, [(1 62 20)-(3 11 7)-(4 13 10)]
0.714, 0.55253173828125, [(6 43 23)-(4 60 31)-(2 37 8)]
0.714, 0.5525317321777343, [(10 15 5)-(12 35 3)-(15 63 1)]
0.714, 0.55253173828125, [(7 42 17)-(5 40 25)-(5 46 17)]
0.7128, 0.5542774230957032, [(10 5 5)-(2 58 1)-(0 4 31)]
0.714, 0.5525348052978516, [(9 18 16)-(6 63 26)-(4 52 6)]
0.714, 0.5525320007324219, [(10 24 18)-(8 10 1)-(15 3 16)]
0.714, 0.5525316650390626, [(1 29 14)-(1 48 13)-(13 23 7)]
0.714, 0.552531704711914, [(8 51 24)-(11 10 8)-(14 13 21)]
0.714, 0.5525317474365234, [(0 37 12)-(10 21 1)-(0 6 8)]
0.7137, 0.5525376007080078, [(5 24 10)-(10 12 21)-(10 50 21)]
0.7121999999999999, 0.5496008056640624, [(8 10 24)-(13 61 8)-(6 19 27)]
0.714, 0.5525317260742187, [(6 34 6)-(11 47 4)-(13 47 3)]
0.714, 0.5525317230224609, [(3 45 9)-(0 18 2)-(9 18 29)]
0.714, 0.5525317199707032, [(9 52 14)-(15 43 8)-(3 58 8)]
0.714, 0.5525317169189452, [(6 61 6)-(9 61 14)-(3 28 7)]
0.6989000000000001, 0.5537082733154297, [(0 1 26)-(8 28 24)-(9 49 6)]
0.714, 0.5525327972412108, [(0 55 22)-(4 0 8)-(9 38 19)]
0.714, 0.5525317352294922, [(4 42 4)-(10 57 19)-(5 49 30)]
0.714, 0.5525317169189453, [(8 61 20)-(15 49 1)-(15 9 9)]
0.714, 0.5525317260742187, [(6 12 29)-(12 20 8)-(1 31 0)]
0.714, 0.5525312225341796, [(9 39 4)-(0 49 13)-(9 29 16)]
0.7136, 0.5526155181884765, [(3 47 14)-(5 24 1)-(8 28 20)]
0.1, 0.0, [(4 3 26)-(5 27 30)-(11 13 19)]
0.7142, 0.5524384979248047, [(13 20 14)-(11 13 21)-(10 44 30)]
0.714, 0.5525317932128906, [(15 54 1)-(11 27 11)-(4 51 9)]
0.714, 0.5525311981201171, [(10 63 26)-(1 32 14)-(1 18 13)]
0.7085, 0.5495357421875, [(10 19 31)-(15 5 20)-(2 16 28)]
0.7132000000000001, 0.5533268508911133, [(6 36 31)-(5 14 11)-(10 3 22)]
0.714, 0.5525317169189452, [(7 57 19)-(1 50 19)-(13 22 29)]
0.714, 0.5525317108154297, [(4 62 15)-(1 37 4)-(9 24 7)]
0.714, 0.5525317169189453, [(7 29 29)-(4 61 15)-(3 32 1)]
0.7083999999999999, 0.5533358520507813, [(7 19 25)-(14 22 25)-(1 14 6)]
0.714, 0.5525317199707032, [(12 53 22)-(15 53 20)-(15 58 16)]
0.714, 0.5525816589355468, [(0 27 18)-(10 18 13)-(15 43 22)]
0.714, 0.5525317291259766, [(12 63 25)-(14 22 12)-(11 10 2)]
0.714, 0.5525317474365234, [(7 21 11)-(2 20 2)-(14 3 29)]
0.714, 0.5525317291259766, [(0 53 20)-(8 54 18)-(11 59 7)]
0.7139, 0.5525369354248046, [(9 26 16)-(7 25 7)-(11 24 29)]
0.689, 0.5387752868652345, [(7 44 10)-(0 53 17)-(7 6 26)]
0.7098, 0.5510843566894531, [(4 51 2)-(6 20 23)-(10 12 3)]
0.714, 0.5525318389892577, [(8 14 12)-(14 32 13)-(10 44 4)]
0.714, 0.5525317077636719, [(14 32 19)-(2 12 7)-(6 40 30)]
0.714, 0.5525314025878906, [(0 3 9)-(12 61 6)-(12 48 20)]
0.7049000000000001, 0.5434691375732422, [(8 11 31)-(0 48 21)-(10 48 26)]
0.4798, 0.5291394546508789, [(3 0 12)-(8 8 7)-(11 2 31)]
0.714, 0.5525317138671875, [(10 36 0)-(9 42 21)-(4 54 19)]
0.7142999999999999, 0.5525306427001953, [(9 58 6)-(11 17 20)-(1 36 16)]
0.7143999999999999, 0.5523964965820313, [(12 38 4)-(11 22 23)-(4 56 3)]
0.7135, 0.5525050231933594, [(15 20 20)-(7 6 20)-(4 43 11)]
0.7123999999999999, 0.5568569976806641, [(6 9 25)-(15 32 29)-(12 41 23)]
0.714, 0.5525318298339844, [(13 48 25)-(6 37 25)-(4 26 8)]
0.38339999999999996, 0.573827001953125, [(10 52 30)-(1 51 29)-(5 27 24)]
0.7117, 0.5513923858642578, [(0 1 23)-(7 52 14)-(2 54 19)]
0.7141, 0.5525247192382813, [(1 50 3)-(3 12 20)-(6 54 15)]
0.7137, 0.5524190002441407, [(8 22 22)-(12 10 11)-(5 57 20)]
0.6507000000000001, 0.5628740264892578, [(5 45 1)-(4 15 25)-(7 38 15)]
0.714, 0.5525313018798828, [(3 42 0)-(9 8 15)-(1 48 11)]
0.5025999999999999, 0.483625715637207, [(12 34 17)-(3 1 24)-(8 62 4)]
0.6988, 0.5385251831054687, [(0 33 19)-(4 26 31)-(3 16 19)]
0.714, 0.5525323791503907, [(11 30 6)-(10 0 8)-(15 40 6)]
0.714, 0.5525317230224609, [(2 58 6)-(0 2 2)-(12 63 21)]
0.714, 0.5525317138671875, [(2 44 21)-(15 14 28)-(15 34 26)]
0.714, 0.5525371917724609, [(2 34 3)-(8 46 27)-(0 25 16)]
0.714, 0.5525317230224609, [(14 46 8)-(5 57 7)-(15 4 30)]
0.714, 0.5525316253662109, [(9 9 12)-(11 58 16)-(12 31 7)]
0.7152, 0.5496195312500001, [(0 26 26)-(2 13 13)-(0 34 12)]
0.714, 0.5525317840576172, [(5 28 10)-(13 30 12)-(9 63 29)]
0.714, 0.5525308227539063, [(13 51 22)-(1 21 16)-(8 50 27)]
0.714, 0.5525317413330078, [(14 54 10)-(13 60 11)-(11 7 11)]
0.7139, 0.5524833679199219, [(6 29 22)-(8 6 17)-(3 19 4)]
0.7081, 0.54971669921875, [(5 4 23)-(11 27 31)-(12 1 22)]
0.714, 0.5525317352294923, [(3 49 18)-(0 31 20)-(13 43 30)]
0.714, 0.5525317169189453, [(12 3 29)-(15 17 11)-(10 48 1)]
0.714, 0.5525317169189453, [(1 49 19)-(6 40 8)-(3 30 22)]
0.714, 0.5525370910644531, [(14 48 26)-(14 1 13)-(15 14 3)]
0.714, 0.55253173828125, [(10 45 20)-(14 29 12)-(0 5 27)]
0.714, 0.5525317413330078, [(9 60 23)-(6 40 21)-(8 55 25)]
0.714, 0.5525317169189453, [(10 49 14)-(14 28 22)-(7 24 29)]
0.7133, 0.5525489685058593, [(12 56 1)-(7 22 22)-(3 11 18)]
0.714, 0.5525317352294922, [(15 40 9)-(6 48 0)-(6 41 5)]
0.6785000000000001, 0.5293694763183594, [(2 61 9)-(8 7 14)-(5 6 31)]
0.714, 0.5525317291259766, [(0 60 0)-(6 52 31)-(6 28 28)]
0.714, 0.5525317565917969, [(5 59 12)-(13 5 16)-(10 7 11)]
0.714, 0.5525317230224609, [(3 32 22)-(1 47 29)-(6 57 7)]
0.7131000000000001, 0.5534884368896484, [(12 19 22)-(1 43 4)-(6 13 6)]
0.714, 0.5525317413330078, [(5 39 31)-(7 33 17)-(9 32 19)]
0.714, 0.55253173828125, [(11 16 9)-(6 7 29)-(14 16 8)]
0.7113, 0.5431766845703125, [(2 26 31)-(9 35 9)-(15 12 2)]
0.714, 0.5525317230224609, [(6 38 28)-(9 50 11)-(4 27 26)]
0.10089999999999999, 0.0, [(8 56 2)-(6 56 14)-(6 28 30)]
0.714, 0.5525317230224609, [(7 20 0)-(6 32 25)-(8 1 3)]
0.714, 0.5525317138671875, [(13 22 11)-(2 60 13)-(15 60 29)]
0.7118, 0.5496749877929688, [(8 43 16)-(7 31 17)-(2 29 25)]
0.714, 0.5525318634033203, [(12 19 8)-(6 49 8)-(0 20 12)]
0.714, 0.55253173828125, [(9 13 6)-(13 24 12)-(12 38 14)]
0.714, 0.5525317352294922, [(13 13 13)-(12 58 18)-(0 44 22)]
0.714, 0.5525317199707032, [(9 46 12)-(1 30 18)-(2 12 2)]
0.7129, 0.5527674407958985, [(0 21 5)-(12 40 15)-(12 12 23)]
0.714, 0.5525317230224609, [(5 2 0)-(9 43 21)-(14 17 23)]
0.7114, 0.5514210357666016, [(6 45 31)-(8 24 17)-(1 16 24)]
0.7143999999999999, 0.5525471130371093, [(8 2 20)-(6 23 15)-(1 48 13)]
0.12619999999999998, 0.0, [(7 11 30)-(15 14 0)-(1 21 23)]
0.706, 0.5395982788085938, [(2 12 24)-(15 37 16)-(5 9 2)]
0.7142999999999999, 0.5526322448730469, [(9 4 26)-(14 57 19)-(9 33 1)]
0.714, 0.5525310852050781, [(6 25 14)-(5 16 28)-(10 31 13)]
0.714, 0.5525590698242188, [(11 53 6)-(3 3 19)-(7 48 28)]
0.714, 0.5525317352294922, [(11 1 4)-(7 29 7)-(6 37 12)]
0.714, 0.5525207427978516, [(2 25 15)-(0 11 11)-(11 46 9)]
0.714, 0.5525317779541016, [(5 53 17)-(1 35 22)-(3 11 10)]
0.6787000000000001, 0.5573449310302734, [(4 8 25)-(1 52 16)-(9 0 3)]
0.7136, 0.5527759399414063, [(8 41 9)-(6 25 11)-(10 22 23)]
0.714, 0.5525418304443359, [(4 55 26)-(6 0 11)-(12 62 5)]
0.7139, 0.5526103179931641, [(8 32 9)-(7 20 17)-(4 11 19)]
0.4315, 0.5296320236206055, [(1 44 7)-(6 0 26)-(14 8 15)]
0.712, 0.5530829498291016, [(13 15 29)-(12 18 31)-(10 39 9)]
0.714, 0.5525317321777343, [(7 42 6)-(6 33 0)-(11 45 25)]
0.714, 0.552531903076172, [(5 22 14)-(4 25 31)-(14 54 16)]
0.714, 0.5525317260742187, [(13 37 29)-(2 34 28)-(11 63 28)]
0.714, 0.5525317321777343, [(0 54 22)-(9 59 21)-(14 24 13)]
0.714, 0.5525317108154297, [(7 33 25)-(4 53 3)-(12 34 6)]
0.714, 0.5525314849853515, [(4 6 13)-(14 39 26)-(7 13 4)]
0.714, 0.5525317352294923, [(14 50 24)-(14 36 17)-(1 51 25)]
0.714, 0.5525514923095702, [(2 17 16)-(6 12 17)-(9 60 30)]
0.714, 0.5525302459716797, [(3 63 13)-(6 3 13)-(1 39 25)]
0.714, 0.5525317199707032, [(1 1 1)-(8 49 13)-(9 14 3)]
0.6666000000000001, 0.5230737808227539, [(12 8 31)-(3 14 14)-(10 60 6)]
0.714, 0.5525317169189452, [(0 27 10)-(9 49 28)-(10 36 14)]
0.714, 0.5525339416503907, [(4 26 6)-(14 50 6)-(12 19 13)]
0.7139, 0.5525461212158203, [(12 20 18)-(13 37 30)-(8 50 31)]
0.714, 0.5525317413330078, [(10 46 3)-(1 53 27)-(0 17 5)]
0.714, 0.5525318603515625, [(4 40 18)-(9 7 10)-(3 7 12)]
0.714, 0.5527395935058594, [(2 21 18)-(7 46 22)-(5 25 8)]
0.714, 0.5525317230224609, [(13 45 22)-(15 54 15)-(0 52 14)]
0.714, 0.5525317199707032, [(13 41 25)-(7 8 28)-(11 45 31)]
0.714, 0.5525317260742187, [(1 10 1)-(8 36 1)-(5 4 2)]
0.714, 0.5525317901611329, [(13 63 5)-(13 58 2)-(5 28 10)]
0.714, 0.5525317291259766, [(1 35 10)-(14 56 16)-(0 32 10)]
0.673, 0.571331137084961, [(9 46 25)-(9 8 27)-(14 0 24)]
0.714, 0.5525317321777343, [(1 20 6)-(0 44 24)-(2 35 26)]
0.714, 0.5525317169189452, [(12 36 30)-(4 56 4)-(8 30 14)]
0.714, 0.5525321563720703, [(12 50 2)-(9 1 10)-(5 10 27)]
0.714, 0.5525317291259766, [(14 61 23)-(2 10 9)-(13 15 4)]
0.714, 0.5525316986083985, [(8 10 8)-(15 29 17)-(4 33 22)]
0.714, 0.5525317138671875, [(6 57 25)-(4 10 28)-(9 14 28)]
0.7141, 0.5525436248779296, [(11 43 12)-(5 1 17)-(10 5 20)]
0.7135, 0.5525540252685547, [(12 59 15)-(4 9 3)-(12 23 18)]
0.714, 0.5525317230224609, [(2 48 28)-(0 18 29)-(4 35 10)]
0.714, 0.5525317291259766, [(12 52 22)-(10 61 25)-(12 41 7)]
0.7139, 0.5524442687988281, [(6 9 19)-(8 43 26)-(4 27 7)]
0.0977, 0.0, [(2 2 1)-(11 8 30)-(11 52 31)]
0.714, 0.5525317352294922, [(4 53 7)-(6 12 6)-(10 5 6)]
0.714, 0.5525317321777343, [(11 43 23)-(7 33 17)-(8 9 4)]
0.714, 0.5525317260742187, [(5 18 29)-(15 11 28)-(8 51 5)]
0.714, 0.5525314483642578, [(3 4 14)-(12 62 2)-(6 54 0)]
0.5177, 0.5914558898925781, [(14 2 17)-(15 0 26)-(6 22 4)]
0.7136, 0.5530216003417969, [(3 22 29)-(15 55 21)-(9 18 22)]
0.714, 0.5525316986083985, [(6 4 8)-(9 39 8)-(5 36 15)]
0.714, 0.5525317779541016, [(14 8 3)-(9 28 10)-(14 49 14)]
0.714, 0.5525287902832031, [(15 24 27)-(3 59 17)-(2 20 17)]
0.714, 0.5525316497802735, [(10 17 10)-(6 45 22)-(1 56 18)]
0.714, 0.5525317169189453, [(12 27 5)-(12 56 27)-(12 13 4)]
0.714, 0.5525317230224609, [(15 44 25)-(0 7 12)-(14 8 10)]
0.714, 0.5525317260742187, [(15 56 24)-(0 27 26)-(8 46 19)]
0.714, 0.5525317260742187, [(2 56 3)-(2 32 7)-(12 9 4)]
0.714, 0.5525317230224609, [(3 38 24)-(6 57 3)-(10 50 28)]
0.714, 0.5525317230224609, [(15 24 6)-(12 47 21)-(14 21 3)]
0.714, 0.552529165649414, [(11 34 12)-(8 14 8)-(8 8 16)]
0.1001, 0.0, [(5 37 15)-(3 2 30)-(3 5 2)]
0.715, 0.5527663909912108, [(10 3 3)-(11 15 23)-(14 30 5)]
0.714, 0.5525317321777343, [(1 45 5)-(8 50 7)-(4 34 7)]
0.714, 0.5525317230224609, [(7 38 16)-(3 44 28)-(6 49 18)]
0.3281, 0.8160293121337892, [(1 30 0)-(2 13 30)-(15 20 11)]
0.7133, 0.5529356140136719, [(12 63 16)-(13 5 30)-(0 6 22)]
0.7139, 0.5525337799072265, [(9 44 5)-(13 56 6)-(4 27 19)]
0.714, 0.5525317169189453, [(12 61 20)-(4 38 27)-(2 2 5)]
0.7132000000000001, 0.5526266326904297, [(7 46 9)-(15 57 6)-(5 22 24)]
0.714, 0.5525317474365234, [(1 5 11)-(4 47 30)-(3 37 2)]
0.7057, 0.5483675170898438, [(4 33 5)-(5 21 31)-(9 42 26)]
0.714, 0.5525317230224609, [(8 36 18)-(5 19 28)-(10 57 31)]
0.714, 0.5525304870605469, [(8 44 12)-(4 43 23)-(10 29 18)]
0.714, 0.5525317230224609, [(5 51 7)-(5 51 25)-(10 46 1)]
0.714, 0.5525317413330078, [(8 61 18)-(15 63 18)-(11 28 10)]
0.714, 0.5525320495605468, [(14 20 21)-(14 19 26)-(8 11 12)]
0.6034999999999999, 0.5402077377319336, [(11 26 24)-(5 41 7)-(0 42 13)]
0.714, 0.5525317199707032, [(2 63 1)-(6 57 15)-(13 16 21)]
0.7054, 0.5706809204101563, [(7 0 22)-(5 62 18)-(13 2 14)]
0.714, 0.552531704711914, [(9 58 20)-(3 20 9)-(8 46 24)]
0.714, 0.5525317321777343, [(9 49 8)-(0 19 27)-(6 29 10)]
0.714, 0.5525332077026368, [(1 25 16)-(8 55 17)-(15 59 12)]
0.714, 0.5525317199707032, [(9 33 1)-(14 3 28)-(15 44 14)]
0.714, 0.5525317138671875, [(15 56 1)-(13 44 2)-(10 56 8)]
0.714, 0.5525307861328126, [(9 26 0)-(1 28 14)-(6 14 2)]
0.714, 0.5525319061279297, [(10 37 30)-(2 27 8)-(0 2 1)]
0.714, 0.5525317199707032, [(12 46 19)-(14 19 30)-(13 23 14)]
0.7126, 0.5526266662597656, [(13 5 27)-(1 15 10)-(5 20 31)]
0.714, 0.5525317199707032, [(4 31 5)-(6 58 2)-(12 25 6)]
0.714, 0.5525233932495117, [(14 51 13)-(7 23 19)-(8 47 16)]
0.714, 0.5525268890380859, [(2 5 15)-(3 52 30)-(1 11 26)]
0.714, 0.5525317260742187, [(13 26 30)-(11 57 7)-(2 45 25)]
0.714, 0.5525317291259766, [(4 45 1)-(1 63 5)-(12 60 7)]
0.714, 0.5525317352294923, [(14 49 20)-(14 2 5)-(12 49 29)]
0.714, 0.5525316223144532, [(15 7 3)-(0 42 22)-(3 17 11)]
0.714, 0.5525317138671875, [(15 28 23)-(3 14 7)-(15 53 5)]
0.714, 0.5525317321777343, [(7 59 8)-(4 51 22)-(14 56 19)]
0.714, 0.5525359924316406, [(11 23 9)-(2 39 14)-(10 15 18)]
0.714, 0.5525317321777343, [(14 28 19)-(7 9 1)-(1 46 10)]
0.714, 0.5525317291259766, [(15 58 31)-(0 46 17)-(13 49 2)]
0.714, 0.5525317230224609, [(11 51 14)-(5 60 26)-(4 33 5)]
0.7137, 0.5524835052490235, [(11 30 29)-(10 17 19)-(1 28 0)]
0.714, 0.5525317199707032, [(2 23 7)-(5 48 12)-(7 54 17)]
0.7139, 0.5525468627929688, [(15 40 12)-(1 16 20)-(10 40 21)]
0.7136, 0.5526467620849609, [(14 25 15)-(5 54 18)-(10 26 22)]
0.3447, 0.8230107116699219, [(3 40 12)-(2 11 25)-(5 0 25)]
0.714, 0.5525317138671875, [(8 44 26)-(11 38 15)-(2 18 4)]
0.714, 0.5525319030761718, [(7 36 2)-(11 5 11)-(5 10 9)]
0.7142, 0.5525174743652344, [(7 37 29)-(0 26 20)-(14 51 7)]
0.714, 0.5525317199707032, [(14 10 8)-(0 53 27)-(1 30 10)]
0.714, 0.5525318634033203, [(13 34 31)-(10 9 26)-(6 17 10)]
0.7139, 0.5524046752929688, [(4 10 24)-(14 50 27)-(9 14 10)]
0.6890000000000001, 0.536058381652832, [(1 5 31)-(15 6 16)-(5 26 25)]
0.714, 0.5525318328857421, [(9 13 9)-(15 5 0)-(15 17 2)]
0.714, 0.5525317352294922, [(4 40 15)-(8 49 3)-(11 60 14)]
