0.7138, 0.5525145462036133, [(4 17 20)-(9 26 6)-(3 52 28)-(13 31 11)]
0.7115, 0.5529136108398438, [(14 21 1)-(11 8 23)-(1 27 6)-(1 3 20)]
0.109, 0.0, [(9 53 7)-(12 28 30)-(2 16 27)-(13 2 3)]
0.2057, 0.5597068725585937, [(5 25 30)-(1 35 29)-(15 12 31)-(1 3 15)]
0.714, 0.5525317199707032, [(4 46 2)-(1 7 1)-(13 57 27)-(10 20 5)]
0.1, 0.0, [(7 0 30)-(14 60 24)-(12 59 23)-(12 51 12)]
0.7132000000000001, 0.5526121673583984, [(1 43 16)-(15 36 3)-(12 13 23)-(7 31 12)]
0.7137, 0.5525426910400391, [(0 1 13)-(13 34 27)-(2 30 23)-(6 10 21)]
0.7138, 0.552539614868164, [(10 23 3)-(11 27 16)-(4 38 25)-(6 10 20)]
0.714, 0.5525317352294922, [(8 35 24)-(0 56 30)-(10 54 14)-(5 60 7)]
0.714, 0.5525317291259766, [(14 16 11)-(8 50 1)-(13 2 3)-(1 6 5)]
0.714, 0.5525317199707032, [(8 51 31)-(11 19 26)-(7 33 12)-(2 48 23)]
0.714, 0.55253173828125, [(8 42 26)-(5 56 11)-(13 15 22)-(11 61 17)]
0.714, 0.5525317535400391, [(6 44 4)-(6 19 2)-(11 0 4)-(11 39 10)]
0.714, 0.5525317443847656, [(12 46 23)-(10 1 8)-(14 20 5)-(7 44 20)]
0.714, 0.5525328216552734, [(6 58 22)-(1 38 18)-(13 16 11)-(10 0 9)]
0.714, 0.5523808319091796, [(13 26 9)-(11 44 13)-(6 1 18)-(2 37 14)]
0.7138, 0.5526539123535157, [(12 26 20)-(7 15 17)-(15 51 0)-(5 1 4)]
0.714, 0.5525317260742187, [(0 37 10)-(13 40 29)-(15 38 31)-(12 14 3)]
0.6922999999999999, 0.5629486145019531, [(7 21 31)-(6 56 30)-(11 12 3)-(2 17 24)]
0.7144999999999999, 0.552530990600586, [(7 53 17)-(4 37 7)-(7 23 24)-(14 19 7)]
0.714, 0.5525314483642578, [(14 23 24)-(2 2 10)-(9 30 16)-(14 43 16)]
0.714, 0.5525317749023437, [(4 53 17)-(9 46 28)-(0 0 4)-(15 42 19)]
0.714, 0.5525317260742187, [(5 36 23)-(5 34 13)-(3 28 5)-(14 4 27)]
0.714, 0.5526629394531251, [(7 6 12)-(9 0 16)-(13 7 31)-(6 14 6)]
0.7123, 0.5524083557128907, [(0 12 5)-(14 48 1)-(12 25 26)-(11 4 17)]
0.3183, 0.8466372283935546, [(15 15 16)-(0 33 12)-(6 17 30)-(4 58 1)]
0.714, 0.5525317230224609, [(14 49 12)-(10 56 14)-(15 8 20)-(5 60 18)]
0.7138, 0.5525274261474609, [(2 13 11)-(1 26 17)-(11 62 1)-(8 24 1)]
0.714, 0.5525317199707032, [(13 32 10)-(6 45 10)-(14 22 31)-(15 39 11)]
0.714, 0.5525364562988281, [(7 55 18)-(5 30 24)-(14 41 21)-(5 24 19)]
0.714, 0.5525317260742187, [(12 42 13)-(1 58 4)-(13 37 3)-(12 43 25)]
0.3749, 0.7815942749023437, [(14 44 27)-(10 35 9)-(0 52 21)-(3 22 30)]
0.714, 0.5525317337036133, [(10 9 29)-(15 35 21)-(8 42 23)-(11 61 27)]
0.714, 0.5525317321777343, [(5 62 22)-(5 14 0)-(3 44 30)-(14 38 11)]
0.7101, 0.5483238403320312, [(11 23 9)-(3 61 16)-(4 16 24)-(10 15 26)]
0.7001, 0.5452264862060547, [(13 56 16)-(2 21 3)-(1 57 27)-(8 25 31)]
0.714, 0.5525317321777343, [(10 55 3)-(13 42 10)-(0 42 12)-(14 17 16)]
0.714, 0.5525317260742187, [(6 21 29)-(9 38 23)-(15 18 6)-(12 61 2)]
0.7135, 0.5525208435058593, [(7 11 27)-(3 17 20)-(14 46 17)-(0 55 19)]
0.5807, 0.47161622009277343, [(3 1 31)-(14 18 5)-(12 41 2)-(13 33 2)]
0.6856, 0.5293159729003907, [(8 8 25)-(3 63 18)-(4 32 30)-(5 58 10)]
0.7136, 0.5523900268554688, [(0 40 3)-(0 39 14)-(0 12 23)-(0 12 6)]
0.7135, 0.5523588012695313, [(14 62 13)-(8 8 22)-(7 13 27)-(11 40 28)]
0.7137, 0.5525063751220703, [(3 26 19)-(2 15 14)-(4 48 10)-(11 18 28)]
0.6912, 0.5376926879882813, [(5 1 23)-(14 60 0)-(9 5 21)-(9 17 30)]
0.714, 0.5525234497070313, [(11 10 17)-(12 46 19)-(14 26 1)-(9 55 14)]
0.714, 0.5525379852294923, [(1 8 4)-(13 31 21)-(8 55 28)-(12 12 18)]
0.714, 0.5525318359375, [(15 33 11)-(10 8 11)-(14 26 26)-(7 56 2)]
0.7132000000000001, 0.5525735168457031, [(3 9 17)-(7 56 9)-(3 46 29)-(5 17 19)]
0.714, 0.5525317260742187, [(13 45 26)-(12 39 6)-(6 30 10)-(2 54 11)]
0.714, 0.5525326751708984, [(7 26 5)-(13 2 11)-(9 9 6)-(10 57 11)]
0.7138, 0.5525271575927735, [(11 61 14)-(3 22 19)-(9 54 27)-(3 53 11)]
0.714, 0.5525317230224609, [(14 14 2)-(1 45 20)-(10 19 26)-(12 13 1)]
0.714, 0.5525317321777343, [(11 53 20)-(14 27 16)-(6 11 29)-(6 48 23)]
0.714, 0.5525301269531251, [(11 30 21)-(2 2 12)-(3 39 15)-(7 36 24)]
0.714, 0.5525311737060548, [(6 18 15)-(9 42 13)-(7 43 27)-(3 36 15)]
0.714, 0.5525317230224609, [(12 47 24)-(15 15 29)-(15 44 6)-(1 46 7)]
0.714, 0.552534423828125, [(5 3 2)-(2 35 4)-(7 15 18)-(14 24 8)]
0.714, 0.5525317199707032, [(12 38 27)-(11 33 11)-(14 37 9)-(9 36 23)]
0.7126, 0.5540597015380859, [(6 16 31)-(5 30 26)-(14 58 3)-(9 59 16)]
0.714, 0.5525317352294922, [(0 2 4)-(10 36 21)-(13 48 5)-(8 11 4)]
0.1273, 0.934270053100586, [(15 55 0)-(6 29 30)-(4 63 12)-(7 10 3)]
0.714, 0.5525317291259766, [(1 39 24)-(6 38 25)-(6 37 18)-(8 28 3)]
0.714, 0.5525301666259765, [(2 22 15)-(5 5 7)-(7 50 24)-(12 31 25)]
0.714, 0.5525315460205078, [(6 51 17)-(0 56 22)-(10 3 1)-(6 18 14)]
0.714, 0.5525318267822266, [(5 32 13)-(4 4 10)-(9 14 5)-(11 12 12)]
0.7139, 0.5525233032226562, [(4 13 5)-(0 21 15)-(7 60 16)-(8 18 29)]
0.714, 0.5525317230224609, [(2 34 26)-(6 21 4)-(6 58 12)-(1 47 7)]
0.714, 0.5525317321777343, [(11 37 19)-(12 31 8)-(8 48 1)-(8 60 10)]
0.714, 0.5525317230224609, [(4 40 29)-(15 24 21)-(15 2 5)-(8 49 11)]
0.714, 0.5525317474365234, [(8 51 1)-(9 14 11)-(3 52 20)-(10 55 27)]
0.706, 0.5506304565429687, [(12 2 22)-(9 14 6)-(5 18 25)-(0 0 9)]
0.714, 0.5525317230224609, [(14 37 1)-(2 38 18)-(1 59 4)-(14 46 13)]
0.714, 0.5525317321777343, [(12 0 29)-(11 49 6)-(12 12 4)-(15 29 4)]
0.714, 0.5525380462646484, [(8 0 11)-(3 9 12)-(0 58 20)-(4 30 14)]
0.714, 0.5525317291259766, [(2 33 13)-(2 51 19)-(6 11 6)-(15 2 8)]
0.7133, 0.5535622283935546, [(9 6 11)-(8 52 26)-(12 8 0)-(8 18 21)]
0.7122, 0.5496014953613282, [(7 29 31)-(8 59 4)-(5 49 27)-(9 49 15)]
0.507, 0.6505540069580078, [(0 53 11)-(10 29 21)-(2 27 11)-(8 10 30)]
0.714, 0.5525317169189453, [(8 45 2)-(2 32 26)-(6 32 12)-(9 55 24)]
0.714, 0.5525317169189453, [(2 23 1)-(15 23 25)-(5 46 14)-(12 54 18)]
0.714, 0.5525321289062499, [(6 50 2)-(14 17 14)-(6 31 28)-(9 29 20)]
0.714, 0.5525317321777343, [(0 9 4)-(2 34 14)-(4 19 2)-(11 29 4)]
0.714, 0.5525316009521484, [(8 36 26)-(1 38 17)-(3 22 2)-(12 13 18)]
0.6946, 0.565937872314453, [(2 39 28)-(3 29 25)-(6 45 1)-(11 0 23)]
0.714, 0.5525317230224609, [(10 60 14)-(10 32 1)-(4 38 26)-(10 35 26)]
0.6968, 0.5400770248413086, [(12 48 20)-(14 1 31)-(5 13 3)-(12 61 14)]
0.4033, 0.5763415130615235, [(7 58 27)-(14 10 31)-(10 0 26)-(8 55 13)]
0.7139, 0.5525294189453125, [(5 9 4)-(9 8 20)-(6 63 27)-(11 63 7)]
0.714, 0.5525326782226563, [(1 59 23)-(13 23 13)-(15 30 2)-(5 22 15)]
0.7115, 0.5574462982177735, [(5 31 22)-(6 27 28)-(2 37 27)-(6 21 24)]
0.714, 0.5525321624755859, [(9 41 1)-(9 2 11)-(14 63 2)-(14 52 15)]
0.7136, 0.5524678771972656, [(4 29 31)-(12 56 6)-(5 9 6)-(7 59 21)]
0.714, 0.5525317321777343, [(10 10 6)-(14 25 29)-(1 61 14)-(7 49 15)]
0.714, 0.5525317199707032, [(5 58 30)-(4 59 10)-(14 63 14)-(14 9 21)]
0.714, 0.5525282989501953, [(5 5 16)-(11 29 27)-(6 57 17)-(2 50 2)]
0.714, 0.5525317260742187, [(9 11 6)-(3 39 14)-(4 54 6)-(11 63 6)]
0.714, 0.5525317230224609, [(7 34 4)-(11 60 9)-(2 2 27)-(1 45 15)]
0.7113, 0.5520543731689453, [(3 21 31)-(0 12 22)-(14 44 2)-(2 47 21)]
0.714, 0.5525317291259766, [(15 36 4)-(8 40 8)-(6 48 19)-(14 45 30)]
0.7139, 0.5525364868164062, [(8 39 5)-(10 46 2)-(7 41 2)-(5 27 13)]
0.714, 0.552765365600586, [(3 9 29)-(10 16 24)-(15 52 1)-(0 57 3)]
0.714, 0.5529208450317382, [(15 0 18)-(12 46 1)-(1 15 8)-(11 34 30)]
0.7144, 0.55200693359375, [(11 44 14)-(15 41 28)-(1 24 10)-(11 10 31)]
0.714, 0.5525317321777343, [(8 19 5)-(12 9 5)-(7 12 7)-(4 8 29)]
0.0989, 0.0, [(2 34 14)-(5 47 17)-(11 19 28)-(8 18 30)]
0.714, 0.5525314819335938, [(2 2 9)-(1 57 2)-(5 61 30)-(11 19 26)]
0.714, 0.5525317260742187, [(9 47 26)-(8 35 29)-(7 41 0)-(15 17 22)]
0.714, 0.552531332397461, [(2 18 13)-(8 57 5)-(1 58 4)-(12 37 20)]
0.714, 0.5525316986083985, [(0 48 13)-(13 10 24)-(9 16 29)-(6 22 16)]
0.714, 0.5525317260742187, [(8 45 31)-(7 57 17)-(0 49 7)-(11 43 24)]
0.714, 0.5525316314697266, [(15 36 12)-(14 51 22)-(7 44 3)-(5 7 14)]
0.714, 0.5525317276000976, [(10 1 3)-(9 49 27)-(13 41 27)-(8 19 1)]
0.714, 0.55253173828125, [(12 57 19)-(6 47 4)-(10 2 9)-(7 60 17)]
0.714, 0.5525317321777343, [(15 50 11)-(7 52 1)-(1 14 2)-(12 30 6)]
0.714, 0.55253173828125, [(3 7 10)-(0 4 1)-(2 53 17)-(13 21 11)]
0.7110000000000001, 0.5519509948730469, [(3 10 26)-(12 8 4)-(0 23 26)-(4 11 12)]
0.7134, 0.5525598785400391, [(11 15 21)-(3 50 3)-(4 59 16)-(12 48 22)]
0.1066, 0.9971264892578124, [(3 46 23)-(11 44 22)-(0 15 30)-(13 7 20)]
0.7134, 0.5527781219482422, [(8 7 0)-(7 0 16)-(13 50 25)-(5 50 13)]
0.714, 0.5525317291259766, [(15 45 15)-(15 30 1)-(6 56 10)-(7 49 26)]
0.6741999999999999, 0.5527027893066406, [(13 12 8)-(0 17 30)-(13 13 9)-(1 27 3)]
0.714, 0.5525317230224609, [(8 27 6)-(14 55 17)-(7 54 21)-(10 28 3)]
0.1001, 0.0, [(7 37 16)-(10 2 30)-(1 52 14)-(6 9 3)]
0.7134, 0.5526552154541016, [(13 46 4)-(2 59 16)-(8 26 22)-(9 37 17)]
0.7138, 0.5528798583984376, [(1 45 28)-(10 7 23)-(1 52 20)-(3 1 16)]
0.7142, 0.5524098815917968, [(10 20 24)-(7 54 29)-(10 19 26)-(11 25 2)]
0.714, 0.5525313354492187, [(9 52 28)-(5 10 18)-(6 41 26)-(7 29 26)]
0.714, 0.552537612915039, [(11 20 8)-(6 23 15)-(12 60 31)-(12 31 17)]
0.7133, 0.5537461883544922, [(3 6 22)-(10 5 28)-(9 25 5)-(7 61 15)]
0.7059, 0.5531074645996094, [(8 9 24)-(0 10 4)-(8 33 15)-(15 14 2)]
0.714, 0.5525317230224609, [(2 21 28)-(14 55 4)-(11 54 2)-(13 6 30)]
0.714, 0.5525319122314454, [(7 13 14)-(15 19 11)-(15 19 19)-(13 22 22)]
0.7135, 0.5525050354003906, [(8 38 15)-(11 20 6)-(7 6 20)-(10 43 13)]
0.7137, 0.5551497619628907, [(0 19 31)-(0 24 17)-(10 33 26)-(8 9 12)]
0.714, 0.5525318389892577, [(2 27 7)-(1 49 16)-(8 30 6)-(10 43 26)]
0.7134, 0.5521636566162109, [(5 11 21)-(15 9 29)-(12 32 3)-(8 5 18)]
0.714, 0.5525317260742187, [(7 9 6)-(1 22 0)-(1 33 15)-(14 44 22)]
0.714, 0.5525317260742187, [(15 26 2)-(8 28 1)-(12 53 3)-(12 48 2)]
0.714, 0.5525318176269531, [(13 36 23)-(0 4 13)-(13 13 27)-(1 58 16)]
0.714, 0.5525326873779297, [(0 6 13)-(14 47 10)-(8 55 28)-(7 53 11)]
0.714, 0.5525317260742187, [(1 11 7)-(15 48 30)-(9 4 7)-(2 4 29)]
0.7145, 0.5529945770263672, [(0 5 4)-(3 30 10)-(6 29 26)-(1 38 21)]
0.714, 0.5525340362548828, [(6 31 4)-(5 20 15)-(1 62 21)-(11 30 6)]
0.6856, 0.5484524291992188, [(6 7 0)-(7 5 25)-(0 20 10)-(0 35 23)]
0.714, 0.5525316986083985, [(14 25 10)-(2 14 2)-(14 40 27)-(6 22 16)]
0.7127, 0.5525493225097656, [(15 23 21)-(15 50 14)-(11 7 21)-(11 60 18)]
0.714, 0.5525317413330078, [(10 60 10)-(11 53 7)-(7 2 29)-(7 53 26)]
0.714, 0.5525317321777343, [(8 19 5)-(10 0 1)-(11 53 11)-(7 55 21)]
0.714, 0.5524840667724609, [(6 11 26)-(12 49 24)-(6 4 21)-(8 51 11)]
0.7144999999999999, 0.5527246398925781, [(8 34 9)-(1 10 15)-(13 0 17)-(11 10 19)]
0.7042999999999999, 0.5440810424804687, [(2 55 7)-(6 59 25)-(0 11 3)-(0 2 26)]
0.7124999999999999, 0.5457118011474609, [(5 38 9)-(15 18 17)-(4 47 0)-(10 10 25)]
0.7126, 0.555260235595703, [(2 16 26)-(11 36 29)-(3 61 12)-(12 5 11)]
0.7137, 0.5526050445556641, [(13 52 21)-(9 18 19)-(10 38 14)-(7 51 5)]
0.2117, 0.8695535827636719, [(12 4 11)-(0 36 7)-(4 16 30)-(3 39 18)]
0.7139, 0.5523812530517578, [(6 11 27)-(8 29 22)-(5 23 14)-(10 60 25)]
0.714, 0.5525189056396484, [(4 14 26)-(3 44 10)-(3 12 21)-(1 1 27)]
0.714, 0.5525317260742187, [(15 25 17)-(12 37 13)-(13 48 18)-(9 55 15)]
0.09970000000000001, 0.8999083923339843, [(13 7 0)-(0 7 30)-(4 26 4)-(11 31 27)]
0.714, 0.5525317443847656, [(13 6 25)-(8 38 5)-(10 37 9)-(3 6 2)]
0.7143, 0.5525554718017578, [(14 28 16)-(4 62 7)-(12 48 6)-(12 8 19)]
0.7139, 0.5525515655517578, [(9 61 7)-(0 50 17)-(9 18 18)-(12 21 28)]
0.7135, 0.5526615692138672, [(3 60 24)-(8 38 12)-(7 16 20)-(10 26 8)]
0.714, 0.5525268920898437, [(10 5 29)-(4 8 18)-(4 11 8)-(5 48 26)]
0.7137, 0.5522232482910157, [(2 7 21)-(2 57 20)-(5 4 19)-(14 37 2)]
0.714, 0.5525317230224609, [(1 58 19)-(2 50 26)-(14 3 23)-(6 46 30)]
0.714, 0.5525233062744141, [(14 41 0)-(4 25 19)-(4 55 12)-(8 56 28)]
0.714, 0.5525337066650391, [(9 20 14)-(1 53 7)-(15 49 28)-(9 12 15)]
0.714, 0.5525317138671875, [(7 54 9)-(14 13 31)-(14 22 8)-(14 33 7)]
0.714, 0.5513746948242187, [(5 24 3)-(13 45 25)-(8 58 5)-(2 23 26)]
0.714, 0.5525274536132811, [(8 10 16)-(12 21 8)-(6 24 29)-(8 56 15)]
0.714, 0.5525317230224609, [(1 16 1)-(6 16 27)-(10 56 29)-(3 58 13)]
0.714, 0.5525308990478516, [(4 46 23)-(2 25 13)-(9 63 19)-(15 54 11)]
0.714, 0.5525317077636719, [(4 50 28)-(9 34 2)-(0 7 27)-(7 56 17)]
0.714, 0.5525317199707032, [(1 54 4)-(10 61 25)-(5 56 2)-(3 31 19)]
0.714, 0.552501303100586, [(14 61 24)-(15 35 15)-(9 10 20)-(2 15 27)]
0.714, 0.5525317413330078, [(6 52 29)-(0 51 22)-(2 60 4)-(8 51 25)]
0.7139, 0.5524095886230469, [(0 23 28)-(5 7 23)-(15 8 12)-(1 21 13)]
0.714, 0.5525317108154297, [(2 22 7)-(15 15 29)-(4 20 6)-(10 31 31)]
0.7139, 0.5525150543212891, [(9 3 19)-(7 11 6)-(14 56 25)-(8 58 26)]
0.714, 0.5525317291259766, [(15 41 9)-(5 56 22)-(14 10 4)-(14 62 0)]
0.7137, 0.5526554962158203, [(12 0 17)-(2 60 12)-(9 35 8)-(1 20 29)]
0.714, 0.5525317474365234, [(1 0 3)-(11 34 7)-(5 44 24)-(5 53 7)]
0.7144, 0.5523378387451172, [(3 5 10)-(11 15 31)-(6 50 15)-(0 29 1)]
0.714, 0.5525318634033203, [(7 0 5)-(2 63 11)-(12 43 19)-(5 55 26)]
0.7138, 0.5528649566650391, [(2 9 19)-(1 61 20)-(5 42 22)-(4 22 18)]
0.7143, 0.5540515533447266, [(9 0 19)-(15 32 18)-(15 32 19)-(13 52 8)]
0.6873, 0.5475345092773438, [(11 21 25)-(8 34 24)-(5 36 11)-(9 1 2)]
0.714, 0.5525317077636719, [(1 60 20)-(10 23 8)-(0 31 9)-(9 57 2)]
0.714, 0.552536181640625, [(13 31 22)-(5 3 21)-(2 32 15)-(15 62 31)]
0.714, 0.5525317504882812, [(9 1 0)-(13 36 20)-(8 14 11)-(13 56 31)]
0.71, 0.5516007995605469, [(4 42 1)-(12 26 26)-(5 17 17)-(8 34 2)]
0.7137, 0.5522214141845703, [(15 55 6)-(3 37 12)-(9 46 31)-(0 21 21)]
0.714, 0.5525317260742187, [(0 34 18)-(8 36 20)-(5 32 25)-(6 62 23)]
0.714, 0.55253173828125, [(6 2 26)-(0 44 20)-(6 19 0)-(11 51 28)]
0.714, 0.5525317016601563, [(3 55 9)-(8 25 28)-(14 42 5)-(8 3 10)]
0.7141, 0.5525646667480468, [(14 20 3)-(9 9 1)-(15 1 18)-(12 47 14)]
0.7126, 0.5540013671875, [(11 4 2)-(4 36 26)-(12 0 21)-(3 46 20)]
0.7064, 0.547421923828125, [(9 49 18)-(9 12 18)-(8 6 25)-(9 13 11)]
0.714, 0.5525317169189453, [(2 53 11)-(2 58 20)-(12 4 26)-(9 41 27)]
0.7130000000000001, 0.5523939208984375, [(1 32 26)-(6 7 15)-(2 57 0)-(1 4 26)]
0.714, 0.5525299163818359, [(8 14 16)-(4 38 23)-(15 18 29)-(8 61 28)]
0.714, 0.5525317260742187, [(10 33 7)-(13 11 3)-(3 52 23)-(6 29 3)]
0.714, 0.5525317260742187, [(6 16 6)-(0 40 26)-(4 32 2)-(3 55 5)]
0.714, 0.5525299530029297, [(13 59 18)-(6 27 12)-(8 24 12)-(3 9 12)]
0.714, 0.5525317749023437, [(7 15 4)-(8 44 11)-(4 50 18)-(3 11 10)]
0.714, 0.5525317016601563, [(7 22 15)-(10 50 24)-(1 5 2)-(12 57 6)]
0.714, 0.55253173828125, [(2 48 9)-(6 44 10)-(13 45 31)-(3 56 4)]
0.6894, 0.5059605834960937, [(3 46 9)-(13 1 25)-(11 51 3)-(11 52 28)]
0.714, 0.5525317321777343, [(10 53 19)-(10 42 1)-(12 49 18)-(14 24 30)]
0.714, 0.5525317230224609, [(4 24 1)-(7 7 26)-(1 47 24)-(5 39 18)]
0.714, 0.5525317260742187, [(1 31 5)-(0 22 5)-(11 45 4)-(6 9 7)]
0.7139, 0.5525229248046875, [(6 5 6)-(2 59 1)-(5 61 26)-(12 27 19)]
0.7139, 0.5525378051757812, [(7 20 9)-(0 10 1)-(12 28 22)-(14 26 30)]
0.7142, 0.5522484771728515, [(10 9 23)-(0 38 7)-(6 47 6)-(9 4 18)]
0.714, 0.5525317230224609, [(2 47 10)-(0 57 24)-(7 57 11)-(4 59 15)]
0.7133, 0.5527935638427734, [(11 33 6)-(7 5 22)-(12 28 28)-(6 51 29)]
0.7107, 0.5537835144042969, [(2 12 27)-(0 43 6)-(13 40 18)-(8 23 23)]
0.715, 0.5529840423583985, [(4 15 1)-(10 56 30)-(15 47 9)-(6 9 23)]
0.7139, 0.5525254913330078, [(0 63 22)-(15 2 15)-(1 4 16)-(13 20 20)]
0.7137, 0.5538100769042968, [(7 18 25)-(7 12 18)-(2 44 15)-(3 35 24)]
0.714, 0.5525317230224609, [(7 20 29)-(9 20 4)-(8 3 27)-(0 50 5)]
0.714, 0.5525315307617187, [(8 60 28)-(8 11 16)-(8 14 15)-(15 26 10)]
0.714, 0.55253173828125, [(15 45 17)-(12 14 1)-(4 50 26)-(2 51 26)]
0.714, 0.5525317260742187, [(8 54 26)-(0 43 20)-(0 39 4)-(1 51 3)]
0.7138, 0.5525368194580078, [(4 5 21)-(4 49 17)-(8 11 26)-(8 52 3)]
0.7137, 0.5523955474853515, [(12 54 22)-(3 27 2)-(10 21 14)-(7 9 22)]
0.7141, 0.5519311706542969, [(6 1 20)-(9 0 2)-(11 25 7)-(6 32 23)]
0.714, 0.5525317260742187, [(4 47 20)-(2 58 23)-(15 11 10)-(8 38 11)]
0.714, 0.5525317260742187, [(14 20 12)-(5 16 26)-(1 39 30)-(14 5 3)]
0.714, 0.5525317504882812, [(4 60 30)-(11 9 12)-(15 21 3)-(3 50 17)]
0.714, 0.5525317260742187, [(3 52 11)-(4 45 31)-(9 57 8)-(10 58 25)]
0.71, 0.5516020477294922, [(9 8 11)-(3 18 3)-(14 29 20)-(12 26 26)]
0.714, 0.5525384368896484, [(5 15 17)-(7 38 17)-(14 42 26)-(7 28 13)]
0.6892, 0.5371355133056641, [(12 19 21)-(12 46 1)-(7 44 24)-(5 26 25)]
0.714, 0.5525316833496094, [(3 12 8)-(8 13 10)-(1 19 0)-(8 47 28)]
0.3435, 0.8407179443359375, [(3 18 24)-(14 18 25)-(13 35 23)-(2 29 30)]
0.714, 0.5525317230224609, [(13 51 11)-(0 13 11)-(4 51 30)-(10 52 3)]
0.6527000000000001, 0.5424143920898437, [(15 0 20)-(10 3 24)-(4 38 22)-(10 0 1)]
0.714, 0.5525317291259766, [(10 6 4)-(10 50 11)-(13 4 19)-(15 30 17)]
0.6491, 0.5188844558715819, [(1 28 25)-(0 17 2)-(13 58 0)-(14 43 8)]
0.1689, 0.8563182006835938, [(6 63 6)-(2 59 10)-(8 8 30)-(1 38 9)]
0.714, 0.5525317352294922, [(1 37 1)-(5 62 31)-(5 33 15)-(15 18 15)]
0.714, 0.5525317245483399, [(2 56 23)-(15 53 29)-(1 1 1)-(6 48 8)]
0.714, 0.5525317199707032, [(5 39 4)-(10 39 26)-(10 16 10)-(14 20 11)]
0.714, 0.5525317169189452, [(9 45 17)-(2 63 4)-(1 45 8)-(1 16 4)]
0.714, 0.552531298828125, [(10 9 15)-(2 12 7)-(4 60 15)-(12 54 18)]
0.714, 0.5525316741943359, [(15 46 22)-(6 25 7)-(8 52 2)-(9 24 15)]
0.7131000000000001, 0.5540651428222656, [(11 17 24)-(10 24 4)-(1 0 8)-(4 8 12)]
0.7139, 0.552591860961914, [(7 55 4)-(11 18 20)-(7 26 20)-(12 38 11)]
0.714, 0.5525317413330078, [(6 32 27)-(6 14 5)-(5 15 5)-(15 49 21)]
0.7125, 0.5520329986572265, [(1 4 19)-(10 25 23)-(13 4 22)-(6 21 8)]
0.714, 0.5525317230224609, [(13 27 31)-(13 37 31)-(14 15 21)-(4 52 3)]
0.714, 0.5525317352294922, [(14 27 13)-(14 16 4)-(13 58 29)-(11 37 26)]
0.714, 0.5525317230224609, [(14 52 22)-(13 48 25)-(6 41 13)-(6 32 4)]
0.714, 0.5525317749023437, [(1 47 14)-(6 3 8)-(4 44 8)-(1 57 26)]
0.714, 0.5525317138671875, [(12 28 9)-(9 35 20)-(10 42 17)-(9 15 0)]
0.7141, 0.5526186065673828, [(14 47 30)-(6 21 11)-(12 34 3)-(9 13 18)]
0.714, 0.5525314758300781, [(8 3 26)-(6 12 12)-(2 14 3)-(6 16 11)]
0.714, 0.5525348541259766, [(2 50 16)-(14 42 22)-(14 54 2)-(11 4 17)]
0.7136, 0.551678970336914, [(8 57 7)-(0 34 29)-(5 13 20)-(6 22 23)]
0.2044, 0.0, [(1 47 16)-(8 0 12)-(10 25 30)-(6 6 29)]
0.714, 0.5525317352294923, [(6 1 1)-(9 37 16)-(0 60 25)-(14 0 2)]
0.7129, 0.5515433471679687, [(2 62 4)-(12 5 23)-(10 19 18)-(2 42 0)]
0.714, 0.5525317230224609, [(9 19 24)-(9 48 0)-(10 53 28)-(6 57 22)]
0.714, 0.5525317169189452, [(3 46 18)-(15 48 9)-(7 34 30)-(5 47 4)]
0.7141, 0.552458837890625, [(12 39 11)-(4 9 20)-(3 48 1)-(10 41 6)]
0.714, 0.5525367492675781, [(9 9 0)-(11 4 18)-(15 17 21)-(3 9 14)]
0.714, 0.5525558868408204, [(6 0 12)-(2 5 13)-(3 1 13)-(10 28 29)]
0.714, 0.5525315948486329, [(4 6 9)-(7 45 21)-(11 5 29)-(8 2 9)]
0.714, 0.552531768798828, [(0 25 10)-(9 61 31)-(9 47 24)-(14 58 5)]
0.714, 0.5525317291259766, [(3 56 7)-(13 52 4)-(9 12 1)-(7 43 7)]
0.6832, 0.5434810180664063, [(0 2 24)-(9 28 15)-(0 16 6)-(10 20 20)]
0.7133, 0.5533155303955078, [(3 23 1)-(6 23 31)-(10 19 27)-(5 34 21)]
0.6937, 0.5518150421142578, [(5 44 15)-(1 19 20)-(0 49 29)-(11 8 25)]
0.7139, 0.5527415924072265, [(12 9 26)-(13 17 26)-(15 45 13)-(3 43 3)]
0.714, 0.5525317199707032, [(14 29 19)-(0 54 24)-(14 37 8)-(12 13 8)]
0.7136, 0.5525119720458984, [(6 47 8)-(13 36 8)-(9 11 15)-(3 26 19)]
0.6895, 0.5353648406982422, [(1 61 21)-(11 62 17)-(6 28 5)-(11 6 30)]
0.714, 0.5525317199707032, [(11 40 25)-(4 1 5)-(14 23 31)-(4 24 28)]
0.7133, 0.5526847503662109, [(9 18 20)-(1 27 15)-(5 28 17)-(5 24 15)]
0.714, 0.5525321350097656, [(6 63 20)-(0 18 5)-(7 20 10)-(8 44 5)]
0.1048, 0.8984297302246094, [(5 17 25)-(8 3 18)-(3 5 30)-(1 4 28)]
0.7138, 0.5524911285400391, [(9 22 13)-(10 45 11)-(3 36 26)-(7 10 22)]
0.714, 0.5525317169189453, [(5 63 13)-(15 49 19)-(11 54 10)-(14 35 2)]
0.714, 0.5525315765380859, [(7 38 18)-(3 29 10)-(2 57 28)-(10 9 13)]
0.7138, 0.5527162231445313, [(12 38 19)-(13 40 8)-(3 63 0)-(11 0 16)]
0.3264, 0.8638610687255859, [(12 35 29)-(15 0 18)-(2 20 30)-(8 0 4)]
0.7143, 0.5524878570556642, [(0 34 31)-(1 28 19)-(0 29 3)-(13 35 7)]
0.714, 0.5525282928466797, [(8 62 15)-(13 21 25)-(3 10 21)-(10 38 28)]
0.714, 0.5525317474365234, [(9 6 2)-(1 51 9)-(5 2 5)-(14 20 8)]
0.7135, 0.5524862884521484, [(6 24 21)-(15 30 6)-(2 3 0)-(15 30 12)]
0.7139, 0.5523722717285157, [(6 21 20)-(9 46 24)-(3 17 4)-(7 49 6)]
0.7125, 0.5533687713623047, [(5 41 11)-(2 8 5)-(0 29 24)-(9 10 1)]
0.714, 0.5525317199707032, [(6 22 7)-(11 62 12)-(7 14 28)-(4 54 8)]
0.714, 0.5525328094482422, [(14 40 10)-(10 27 16)-(12 43 6)-(4 63 1)]
0.5915, 0.5672707733154296, [(6 24 16)-(9 14 19)-(10 7 27)-(4 26 25)]
0.714, 0.5525317199707032, [(6 57 5)-(8 42 13)-(13 43 31)-(12 8 29)]
0.7128, 0.5528410400390624, [(12 25 31)-(15 62 7)-(9 28 26)-(0 45 29)]
0.7121999999999999, 0.5524350311279297, [(6 41 9)-(14 23 10)-(11 21 22)-(15 23 7)]
0.714, 0.5525317504882812, [(13 1 4)-(3 41 24)-(7 21 11)-(3 10 29)]
0.7117, 0.5513088836669922, [(10 33 3)-(8 59 29)-(2 12 5)-(7 12 25)]
0.714, 0.5525316375732422, [(10 44 21)-(7 17 16)-(6 58 9)-(7 38 10)]
0.7134, 0.5521841064453126, [(12 16 21)-(8 17 18)-(8 31 18)-(4 18 24)]
0.7138, 0.5527861511230469, [(11 52 4)-(8 32 2)-(0 26 22)-(2 14 17)]
0.7139, 0.5525375701904297, [(3 52 16)-(0 7 19)-(1 43 2)-(4 63 14)]
0.714, 0.552531771850586, [(14 62 8)-(8 48 31)-(5 27 7)-(14 6 12)]
0.714, 0.5525317443847656, [(4 31 19)-(0 17 8)-(10 35 22)-(0 58 3)]
0.7139, 0.55252158203125, [(7 52 29)-(7 23 6)-(7 9 17)-(3 60 9)]
0.714, 0.5525317199707032, [(10 27 2)-(8 13 29)-(0 39 13)-(6 54 24)]
0.7136, 0.5525956787109375, [(13 6 0)-(6 15 19)-(12 5 14)-(14 49 23)]
0.714, 0.5525317199707032, [(3 34 7)-(13 39 4)-(15 23 14)-(2 52 14)]
0.714, 0.5525316802978515, [(14 16 18)-(2 5 8)-(2 8 2)-(13 61 30)]
0.714, 0.5525317199707032, [(2 1 28)-(14 29 8)-(7 44 28)-(7 38 3)]
0.714, 0.5525652465820312, [(14 24 17)-(11 24 9)-(4 22 20)-(7 36 1)]
0.7141, 0.5525539642333984, [(14 37 18)-(7 45 24)-(11 0 29)-(1 6 17)]
0.7139, 0.5499352020263673, [(11 22 25)-(15 54 2)-(8 39 31)-(6 26 12)]
0.7121999999999999, 0.5528511901855468, [(2 40 18)-(7 25 25)-(1 38 19)-(3 30 27)]
0.714, 0.5525317199707032, [(13 30 29)-(6 43 0)-(9 58 30)-(10 48 12)]
0.7138, 0.5535934936523437, [(2 51 23)-(2 28 23)-(0 35 14)-(14 51 5)]
0.7130000000000001, 0.5517652130126953, [(15 51 28)-(6 30 14)-(2 23 5)-(10 16 31)]
0.714, 0.5525321136474609, [(14 20 10)-(3 55 10)-(6 34 1)-(8 21 13)]
0.5189, 0.4876631225585938, [(1 28 30)-(7 7 19)-(10 62 24)-(3 62 28)]
0.7115, 0.5574463104248046, [(6 21 24)-(13 50 4)-(1 37 23)-(3 44 1)]
0.7054, 0.5574231903076172, [(8 61 4)-(4 13 4)-(5 26 6)-(4 12 24)]
0.1276, 0.9701238220214844, [(1 33 15)-(11 60 13)-(11 5 31)-(12 13 30)]
0.5244, 0.46218702239990234, [(9 39 14)-(4 2 31)-(13 30 19)-(1 6 27)]
0.7133, 0.5548668334960938, [(3 35 13)-(1 12 7)-(4 0 19)-(11 43 5)]
0.714, 0.5525317199707032, [(9 33 11)-(7 42 3)-(11 38 2)-(13 13 7)]
0.7132000000000001, 0.5577983642578125, [(9 0 21)-(4 22 7)-(15 10 16)-(11 61 8)]
0.714, 0.5525317199707032, [(15 48 13)-(9 42 31)-(3 24 9)-(3 52 7)]
0.714, 0.5525332824707031, [(12 33 1)-(15 59 25)-(0 10 15)-(12 13 16)]
0.7136, 0.5527377441406249, [(9 8 29)-(1 35 4)-(10 15 29)-(5 16 22)]
0.6852, 0.5336152877807616, [(9 51 15)-(3 14 21)-(5 19 18)-(12 3 24)]
0.714, 0.5525317199707032, [(1 43 29)-(3 3 9)-(2 4 7)-(2 40 29)]
0.7133, 0.5526276306152345, [(0 4 6)-(5 23 22)-(14 5 24)-(9 26 4)]
0.714, 0.5525317260742187, [(8 44 3)-(3 58 20)-(15 55 0)-(2 46 29)]
0.099, 0.0, [(15 38 14)-(7 1 10)-(4 52 4)-(3 6 30)]
0.3442, 0.8405605773925782, [(11 11 28)-(2 29 30)-(4 44 10)-(5 43 28)]
0.714, 0.55253173828125, [(15 61 24)-(8 56 3)-(11 14 8)-(9 24 2)]
0.7142999999999999, 0.5521371276855469, [(3 9 7)-(8 1 20)-(0 9 2)-(5 34 12)]
0.7137, 0.5528868743896485, [(9 5 22)-(15 35 13)-(1 40 7)-(14 32 16)]
0.10500000000000001, 0.8986140197753907, [(3 60 31)-(5 51 7)-(3 5 30)-(6 50 6)]
0.6787, 0.5558725341796875, [(12 25 18)-(2 54 0)-(3 1 26)-(9 24 19)]
0.7135, 0.5525676971435547, [(15 38 19)-(7 11 18)-(13 10 25)-(15 17 22)]
0.714, 0.5525317565917969, [(14 51 0)-(5 25 7)-(3 22 15)-(12 40 15)]
0.714, 0.5525318145751953, [(3 6 6)-(4 20 12)-(13 3 20)-(2 55 3)]
0.714, 0.5525317230224609, [(15 4 8)-(1 47 1)-(11 19 1)-(12 34 5)]
0.5014000000000001, 0.5541188293457031, [(2 0 29)-(1 0 26)-(6 1 28)-(11 24 12)]
0.7048, 0.5474215118408203, [(5 36 7)-(4 32 7)-(7 47 2)-(6 29 25)]
0.714, 0.5525317321777343, [(14 41 26)-(13 7 17)-(7 3 9)-(6 13 27)]
0.714, 0.5525317169189452, [(8 59 2)-(11 49 13)-(9 41 7)-(9 57 3)]
0.714, 0.5525317321777343, [(13 37 23)-(1 1 2)-(7 16 3)-(6 31 9)]
0.7142, 0.5525259490966796, [(13 37 13)-(10 33 24)-(1 12 22)-(8 62 15)]
0.714, 0.5525317260742187, [(14 18 12)-(4 63 14)-(11 50 11)-(1 61 1)]
0.714, 0.5525317291259766, [(13 37 8)-(10 52 12)-(10 51 31)-(9 10 26)]
0.7129000000000001, 0.5495913452148438, [(9 56 0)-(4 15 31)-(0 41 23)-(12 9 21)]
0.714, 0.55253173828125, [(11 46 13)-(6 36 11)-(15 46 12)-(6 44 26)]
0.6273, 0.48920065155029296, [(6 2 31)-(0 48 29)-(11 56 1)-(7 49 15)]
0.7132000000000001, 0.5525489868164062, [(8 25 8)-(10 60 21)-(9 60 7)-(8 6 22)]
0.714, 0.5525402923583984, [(13 0 12)-(1 37 30)-(8 46 3)-(14 26 30)]
0.714, 0.5525317321777343, [(7 50 30)-(15 49 0)-(6 9 1)-(6 44 22)]
0.7133, 0.5531982513427735, [(10 58 2)-(0 44 16)-(0 13 31)-(3 12 8)]
0.714, 0.5525336151123046, [(0 45 2)-(9 51 24)-(4 24 22)-(12 55 27)]
0.714, 0.5525317321777343, [(4 54 15)-(15 18 10)-(10 42 31)-(3 16 0)]
0.714, 0.5525317443847656, [(5 34 30)-(14 48 31)-(3 43 29)-(3 5 12)]
0.714, 0.5525453857421876, [(14 27 18)-(12 32 16)-(4 42 10)-(8 18 15)]
0.714, 0.5525317230224609, [(9 20 26)-(8 54 20)-(10 59 11)-(10 50 4)]
0.7133, 0.5521576721191406, [(7 22 20)-(4 11 7)-(9 4 25)-(5 26 29)]
0.0989, 0.0, [(15 25 28)-(10 38 17)-(14 10 24)-(8 18 30)]
0.7137, 0.5525784332275391, [(3 0 9)-(12 18 22)-(10 10 3)-(6 10 29)]
0.7142999999999999, 0.5526571319580078, [(13 62 24)-(10 1 27)-(8 36 12)-(7 13 23)]
0.714, 0.5525316894531249, [(8 60 20)-(8 33 7)-(6 31 10)-(4 16 9)]
0.7024999999999999, 0.545649935913086, [(2 36 16)-(11 10 20)-(4 1 15)-(15 1 23)]
0.714, 0.5525317169189453, [(3 37 31)-(15 22 28)-(6 52 27)-(15 54 11)]
0.714, 0.5525326934814454, [(3 25 13)-(5 36 4)-(6 11 8)-(14 4 0)]
0.7139, 0.5524621276855468, [(3 43 7)-(7 21 7)-(0 28 20)-(6 56 0)]
0.7139, 0.5525707061767577, [(11 37 30)-(2 17 18)-(4 22 15)-(1 19 14)]
0.714, 0.5525318237304687, [(1 32 24)-(6 35 26)-(5 16 10)-(7 60 27)]
0.714, 0.5525317352294923, [(12 9 1)-(9 57 12)-(4 53 0)-(1 34 1)]
0.7137, 0.552818994140625, [(4 56 30)-(12 56 5)-(9 5 23)-(13 31 15)]
0.7052, 0.543401025390625, [(8 7 25)-(7 43 25)-(7 60 30)-(13 41 1)]
0.714, 0.5525317840576172, [(11 49 12)-(11 45 9)-(7 28 10)-(12 12 11)]
0.714, 0.5525317169189452, [(5 33 17)-(10 29 28)-(4 59 6)-(0 4 2)]
0.714, 0.5525317199707032, [(11 58 9)-(7 43 13)-(15 44 3)-(13 40 17)]
0.7041, 0.5462105346679688, [(14 21 23)-(8 19 20)-(3 16 24)-(3 47 14)]
0.7132000000000001, 0.5520443817138672, [(13 58 7)-(2 13 22)-(4 33 13)-(13 59 24)]
0.714, 0.552531869506836, [(6 61 0)-(10 27 13)-(12 15 8)-(7 46 15)]
0.714, 0.5525317260742187, [(8 15 2)-(10 45 12)-(0 19 4)-(0 37 22)]
0.3451, 0.8398603302001953, [(2 30 8)-(3 19 26)-(2 29 30)-(15 1 3)]
0.714, 0.5525356323242188, [(11 14 6)-(6 48 29)-(8 20 16)-(9 32 4)]
0.714, 0.5525317260742187, [(15 21 16)-(1 29 7)-(11 46 6)-(8 1 27)]
0.7144999999999999, 0.5524918701171875, [(5 59 22)-(5 14 7)-(12 3 20)-(9 63 5)]
0.1, 0.0, [(12 0 30)-(3 44 8)-(4 31 12)-(6 61 3)]
0.5178, 0.5914640808105469, [(14 10 15)-(15 0 26)-(4 23 17)-(8 61 4)]
0.7128, 0.5533687469482422, [(5 17 19)-(2 7 5)-(6 21 3)-(8 0 18)]
0.714, 0.5525317199707032, [(14 30 25)-(14 49 29)-(2 49 1)-(5 39 5)]
0.7112, 0.552942984008789, [(9 39 8)-(14 13 0)-(9 25 25)-(1 18 28)]
0.714, 0.5525321136474609, [(7 36 31)-(13 41 1)-(10 5 15)-(1 45 8)]
0.7133, 0.5522766418457031, [(13 4 5)-(10 27 15)-(1 33 0)-(0 12 24)]
0.713, 0.5527423919677734, [(8 40 16)-(9 6 22)-(9 12 11)-(14 24 8)]
0.7142, 0.5525277404785156, [(11 34 3)-(11 54 22)-(7 13 20)-(4 3 17)]
0.7142999999999999, 0.5526186096191406, [(13 3 7)-(3 15 3)-(10 4 21)-(10 47 23)]
0.7139, 0.5525415802001954, [(5 19 14)-(5 50 12)-(2 39 1)-(4 28 29)]
0.7133, 0.5524695526123047, [(14 6 17)-(7 4 23)-(9 61 12)-(15 10 7)]
0.714, 0.5525317199707032, [(2 35 25)-(2 11 26)-(8 56 12)-(13 24 7)]
0.714, 0.5525317291259766, [(12 30 30)-(6 34 31)-(14 24 2)-(9 55 0)]
0.7138, 0.5525374542236328, [(0 19 18)-(5 15 19)-(0 23 0)-(12 46 23)]
0.714, 0.5525317199707032, [(11 47 12)-(4 43 2)-(13 26 3)-(14 33 20)]
0.714, 0.5525317230224609, [(5 51 3)-(15 26 16)-(9 53 2)-(3 50 1)]
0.714, 0.5525317199707032, [(4 44 6)-(0 25 29)-(10 32 18)-(14 18 17)]
0.714, 0.5525316864013672, [(3 6 3)-(3 22 11)-(12 38 13)-(13 6 28)]
0.7139, 0.5525247558593751, [(1 19 19)-(9 56 26)-(5 39 26)-(3 33 5)]
0.714, 0.5525317352294922, [(10 16 5)-(6 44 2)-(12 4 3)-(7 32 22)]
0.714, 0.5525310943603515, [(14 45 6)-(14 22 10)-(6 27 11)-(13 31 8)]
0.714, 0.5525317413330078, [(10 35 10)-(10 45 19)-(7 61 25)-(14 22 5)]
0.7131, 0.5523108581542968, [(13 44 14)-(13 15 19)-(3 16 2)-(0 3 19)]
0.1036, 0.0, [(13 47 18)-(4 15 30)-(11 34 14)-(4 38 21)]
0.714, 0.5525317291259766, [(2 59 17)-(14 5 1)-(7 54 11)-(4 57 13)]
0.7127, 0.5531195404052734, [(9 7 23)-(8 2 0)-(7 30 4)-(8 61 10)]
0.714, 0.5525317199707032, [(15 19 24)-(14 54 0)-(8 1 4)-(15 44 15)]
0.7137, 0.5528227691650391, [(10 34 4)-(6 0 16)-(1 41 0)-(9 20 28)]
0.714, 0.5525317260742187, [(9 36 14)-(12 62 14)-(14 32 16)-(14 58 16)]
0.714, 0.5525317291259766, [(3 15 7)-(10 42 24)-(12 33 25)-(13 25 5)]
0.7121999999999999, 0.5525433990478517, [(3 21 24)-(9 55 10)-(12 54 2)-(11 28 3)]
0.714, 0.5525266708374024, [(7 45 9)-(2 18 16)-(7 62 25)-(12 49 11)]
0.714, 0.5525301177978515, [(3 35 22)-(6 0 1)-(7 41 1)-(8 24 15)]
0.714, 0.5525317169189453, [(11 21 3)-(13 32 10)-(8 56 16)-(13 20 28)]
0.714, 0.5525317138671875, [(5 33 31)-(5 38 1)-(11 51 12)-(3 14 28)]
0.714, 0.5525317352294923, [(14 32 28)-(12 62 22)-(3 62 29)-(8 24 1)]
0.714, 0.5525317077636718, [(0 16 2)-(1 62 2)-(9 11 6)-(12 23 0)]
0.714, 0.5525317169189453, [(6 61 29)-(15 47 14)-(6 3 2)-(10 53 13)]
0.714, 0.5525315338134765, [(7 47 27)-(8 34 7)-(7 54 13)-(3 20 13)]
0.714, 0.5525317291259766, [(5 61 9)-(10 36 6)-(0 42 26)-(12 39 30)]
0.714, 0.55253173828125, [(10 6 9)-(13 19 5)-(0 60 12)-(5 4 3)]
0.7145, 0.5529941345214844, [(6 29 26)-(2 59 10)-(5 21 12)-(13 58 25)]
0.714, 0.5525317199707032, [(7 35 2)-(4 59 22)-(14 30 14)-(15 13 28)]
0.7105, 0.5524769500732423, [(12 26 23)-(15 49 6)-(11 12 0)-(4 57 4)]
0.714, 0.5525189270019532, [(7 44 11)-(3 40 27)-(7 14 3)-(2 22 18)]
0.7112, 0.550712777709961, [(10 31 28)-(2 37 2)-(1 10 16)-(10 26 31)]
0.7134, 0.5522206481933594, [(7 6 23)-(11 42 7)-(3 43 11)-(6 13 13)]
0.714, 0.552531623840332, [(14 37 30)-(2 6 8)-(3 57 4)-(11 62 29)]
0.7148, 0.5524757385253907, [(7 57 26)-(15 10 14)-(8 45 9)-(11 23 22)]
0.714, 0.5525317474365234, [(3 23 8)-(9 37 10)-(1 9 5)-(5 30 21)]
0.1007, 0.0, [(12 11 26)-(2 9 30)-(12 15 30)-(4 15 16)]
0.714, 0.5525317199707032, [(11 24 29)-(6 41 4)-(13 24 7)-(7 43 20)]
0.7138, 0.5525948760986328, [(15 60 22)-(14 56 17)-(3 6 18)-(10 39 10)]
0.714, 0.5525317260742187, [(11 53 6)-(13 24 12)-(14 56 10)-(11 54 5)]
0.714, 0.552531753540039, [(13 56 31)-(13 14 6)-(0 46 15)-(2 27 6)]
0.714, 0.5525317169189453, [(12 29 8)-(2 37 25)-(15 34 28)-(12 7 4)]
0.7143999999999999, 0.5524057922363281, [(11 52 0)-(9 12 31)-(5 57 19)-(10 58 6)]
0.6848, 0.5280288650512696, [(0 49 18)-(14 53 3)-(7 20 31)-(2 61 23)]
0.699, 0.5386317138671874, [(2 19 12)-(11 13 30)-(0 33 30)-(10 54 21)]
0.7137, 0.55257431640625, [(2 29 26)-(6 19 19)-(2 56 26)-(3 7 21)]
0.714, 0.5525317443847657, [(15 30 26)-(15 41 11)-(10 16 0)-(15 41 10)]
0.7124999999999999, 0.5538722930908203, [(3 8 1)-(2 56 14)-(5 38 18)-(7 9 31)]
0.7144999999999999, 0.5521444488525391, [(7 32 27)-(11 6 5)-(13 33 16)-(11 10 23)]
0.7137, 0.5520966918945313, [(13 17 11)-(0 26 16)-(6 10 11)-(4 11 23)]
0.7078, 0.5532309127807618, [(1 11 24)-(12 4 0)-(3 13 2)-(10 27 21)]
0.7123999999999999, 0.5543382873535156, [(8 7 26)-(13 32 11)-(15 49 24)-(15 12 22)]
0.7072, 0.5447700256347656, [(5 41 9)-(12 6 25)-(13 47 10)-(7 39 1)]
0.7139, 0.5533316040039062, [(3 53 10)-(6 54 21)-(14 1 2)-(2 9 21)]
0.714, 0.55253173828125, [(7 63 10)-(0 57 15)-(15 42 23)-(8 56 25)]
0.713, 0.5506156799316406, [(1 31 0)-(9 52 25)-(10 1 23)-(10 3 20)]
0.7138, 0.5522197326660157, [(2 25 20)-(14 59 9)-(8 27 26)-(5 16 16)]
0.714, 0.5525317199707032, [(11 43 16)-(9 36 23)-(9 12 10)-(9 49 31)]
0.714, 0.552531329345703, [(13 42 10)-(8 60 26)-(3 10 27)-(10 9 14)]
0.7134, 0.5526110595703124, [(14 39 16)-(4 54 28)-(4 20 5)-(7 25 22)]
0.7137, 0.5525070251464843, [(7 4 20)-(5 38 6)-(14 34 10)-(1 44 29)]
0.714, 0.5525315795898438, [(0 51 5)-(6 20 11)-(4 39 5)-(5 36 27)]
0.714, 0.5525316375732421, [(9 49 22)-(15 9 27)-(3 10 16)-(15 61 30)]
0.714, 0.5525318145751953, [(14 23 5)-(14 47 18)-(11 7 13)-(5 48 20)]
0.714, 0.5525317260742187, [(10 54 18)-(12 49 4)-(7 43 11)-(4 29 27)]
0.714, 0.5525317352294922, [(7 31 6)-(15 28 23)-(1 51 28)-(9 39 22)]
0.714, 0.5525377410888672, [(8 23 15)-(11 33 11)-(7 22 8)-(13 2 7)]
0.7053, 0.5422006607055664, [(8 60 3)-(8 20 31)-(12 28 14)-(0 13 5)]
0.714, 0.5525317626953126, [(7 11 10)-(6 44 19)-(1 61 11)-(14 57 25)]
0.7137, 0.5528227569580078, [(9 34 21)-(11 31 11)-(6 0 16)-(11 12 5)]
0.714, 0.5525317260742187, [(11 41 28)-(10 51 13)-(3 38 26)-(14 44 4)]
0.714, 0.5525317260742187, [(1 54 4)-(7 46 2)-(0 21 3)-(9 59 16)]
0.714, 0.5525322143554687, [(9 40 1)-(0 9 12)-(9 13 0)-(4 30 15)]
0.714, 0.5525317291259766, [(6 50 19)-(12 44 24)-(12 55 5)-(12 8 0)]
0.714, 0.5525317276000976, [(13 18 11)-(13 54 1)-(4 32 4)-(11 28 28)]
0.7129000000000001, 0.554366000366211, [(4 19 19)-(6 23 23)-(6 59 0)-(12 12 27)]
0.7031000000000001, 0.543023892211914, [(14 57 22)-(5 11 24)-(6 5 0)-(7 46 9)]
0.7144999999999999, 0.5525309997558594, [(7 23 24)-(13 39 5)-(8 45 30)-(10 44 2)]
0.714, 0.5525343505859375, [(15 34 10)-(5 29 18)-(7 27 4)-(6 38 14)]
0.7139, 0.552509408569336, [(9 10 29)-(11 52 29)-(0 19 19)-(4 44 3)]
0.714, 0.5525317291259766, [(11 50 9)-(0 56 8)-(7 46 29)-(13 34 23)]
0.714, 0.5525318481445313, [(9 62 1)-(5 29 12)-(13 39 3)-(6 21 0)]
0.714, 0.55253173828125, [(3 57 26)-(9 44 20)-(15 3 18)-(15 57 10)]
0.714, 0.5525316223144532, [(12 20 12)-(1 55 12)-(4 24 27)-(2 58 16)]
0.7124999999999999, 0.5488034301757813, [(11 26 17)-(1 3 22)-(2 40 20)-(11 10 25)]
0.714, 0.5525317535400391, [(10 53 21)-(3 0 3)-(0 41 8)-(14 19 28)]
0.714, 0.552531869506836, [(2 40 4)-(3 27 27)-(4 11 29)-(5 26 15)]
0.7112, 0.5499469116210938, [(1 4 25)-(14 2 5)-(14 27 25)-(15 58 16)]
0.714, 0.5525322784423827, [(5 27 10)-(2 35 25)-(13 32 20)-(10 34 7)]
0.714, 0.5525317230224609, [(14 59 13)-(1 60 7)-(9 55 31)-(0 40 14)]
0.714, 0.5525317459106445, [(2 14 2)-(5 26 9)-(0 53 15)-(8 55 16)]
0.714, 0.5525314514160156, [(0 31 26)-(7 51 15)-(5 63 1)-(8 3 12)]
0.714, 0.5525317230224609, [(14 30 27)-(4 48 4)-(3 61 25)-(11 4 2)]
0.6829000000000001, 0.5391073883056641, [(3 16 25)-(7 51 19)-(13 34 13)-(4 21 15)]
0.714, 0.5525317321777343, [(7 54 8)-(5 62 29)-(1 5 8)-(8 20 3)]
0.7132000000000001, 0.5532048370361329, [(7 61 20)-(5 4 23)-(6 58 3)-(12 29 11)]
0.714, 0.5525317230224609, [(6 45 27)-(8 52 27)-(4 25 3)-(9 39 11)]
0.7136, 0.5522023040771484, [(6 11 6)-(10 23 22)-(13 44 14)-(5 57 12)]
0.7137, 0.5529520538330078, [(14 0 19)-(11 32 8)-(4 44 25)-(2 10 3)]
0.7138, 0.5525209259033204, [(2 0 11)-(13 55 28)-(14 9 9)-(1 7 18)]
0.7139, 0.5525633117675781, [(11 50 9)-(11 34 25)-(6 2 0)-(1 9 19)]
0.714, 0.55253173828125, [(5 48 6)-(4 50 13)-(4 43 21)-(1 40 10)]
0.714, 0.5525317199707032, [(2 44 17)-(12 55 19)-(13 46 21)-(7 31 28)]
0.7138, 0.5525546875, [(15 12 30)-(7 19 19)-(7 46 7)-(8 46 27)]
0.714, 0.5525316436767578, [(10 48 11)-(6 61 27)-(12 59 27)-(4 3 11)]
0.714, 0.5525317230224609, [(14 30 4)-(5 50 5)-(9 33 24)-(2 58 20)]
0.7107000000000001, 0.5477735687255859, [(14 23 16)-(8 16 29)-(14 28 15)-(9 11 25)]
0.714, 0.5525297302246094, [(1 13 5)-(2 20 1)-(0 12 19)-(1 39 11)]
0.714, 0.5525317199707032, [(14 11 16)-(15 29 0)-(14 39 10)-(9 37 3)]
0.7098, 0.549903628540039, [(4 25 25)-(0 37 8)-(14 0 29)-(3 51 23)]
0.714, 0.5525318572998047, [(9 52 13)-(13 27 25)-(11 2 2)-(5 14 11)]
0.714, 0.5525317291259766, [(1 43 4)-(0 54 18)-(15 19 5)-(9 51 26)]
0.714, 0.55253173828125, [(12 56 20)-(5 48 22)-(13 9 2)-(7 46 18)]
0.714, 0.5525316497802735, [(6 25 27)-(9 46 11)-(2 10 14)-(3 29 6)]
0.714, 0.5525318756103516, [(14 2 8)-(15 8 31)-(0 36 24)-(5 63 19)]
0.7142, 0.5524101104736328, [(7 13 13)-(1 30 19)-(14 9 14)-(10 20 24)]
0.7138, 0.5524569671630859, [(13 26 22)-(8 18 6)-(0 21 19)-(11 2 6)]
0.714, 0.5525326629638672, [(6 52 4)-(8 26 14)-(4 24 11)-(7 19 15)]
0.7132000000000001, 0.5526150283813477, [(13 61 24)-(12 24 31)-(10 41 20)-(10 3 19)]
0.7133, 0.5525125640869141, [(1 24 2)-(7 47 25)-(3 22 20)-(8 46 8)]
0.714, 0.5525320220947265, [(2 1 10)-(3 39 5)-(15 52 29)-(13 30 23)]
0.6892, 0.5180245223999023, [(14 20 30)-(3 51 19)-(10 29 10)-(13 2 31)]
0.714, 0.5525317169189452, [(14 9 28)-(11 53 12)-(7 48 18)-(15 45 17)]
0.714, 0.5525317260742187, [(15 60 10)-(10 45 16)-(10 34 30)-(15 9 26)]
0.714, 0.5525277130126953, [(5 8 26)-(6 20 16)-(1 55 21)-(3 42 1)]
0.714, 0.5525317413330078, [(12 15 7)-(12 23 5)-(15 58 26)-(4 45 27)]
0.7139, 0.552520913696289, [(3 61 30)-(14 45 5)-(13 35 0)-(4 7 19)]
0.714, 0.5525304565429687, [(10 7 27)-(15 59 14)-(14 35 29)-(4 13 17)]
0.714, 0.552531463623047, [(2 50 11)-(6 12 9)-(11 21 15)-(14 26 26)]
0.7137, 0.5525146697998047, [(2 7 28)-(8 2 17)-(14 11 13)-(0 20 14)]
0.714, 0.5525309661865234, [(11 39 19)-(12 14 16)-(13 52 30)-(11 37 29)]
0.714, 0.5525317199707032, [(15 3 3)-(5 53 18)-(0 18 2)-(12 8 1)]
0.714, 0.5525317321777343, [(14 20 27)-(14 40 9)-(13 55 6)-(7 21 0)]
0.7141, 0.5526948181152344, [(9 16 20)-(6 51 19)-(0 20 26)-(1 26 7)]
0.7142, 0.552556900024414, [(7 13 20)-(10 3 12)-(9 16 18)-(14 17 7)]
0.7139, 0.5517953765869141, [(9 54 8)-(4 15 24)-(7 62 29)-(13 34 27)]
0.714, 0.5525317321777343, [(15 22 0)-(14 11 0)-(3 55 22)-(5 5 5)]
0.714, 0.5525317169189452, [(11 41 27)-(6 29 28)-(15 4 26)-(4 58 5)]
0.714, 0.5525318084716797, [(8 38 27)-(13 33 23)-(2 34 11)-(10 12 13)]
0.714, 0.5525317321777343, [(4 44 21)-(11 38 23)-(4 27 4)-(4 61 29)]
0.11710000000000001, 0.0, [(6 26 29)-(12 5 30)-(11 22 9)-(5 24 17)]
0.7138, 0.5526439331054688, [(4 61 2)-(9 43 30)-(0 19 27)-(7 7 21)]
0.7138, 0.5530976104736328, [(4 57 28)-(9 58 24)-(2 50 1)-(7 18 22)]
0.714, 0.5525317138671875, [(15 62 27)-(12 54 28)-(13 51 21)-(9 58 8)]
0.1036, 0.0, [(0 43 18)-(14 43 6)-(4 4 4)-(0 24 30)]
0.7142, 0.5525399291992188, [(1 8 19)-(12 21 14)-(15 18 14)-(5 39 8)]
0.7128, 0.5564386383056641, [(4 41 19)-(12 4 31)-(6 23 24)-(9 59 27)]
0.7117, 0.5535998046874999, [(5 2 22)-(0 53 17)-(4 42 20)-(8 50 29)]
0.714, 0.5525317443847657, [(12 50 23)-(8 54 7)-(11 49 25)-(12 49 30)]
0.7141, 0.5524976440429687, [(9 39 26)-(12 29 21)-(0 5 0)-(11 52 12)]
0.714, 0.5525317230224609, [(15 21 14)-(11 50 11)-(10 31 4)-(14 42 27)]
0.714, 0.5525317230224609, [(11 22 6)-(14 3 5)-(11 45 19)-(7 34 5)]
0.12940000000000002, 0.0, [(1 8 3)-(3 16 30)-(13 44 10)-(3 27 31)]
0.7138, 0.552594937133789, [(6 25 10)-(5 10 2)-(2 0 15)-(12 45 20)]
0.714, 0.5525317291259766, [(1 18 29)-(3 59 16)-(1 2 29)-(14 40 8)]
0.7139, 0.5525324554443359, [(3 28 18)-(12 57 1)-(5 36 1)-(12 11 15)]
0.714, 0.5525317657470703, [(11 3 9)-(3 12 8)-(15 9 24)-(5 31 30)]
0.7139, 0.5525005798339844, [(0 50 0)-(8 3 18)-(12 33 30)-(5 33 28)]
0.7070000000000001, 0.552536636352539, [(2 39 2)-(9 6 26)-(6 5 21)-(12 33 27)]
0.7128000000000001, 0.5523524871826171, [(3 22 26)-(15 20 3)-(2 6 12)-(3 53 13)]
0.714, 0.5525317230224609, [(7 59 14)-(6 8 26)-(13 54 5)-(14 29 13)]
0.714, 0.5525306030273438, [(0 1 12)-(4 5 2)-(6 21 5)-(13 55 9)]
0.7142, 0.5529009796142579, [(12 42 31)-(11 1 20)-(9 20 7)-(9 18 1)]
0.714, 0.5525375274658203, [(13 20 6)-(10 22 19)-(8 41 12)-(2 29 19)]
0.7134, 0.5526255767822266, [(6 10 15)-(12 17 20)-(9 17 20)-(15 57 16)]
0.714, 0.5525317352294922, [(13 17 27)-(12 44 4)-(4 21 6)-(8 44 9)]
0.714, 0.55253173828125, [(7 8 28)-(7 46 6)-(14 41 5)-(13 53 4)]
0.714, 0.5525317291259766, [(13 61 23)-(1 13 1)-(7 42 22)-(12 63 17)]
0.7139, 0.5526909637451172, [(9 42 23)-(4 26 19)-(1 23 6)-(7 8 9)]
0.714, 0.5525317413330078, [(13 41 26)-(11 29 11)-(10 60 13)-(15 56 16)]
0.7091000000000001, 0.54947998046875, [(2 36 11)-(3 59 7)-(8 54 31)-(12 12 25)]
0.7137, 0.5526367492675781, [(11 63 13)-(10 4 22)-(12 47 15)-(4 9 13)]
0.714, 0.5525317504882812, [(3 48 13)-(10 57 24)-(8 41 7)-(0 14 9)]
0.714, 0.5525317260742187, [(3 37 16)-(13 55 20)-(15 49 17)-(8 46 3)]
0.7090000000000001, 0.5458166473388673, [(4 4 25)-(2 56 12)-(11 54 27)-(4 18 5)]
0.714, 0.5525317260742187, [(11 57 9)-(7 14 29)-(14 43 29)-(9 35 27)]
0.7104, 0.5551128051757812, [(4 29 5)-(0 17 23)-(12 0 21)-(11 29 18)]
0.714, 0.5525481567382813, [(1 23 18)-(1 39 15)-(10 23 5)-(5 4 12)]
0.714, 0.5525317260742187, [(4 25 3)-(0 17 28)-(8 61 14)-(8 58 11)]
0.7141, 0.5525723114013672, [(7 51 2)-(8 17 2)-(2 16 18)-(11 41 15)]
0.714, 0.5525317169189453, [(9 3 4)-(5 32 7)-(12 13 10)-(1 35 11)]
0.714, 0.5525384246826173, [(14 12 21)-(11 27 18)-(8 40 23)-(0 23 10)]
0.714, 0.5525317169189453, [(12 10 9)-(13 47 24)-(12 62 5)-(0 23 27)]
0.714, 0.5525313751220703, [(13 10 7)-(2 47 18)-(8 13 13)-(9 3 3)]
0.714, 0.5525318908691406, [(10 26 13)-(5 57 2)-(0 53 14)-(1 48 11)]
0.7139, 0.5525425964355468, [(8 19 17)-(5 22 6)-(14 48 21)-(13 4 8)]
0.714, 0.5525317260742187, [(9 55 31)-(4 55 16)-(1 58 18)-(1 25 29)]
0.7131000000000001, 0.5525803771972656, [(8 14 23)-(4 25 3)-(10 1 12)-(9 11 0)]
0.714, 0.5525382568359375, [(6 0 10)-(2 30 26)-(14 57 24)-(8 23 16)]
0.7137, 0.552575601196289, [(11 20 20)-(2 42 4)-(14 28 30)-(15 11 25)]
0.7108000000000001, 0.5474213516235351, [(4 37 15)-(5 4 31)-(0 8 21)-(1 48 12)]
0.714, 0.5525317169189453, [(15 9 7)-(14 61 19)-(14 50 17)-(8 60 10)]
0.714, 0.5525160858154297, [(12 54 25)-(9 13 8)-(3 54 6)-(4 3 18)]
0.7137, 0.5528735809326172, [(0 29 23)-(11 1 7)-(13 29 28)-(6 62 19)]
0.714, 0.5525317413330078, [(5 45 2)-(12 23 1)-(3 0 2)-(14 22 27)]
0.1, 0.0, [(12 13 19)-(2 54 3)-(2 0 30)-(5 2 23)]
0.714, 0.5525317291259766, [(14 22 17)-(4 23 6)-(14 28 16)-(11 37 31)]
0.714, 0.5525317169189453, [(12 38 9)-(13 45 25)-(13 34 11)-(8 51 9)]
0.714, 0.5525317230224609, [(5 23 5)-(0 37 6)-(9 49 0)-(13 7 11)]
0.714, 0.5525317230224609, [(6 44 22)-(14 33 8)-(11 51 27)-(14 32 11)]
0.714, 0.5525279479980469, [(12 20 15)-(5 16 13)-(6 49 1)-(4 48 22)]
0.714, 0.5525317230224609, [(11 21 5)-(15 19 28)-(3 63 30)-(9 58 6)]
0.7142, 0.5524586700439453, [(8 10 20)-(0 55 10)-(11 12 1)-(7 62 2)]
0.714, 0.5525317749023437, [(8 41 17)-(1 20 10)-(7 59 20)-(15 20 17)]
0.714, 0.5525317291259766, [(1 16 28)-(6 7 0)-(7 35 10)-(13 15 21)]
0.714, 0.5525317260742187, [(4 54 21)-(13 42 10)-(10 33 23)-(5 55 22)]
0.7098, 0.5510843444824218, [(6 20 23)-(3 32 16)-(4 46 24)-(15 30 24)]
0.7137, 0.5525491973876953, [(5 25 20)-(12 32 6)-(3 1 4)-(14 18 11)]
0.714, 0.5525317260742187, [(14 3 25)-(2 48 30)-(14 10 20)-(2 57 11)]
0.714, 0.5525317321777343, [(6 38 17)-(1 54 1)-(13 41 13)-(5 38 6)]
0.714, 0.5525317352294923, [(6 34 17)-(3 43 22)-(15 38 8)-(2 43 5)]
0.7085, 0.55037919921875, [(2 62 29)-(14 6 20)-(6 10 0)-(5 16 25)]
0.122, 0.0, [(14 28 25)-(13 43 20)-(10 26 30)-(8 12 0)]
0.7137, 0.5525671615600586, [(5 24 29)-(15 29 22)-(7 20 16)-(8 57 25)]
0.7136, 0.5525465576171875, [(1 2 1)-(10 2 20)-(9 60 1)-(10 35 30)]
0.714, 0.5525317199707032, [(0 49 4)-(2 34 28)-(2 47 22)-(4 32 15)]
0.712, 0.5510510040283203, [(6 55 17)-(8 28 9)-(9 12 26)-(5 49 19)]
0.714, 0.5525347961425782, [(12 49 26)-(5 54 17)-(5 9 14)-(15 16 13)]
0.714, 0.5525305236816407, [(3 10 4)-(1 7 14)-(5 14 3)-(0 36 31)]
0.7138, 0.5525346527099609, [(9 25 15)-(12 18 12)-(14 43 1)-(15 55 7)]
0.7107, 0.5485394439697266, [(11 0 16)-(14 34 25)-(6 48 31)-(4 16 24)]
0.714, 0.5525317138671875, [(12 43 6)-(14 16 12)-(2 26 3)-(2 33 7)]
0.7135, 0.5525458618164063, [(15 51 6)-(9 28 10)-(11 12 17)-(11 9 11)]
0.7141, 0.5525309783935546, [(5 41 10)-(13 51 0)-(9 14 22)-(15 40 5)]
0.714, 0.5525317199707032, [(8 39 12)-(4 25 29)-(10 19 6)-(15 5 1)]
0.714, 0.5525316589355469, [(10 56 30)-(10 29 12)-(9 12 9)-(4 53 18)]
0.714, 0.5525317108154297, [(5 16 0)-(13 20 31)-(15 62 27)-(11 54 10)]
0.7139, 0.5525310546875, [(2 41 22)-(10 49 13)-(5 7 17)-(7 2 8)]
0.714, 0.5525317291259766, [(4 10 2)-(5 53 30)-(13 29 1)-(15 18 9)]
0.714, 0.5525353302001953, [(10 33 23)-(10 2 15)-(13 60 18)-(11 38 27)]
0.714, 0.5525322296142579, [(10 48 14)-(12 27 15)-(4 27 3)-(11 16 15)]
0.714, 0.5524789093017579, [(15 3 18)-(6 31 25)-(6 16 20)-(11 35 26)]
0.714, 0.5525317230224609, [(7 8 27)-(1 11 3)-(12 60 7)-(6 7 3)]
0.7053, 0.5422007385253906, [(11 51 6)-(8 20 31)-(8 34 30)-(3 55 25)]
0.7111000000000001, 0.5475902618408204, [(3 7 5)-(12 45 12)-(2 7 24)-(14 49 6)]
0.714, 0.5525314666748047, [(14 30 31)-(0 19 12)-(8 46 8)-(6 62 9)]
0.714, 0.5525317443847657, [(9 46 6)-(12 33 13)-(15 1 10)-(8 2 28)]
0.714, 0.5525317260742187, [(11 63 29)-(1 53 3)-(8 35 5)-(0 50 23)]
0.579, 0.4871192718505859, [(9 51 23)-(6 2 25)-(9 56 19)-(4 53 21)]
0.714, 0.5525317169189452, [(14 50 26)-(2 42 29)-(13 7 4)-(7 15 8)]
0.714, 0.5525317169189452, [(0 52 2)-(2 59 2)-(13 3 15)-(15 31 0)]
0.7126, 0.5484152008056641, [(10 55 28)-(15 28 18)-(2 15 31)-(2 8 9)]
0.7139, 0.5542462142944335, [(6 19 16)-(14 55 16)-(1 0 19)-(11 41 4)]
0.1002, 0.0, [(12 8 30)-(11 39 6)-(4 34 26)-(6 10 29)]
0.714, 0.5525317230224609, [(2 51 15)-(12 59 3)-(9 37 3)-(15 24 24)]
0.714, 0.5525318084716797, [(11 45 17)-(13 46 14)-(0 28 29)-(2 26 9)]
0.7033, 0.5413485931396484, [(0 7 3)-(15 20 13)-(9 50 31)-(9 11 30)]
0.7138, 0.5545558349609374, [(15 5 8)-(1 41 30)-(6 14 23)-(11 33 31)]
0.7122999999999999, 0.5522751007080078, [(6 34 13)-(5 15 24)-(3 30 5)-(1 56 25)]
0.7139, 0.5525336334228516, [(12 13 17)-(13 25 30)-(2 36 19)-(14 63 27)]
0.714, 0.552531721496582, [(14 28 5)-(2 53 23)-(15 23 4)-(13 9 13)]
0.7125, 0.553132943725586, [(9 39 10)-(0 41 27)-(9 7 23)-(11 8 19)]
0.638, 0.4921313110351563, [(8 7 31)-(1 60 7)-(15 35 22)-(5 57 19)]
0.7139, 0.5525378967285157, [(7 12 15)-(13 59 22)-(12 25 17)-(10 62 13)]
0.714, 0.5525317199707032, [(3 26 27)-(2 14 1)-(5 59 29)-(9 45 31)]
0.714, 0.5525274810791017, [(8 62 21)-(5 42 20)-(11 61 24)-(10 29 19)]
0.7079, 0.548646240234375, [(10 23 7)-(10 2 23)-(14 42 21)-(5 59 24)]
0.714, 0.55253173828125, [(10 34 15)-(1 53 27)-(7 12 10)-(9 26 1)]
0.714, 0.5525317230224609, [(1 49 11)-(7 7 26)-(0 57 15)-(2 30 19)]
0.714, 0.5525317413330078, [(5 56 6)-(3 57 26)-(0 42 11)-(10 61 26)]
0.714, 0.5525543426513673, [(10 4 17)-(13 8 20)-(11 0 13)-(1 47 17)]
0.714, 0.5525317138671875, [(4 57 30)-(15 9 23)-(15 40 6)-(15 49 13)]
0.714, 0.5525317321777343, [(2 15 3)-(13 34 8)-(14 12 7)-(15 50 24)]
0.6787000000000001, 0.5573449249267578, [(4 8 25)-(7 2 3)-(14 10 15)-(11 35 28)]
0.7138, 0.5526483947753906, [(7 1 17)-(13 5 3)-(11 8 21)-(10 53 6)]
0.714, 0.5525317199707032, [(1 33 22)-(3 39 24)-(14 30 20)-(9 49 1)]
0.7129, 0.5518390502929688, [(10 12 31)-(2 53 7)-(8 20 10)-(10 53 25)]
0.714, 0.5525317199707032, [(9 57 26)-(12 39 14)-(14 48 0)-(6 24 24)]
0.714, 0.5525316741943359, [(5 13 12)-(10 32 1)-(14 13 30)-(7 38 23)]
0.7137, 0.5526477783203125, [(11 24 18)-(13 8 9)-(8 23 20)-(4 43 17)]
0.7139, 0.5525418945312499, [(5 19 14)-(11 61 26)-(4 57 31)-(11 16 14)]
0.714, 0.5525575500488281, [(4 62 8)-(4 21 4)-(1 30 29)-(4 11 19)]
0.714, 0.5525317779541016, [(0 29 11)-(0 34 31)-(1 36 10)-(0 18 28)]
0.6426, 0.525724998474121, [(14 60 6)-(13 34 5)-(1 1 23)-(2 44 19)]
0.714, 0.5525317260742187, [(4 41 3)-(8 13 26)-(6 49 19)-(3 39 19)]
0.714, 0.5525315063476562, [(6 55 7)-(1 46 6)-(13 56 30)-(6 12 12)]
0.714, 0.5525317260742187, [(7 23 1)-(5 37 24)-(14 23 8)-(12 53 31)]
0.714, 0.5525317352294923, [(0 37 30)-(12 48 28)-(0 42 21)-(13 32 21)]
0.7137, 0.5526050262451172, [(2 6 4)-(2 18 26)-(9 18 19)-(14 33 21)]
0.7072, 0.5525042144775391, [(12 62 5)-(0 7 7)-(9 6 26)-(15 63 10)]
0.714, 0.552531704711914, [(13 50 0)-(4 29 11)-(14 45 28)-(5 40 10)]
0.714, 0.5525313018798828, [(12 58 18)-(13 49 18)-(12 1 11)-(6 18 4)]
0.7141, 0.5526179656982422, [(5 12 13)-(12 32 2)-(9 13 18)-(10 59 22)]
0.7129000000000001, 0.5534842071533204, [(3 3 23)-(8 57 16)-(0 63 20)-(5 9 13)]
0.7145999999999999, 0.553096255493164, [(15 21 25)-(7 28 24)-(0 47 22)-(7 22 0)]
0.714, 0.5525317138671875, [(13 52 8)-(13 29 21)-(10 14 28)-(3 33 10)]
0.714, 0.5525315124511718, [(2 28 27)-(6 31 25)-(11 17 15)-(11 44 28)]
0.714, 0.5525318115234374, [(12 46 10)-(7 25 15)-(9 49 9)-(3 58 13)]
0.7121, 0.5557837066650391, [(6 52 14)-(15 0 21)-(8 0 28)-(1 41 16)]
0.714, 0.5525317199707032, [(3 25 0)-(11 44 18)-(15 34 22)-(15 27 18)]
0.7131, 0.5526166046142578, [(4 62 19)-(5 2 17)-(15 40 28)-(3 40 11)]
0.7095, 0.5508706512451171, [(7 12 16)-(1 5 25)-(13 44 21)-(15 22 31)]
0.714, 0.5525317321777343, [(7 29 6)-(14 36 29)-(0 52 15)-(13 37 27)]
0.714, 0.5525317260742187, [(10 52 30)-(4 56 4)-(7 53 26)-(9 51 15)]
0.714, 0.5525317413330078, [(7 25 2)-(6 27 0)-(14 27 13)-(8 53 18)]
0.714, 0.5525321502685547, [(5 60 28)-(8 26 14)-(5 59 31)-(0 15 4)]
0.714, 0.5525316162109375, [(1 45 24)-(12 63 14)-(7 44 14)-(6 24 16)]
0.3749, 0.7815942962646485, [(3 22 30)-(9 7 11)-(13 20 25)-(10 9 29)]
0.714, 0.5525572357177735, [(13 43 1)-(6 6 17)-(14 18 11)-(7 19 27)]
0.714, 0.5525313049316407, [(5 16 1)-(9 25 26)-(10 9 15)-(3 2 3)]
0.714, 0.5525317535400391, [(11 11 5)-(10 61 11)-(14 14 8)-(10 4 11)]
0.7136, 0.5524607635498047, [(6 33 28)-(3 41 22)-(3 18 15)-(8 15 20)]
0.714, 0.5525317321777343, [(7 37 28)-(13 53 20)-(7 44 18)-(1 47 27)]
0.714, 0.5525317321777343, [(0 24 28)-(9 49 6)-(1 63 21)-(6 40 1)]
0.714, 0.5525317260742187, [(9 35 24)-(12 5 0)-(8 27 4)-(6 54 6)]
0.7138, 0.552424624633789, [(11 15 10)-(0 4 20)-(5 3 28)-(9 62 24)]
0.7122, 0.5496014923095703, [(7 29 31)-(11 26 3)-(5 25 28)-(12 41 29)]
0.714, 0.5525317230224609, [(9 28 5)-(15 40 15)-(4 61 4)-(15 38 24)]
0.7141, 0.5525666259765625, [(1 25 20)-(0 30 29)-(2 24 6)-(10 40 25)]
0.714, 0.5525316986083985, [(0 20 5)-(11 53 19)-(3 9 12)-(13 10 11)]
0.714, 0.5525317352294923, [(9 32 16)-(13 29 27)-(6 60 23)-(15 27 16)]
0.714, 0.5525317321777343, [(12 43 16)-(11 7 26)-(15 11 6)-(15 58 7)]
0.38, 0.7205687957763671, [(5 63 2)-(8 15 30)-(3 62 19)-(4 62 25)]
0.714, 0.5525317169189452, [(13 26 13)-(13 52 25)-(8 37 27)-(11 33 26)]
0.7131000000000001, 0.5540639678955078, [(11 17 24)-(5 33 18)-(1 37 1)-(15 17 12)]
0.714, 0.5525314758300781, [(12 25 12)-(1 44 30)-(7 63 28)-(13 60 0)]
0.7135, 0.5524610565185546, [(9 19 19)-(3 15 20)-(8 35 1)-(12 20 6)]
0.714, 0.5525317352294923, [(4 36 28)-(9 43 27)-(6 37 28)-(14 50 10)]
0.714, 0.5525317260742187, [(12 25 4)-(5 10 3)-(5 59 6)-(4 20 3)]
0.714, 0.5525318786621094, [(12 7 12)-(5 49 27)-(14 24 7)-(2 3 14)]
0.714, 0.5525320587158202, [(15 8 26)-(14 29 17)-(9 7 14)-(1 38 16)]
0.7138, 0.5554042633056641, [(15 39 22)-(13 43 26)-(15 14 25)-(6 19 31)]
0.714, 0.5525317260742187, [(12 48 0)-(11 44 6)-(8 48 12)-(10 40 0)]
0.714, 0.5525300079345703, [(10 59 21)-(8 39 21)-(3 7 17)-(12 14 29)]
0.714, 0.5525316986083985, [(5 37 0)-(3 9 11)-(9 55 7)-(7 40 14)]
0.714, 0.5525318481445313, [(10 21 15)-(0 3 6)-(4 53 31)-(5 6 29)]
0.714, 0.5525317108154297, [(2 61 1)-(15 39 25)-(4 3 7)-(12 46 5)]
0.714, 0.5525041961669921, [(11 25 21)-(6 25 15)-(4 13 17)-(3 54 27)]
0.714, 0.5525323608398438, [(6 35 0)-(10 7 18)-(13 62 29)-(9 38 4)]
0.714, 0.5525315917968749, [(8 41 30)-(7 58 13)-(15 55 25)-(4 24 16)]
0.7139, 0.5525601470947266, [(12 35 31)-(12 41 11)-(4 21 17)-(6 29 7)]
0.7141, 0.5526484680175782, [(0 25 22)-(15 16 25)-(14 47 19)-(14 41 7)]
0.714, 0.552532211303711, [(14 53 14)-(13 2 28)-(5 3 15)-(9 50 17)]
0.7121999999999999, 0.5461358367919922, [(12 35 28)-(11 11 25)-(1 15 26)-(0 1 11)]
0.714, 0.5525317260742187, [(8 41 8)-(6 0 29)-(8 50 31)-(2 11 28)]
0.714, 0.5525317230224609, [(4 35 8)-(6 55 0)-(15 23 19)-(15 13 23)]
0.7138, 0.5526543182373047, [(14 19 31)-(12 26 20)-(7 14 7)-(4 50 27)]
0.714, 0.5525317504882812, [(10 21 8)-(0 13 9)-(15 48 30)-(11 28 1)]
0.7129000000000001, 0.5540121856689453, [(12 27 26)-(11 14 24)-(15 63 20)-(0 6 28)]
0.714, 0.5525318817138671, [(2 45 12)-(15 10 18)-(12 26 11)-(6 50 27)]
0.714, 0.5525319046020507, [(13 18 27)-(9 31 2)-(10 26 12)-(1 54 13)]
0.714, 0.552505746459961, [(4 10 22)-(1 5 13)-(5 5 2)-(9 17 12)]
0.714, 0.552533187866211, [(6 15 13)-(4 21 7)-(9 8 1)-(5 14 14)]
0.7136, 0.5526482391357421, [(13 24 22)-(15 2 12)-(2 34 8)-(1 21 22)]
0.714, 0.5525318283081054, [(6 36 22)-(3 19 15)-(4 61 11)-(6 58 21)]
0.7138, 0.5525701873779296, [(6 14 10)-(0 56 22)-(10 59 11)-(13 2 18)]
0.714, 0.5525317291259766, [(2 57 3)-(5 31 5)-(5 44 0)-(10 30 29)]
0.7039, 0.5492511505126954, [(11 32 21)-(7 5 21)-(11 42 28)-(5 20 25)]
0.714, 0.5525317352294922, [(4 62 20)-(13 44 19)-(14 46 9)-(4 44 31)]
0.7141, 0.5525228149414062, [(14 60 10)-(3 3 21)-(13 61 3)-(4 53 3)]
0.714, 0.5525317260742187, [(11 33 12)-(6 40 11)-(6 52 23)-(8 32 24)]
0.714, 0.5525317535400391, [(8 41 1)-(15 29 16)-(0 8 1)-(9 29 12)]
0.7091000000000001, 0.549195523071289, [(3 14 25)-(4 26 9)-(3 38 20)-(0 27 20)]
0.714, 0.5525344665527343, [(14 8 20)-(12 18 15)-(0 55 24)-(13 41 16)]
0.714, 0.5525317321777343, [(10 54 15)-(6 40 24)-(0 55 0)-(11 62 29)]
0.6551, 0.5195656417846679, [(6 4 25)-(12 44 28)-(2 54 9)-(1 5 21)]
0.714, 0.5525317230224609, [(3 13 11)-(10 42 7)-(1 48 14)-(15 5 12)]
0.714, 0.5525317321777343, [(1 48 26)-(1 3 26)-(14 57 19)-(15 27 11)]
0.5929, 0.4984657485961914, [(1 1 4)-(11 1 24)-(8 33 15)-(2 57 20)]
0.714, 0.5525317138671875, [(14 57 21)-(15 28 21)-(11 19 0)-(0 49 24)]
0.714, 0.5525310913085937, [(7 34 12)-(6 5 15)-(4 48 25)-(13 29 1)]
0.7135, 0.5527572967529297, [(5 22 8)-(3 17 7)-(6 15 21)-(13 62 14)]
0.7135, 0.5526560028076173, [(4 21 5)-(8 7 18)-(9 31 22)-(1 25 21)]
0.714, 0.5525317291259766, [(4 42 14)-(14 13 6)-(7 8 28)-(14 40 24)]
0.714, 0.5525317260742187, [(0 36 16)-(14 36 0)-(11 35 27)-(9 8 6)]
0.714, 0.552532177734375, [(0 31 21)-(10 5 20)-(13 62 22)-(11 23 5)]
0.7138, 0.5525257751464844, [(5 40 24)-(9 21 18)-(14 53 15)-(12 2 15)]
0.714, 0.5525868133544922, [(9 20 19)-(15 23 22)-(2 55 27)-(1 51 14)]
0.714, 0.5525317321777343, [(10 43 0)-(7 54 1)-(6 49 16)-(10 52 16)]
0.714, 0.5525317199707032, [(8 2 2)-(1 34 4)-(6 37 25)-(2 47 4)]
0.714, 0.552531787109375, [(8 41 30)-(0 47 1)-(11 63 27)-(7 19 10)]
0.7139, 0.5525331085205079, [(12 24 18)-(1 40 19)-(15 45 28)-(0 41 9)]
0.714, 0.5525317199707032, [(1 58 2)-(2 46 3)-(1 39 16)-(6 9 29)]
0.7074, 0.5617741851806641, [(13 26 20)-(9 0 22)-(5 24 17)-(15 59 26)]
0.714, 0.5525317260742187, [(1 43 15)-(12 48 16)-(11 41 28)-(1 51 12)]
0.714, 0.5525349273681641, [(12 45 19)-(4 15 16)-(9 21 0)-(14 17 25)]
0.714, 0.5525318420410157, [(7 37 21)-(15 28 12)-(12 17 10)-(10 40 17)]
0.6989000000000001, 0.5551841186523437, [(3 30 19)-(1 46 28)-(5 43 11)-(6 8 31)]
0.714, 0.5525317230224609, [(13 18 16)-(10 49 17)-(5 3 3)-(15 39 29)]
0.7124, 0.5496519897460937, [(8 27 18)-(11 48 19)-(7 54 27)-(8 10 24)]
0.7134, 0.5525806396484374, [(2 40 22)-(11 42 11)-(4 19 9)-(10 1 20)]
0.7136, 0.5528410247802734, [(12 41 8)-(6 14 19)-(14 1 17)-(6 2 12)]
0.7141, 0.5525973419189453, [(13 38 13)-(3 12 13)-(4 11 20)-(4 12 6)]
0.714, 0.5525255828857423, [(5 5 29)-(10 41 30)-(4 9 18)-(10 60 0)]
0.699, 0.5386298446655273, [(12 56 16)-(1 30 2)-(11 13 30)-(7 45 29)]
0.7138, 0.5528109832763672, [(3 22 14)-(12 23 7)-(12 32 14)-(2 8 18)]
0.7139, 0.5525410064697265, [(3 2 14)-(4 29 18)-(11 38 15)-(10 35 1)]
0.7133, 0.5503400573730469, [(0 32 21)-(9 60 25)-(4 61 16)-(2 20 26)]
0.714, 0.5525371185302734, [(12 58 6)-(7 3 18)-(0 57 29)-(7 49 26)]
0.7062999999999999, 0.5526551025390625, [(12 17 5)-(12 56 18)-(10 6 24)-(5 6 11)]
0.714, 0.5525317321777343, [(14 44 25)-(14 43 18)-(4 45 15)-(2 33 2)]
0.714, 0.5525317138671875, [(15 11 8)-(0 49 21)-(11 36 24)-(12 35 17)]
0.714, 0.5525317352294922, [(11 49 7)-(2 54 10)-(7 44 25)-(13 57 26)]
0.714, 0.5525317230224609, [(15 54 3)-(14 3 16)-(14 36 2)-(12 39 17)]
0.7136, 0.5525391876220703, [(13 24 27)-(10 59 29)-(12 6 19)-(3 38 7)]
0.714, 0.5525317260742187, [(9 40 13)-(11 61 16)-(6 56 8)-(9 37 3)]
0.714, 0.5525316650390626, [(10 61 20)-(4 7 12)-(7 36 31)-(10 50 5)]
0.7016, 0.5433010772705078, [(3 55 18)-(2 7 16)-(9 34 12)-(3 27 31)]
0.714, 0.5525317321777343, [(15 44 3)-(6 3 0)-(6 48 4)-(7 52 4)]
0.714, 0.5525317199707032, [(5 39 9)-(0 51 8)-(10 56 0)-(8 61 27)]
0.7131000000000001, 0.5525047149658203, [(10 63 23)-(11 31 0)-(1 11 21)-(14 16 21)]
0.714, 0.5525317230224609, [(10 53 20)-(8 47 19)-(0 57 22)-(2 63 30)]
0.714, 0.5525317474365234, [(6 61 31)-(6 51 17)-(6 50 9)-(0 11 8)]
0.714, 0.5525316284179688, [(0 31 13)-(3 16 10)-(15 17 31)-(9 31 1)]
0.7138, 0.5524420135498047, [(11 58 22)-(4 23 6)-(9 29 23)-(9 26 9)]
0.7134, 0.5524988189697265, [(3 7 21)-(8 14 8)-(11 42 29)-(4 45 25)]
0.714, 0.5525363220214844, [(4 46 8)-(13 52 22)-(15 63 18)-(2 21 15)]
0.714, 0.5525316711425781, [(7 17 7)-(10 4 8)-(13 59 0)-(8 8 10)]
0.7141, 0.5526096313476563, [(14 61 29)-(2 9 17)-(0 61 25)-(12 47 1)]
0.7133, 0.5519975372314453, [(11 42 9)-(5 48 21)-(4 6 9)-(9 10 23)]
0.714, 0.5525317321777343, [(1 42 22)-(2 35 26)-(1 54 5)-(9 50 14)]
0.714, 0.5525317230224609, [(11 31 19)-(13 39 1)-(15 61 28)-(14 36 30)]
0.7096, 0.5514353607177734, [(8 45 10)-(8 21 24)-(4 13 6)-(0 30 3)]
0.714, 0.5525317260742187, [(8 55 6)-(11 2 29)-(3 53 22)-(3 11 7)]
0.713, 0.5521163879394532, [(4 3 23)-(12 53 30)-(10 48 5)-(8 16 22)]
0.714, 0.5525384338378907, [(5 45 26)-(11 43 17)-(0 17 14)-(7 58 20)]
0.714, 0.5525317352294922, [(8 25 1)-(3 13 4)-(12 51 12)-(2 32 27)]
0.714, 0.5525323120117187, [(11 45 16)-(8 44 26)-(7 37 13)-(8 27 12)]
0.7138, 0.5523734527587891, [(7 55 1)-(8 57 28)-(4 22 23)-(9 25 6)]
0.714, 0.5525317687988281, [(5 40 21)-(3 31 21)-(7 57 24)-(2 26 11)]
0.714, 0.5525317230224609, [(6 40 23)-(7 4 1)-(13 45 29)-(10 61 22)]
0.714, 0.5525318725585937, [(3 18 7)-(7 13 15)-(12 26 3)-(1 10 9)]
0.7127, 0.5519768249511718, [(10 1 10)-(2 59 8)-(10 37 29)-(1 28 21)]
0.7136, 0.5526137176513672, [(11 63 21)-(0 61 8)-(5 42 18)-(1 17 17)]
0.714, 0.5525317199707032, [(1 34 25)-(1 62 21)-(4 39 16)-(4 47 6)]
0.7132000000000001, 0.5520471252441406, [(2 13 22)-(11 0 10)-(3 34 10)-(0 43 22)]
0.7086, 0.5465049621582031, [(15 27 15)-(3 45 8)-(1 4 8)-(8 3 25)]
0.7124999999999999, 0.5519889007568359, [(3 62 18)-(3 4 23)-(9 55 26)-(8 0 8)]
0.714, 0.552531704711914, [(4 1 6)-(2 50 21)-(14 8 1)-(12 31 22)]
0.714, 0.5525317413330078, [(14 15 3)-(8 60 8)-(13 43 0)-(13 43 26)]
0.706, 0.5498994934082031, [(6 20 7)-(5 18 25)-(9 58 4)-(1 49 23)]
0.714, 0.5525317260742187, [(14 42 26)-(5 42 22)-(6 13 5)-(0 58 15)]
0.714, 0.5525317260742187, [(4 20 4)-(15 59 5)-(9 46 17)-(4 22 4)]
0.714, 0.5525355865478516, [(10 28 18)-(12 32 4)-(2 35 25)-(5 20 14)]
0.7138, 0.5521830932617188, [(9 23 24)-(15 23 26)-(15 60 27)-(10 2 6)]
0.6903, 0.543528775024414, [(11 14 0)-(8 1 26)-(0 32 19)-(12 38 24)]
0.714, 0.5525317291259766, [(13 58 11)-(14 56 12)-(13 23 16)-(9 51 4)]
0.714, 0.5525327117919923, [(5 25 18)-(14 18 20)-(8 43 10)-(11 52 25)]
0.714, 0.5525317230224609, [(4 60 17)-(2 59 5)-(13 54 24)-(15 14 15)]
0.714, 0.5525324401855469, [(0 42 26)-(3 12 16)-(15 50 4)-(1 38 25)]
0.7130000000000001, 0.553113119506836, [(3 23 24)-(7 48 3)-(9 17 27)-(14 25 31)]
0.7133, 0.5523766815185547, [(11 9 18)-(9 2 19)-(0 59 12)-(1 35 10)]
0.714, 0.5525317199707032, [(0 51 26)-(11 38 30)-(2 4 28)-(4 1 3)]
0.714, 0.5525317230224609, [(4 24 26)-(6 53 26)-(0 31 6)-(4 46 19)]
0.714, 0.5525317169189452, [(6 49 24)-(1 48 3)-(15 53 21)-(4 51 13)]
0.7139, 0.5526426147460937, [(2 19 0)-(5 0 15)-(7 21 16)-(11 48 12)]
0.714, 0.5525317321777343, [(10 31 16)-(0 56 11)-(8 58 13)-(6 10 29)]
0.7117, 0.5536005126953125, [(5 2 22)-(4 17 8)-(4 61 9)-(9 12 18)]
0.7138, 0.552391635131836, [(10 27 31)-(14 15 14)-(9 50 17)-(10 34 27)]
0.714, 0.5525326873779297, [(3 52 4)-(9 1 12)-(11 7 0)-(14 15 6)]
0.714, 0.5525317291259766, [(15 11 22)-(8 62 17)-(15 58 20)-(8 11 9)]
0.714, 0.5525317260742187, [(15 5 7)-(13 48 13)-(10 32 20)-(5 53 14)]
0.714, 0.552591830444336, [(2 35 10)-(14 15 17)-(9 47 1)-(9 13 17)]
0.7116, 0.550782974243164, [(15 40 18)-(3 8 24)-(5 46 11)-(13 16 24)]
0.714, 0.5525317169189453, [(0 53 31)-(1 28 6)-(3 52 23)-(13 25 14)]
0.7121, 0.5608033111572266, [(15 22 10)-(6 0 21)-(14 4 11)-(2 59 10)]
0.714, 0.5525317321777343, [(1 59 29)-(15 14 26)-(10 49 25)-(12 44 3)]
0.714, 0.5525329406738282, [(13 57 0)-(9 28 14)-(9 10 12)-(13 9 9)]
0.714, 0.5525278564453124, [(7 62 13)-(3 18 14)-(14 9 25)-(6 21 15)]
0.714, 0.5525317230224609, [(2 63 31)-(5 43 21)-(9 4 27)-(8 7 4)]
0.7032, 0.5398664398193359, [(10 2 26)-(5 49 27)-(2 16 15)-(14 30 27)]
0.7073, 0.5551017150878905, [(14 28 27)-(13 34 8)-(1 0 27)-(8 5 22)]
0.7117, 0.5535998138427733, [(0 54 24)-(14 50 30)-(9 4 9)-(5 2 22)]
0.7121999999999999, 0.5503534545898437, [(11 8 31)-(0 39 8)-(0 57 3)-(12 63 24)]
0.7125, 0.5518314056396485, [(14 22 20)-(7 54 13)-(3 26 31)-(15 37 21)]
0.714, 0.5525326599121094, [(15 28 3)-(6 2 14)-(14 55 22)-(8 46 11)]
0.12669999999999998, 0.0, [(1 28 8)-(0 16 30)-(8 20 10)-(9 0 5)]
0.714, 0.5525317260742187, [(0 52 12)-(13 56 28)-(2 48 31)-(8 36 22)]
0.714, 0.5525324554443359, [(13 19 2)-(7 19 14)-(4 28 3)-(1 36 26)]
0.7136, 0.5522024780273438, [(4 56 13)-(2 12 21)-(4 36 24)-(3 61 1)]
0.714, 0.5525317169189452, [(1 52 6)-(0 49 10)-(14 9 16)-(15 4 26)]
0.714, 0.5525320373535156, [(15 5 10)-(7 3 14)-(13 48 11)-(9 28 11)]
0.7139, 0.5524918121337891, [(1 33 0)-(9 41 6)-(1 38 27)-(2 13 19)]
0.6491, 0.5294755767822266, [(1 12 3)-(12 28 25)-(7 56 12)-(14 20 26)]
0.714, 0.552531721496582, [(5 30 22)-(6 35 8)-(10 35 24)-(15 31 20)]
0.5709, 0.5370251785278319, [(1 2 31)-(13 12 1)-(7 42 0)-(3 54 29)]
0.714, 0.5525317260742187, [(5 2 2)-(10 38 24)-(13 17 3)-(4 60 9)]
0.7145, 0.5524269439697265, [(9 29 22)-(0 54 2)-(4 63 20)-(9 8 21)]
0.714, 0.5524878356933594, [(9 54 4)-(6 8 19)-(7 61 4)-(15 51 15)]
0.714, 0.5537297073364258, [(4 9 1)-(1 20 24)-(15 23 14)-(6 61 18)]
0.714, 0.5525317199707032, [(1 38 12)-(13 44 13)-(1 44 4)-(13 59 0)]
0.7134, 0.5541746795654297, [(0 23 23)-(11 5 4)-(1 8 10)-(8 19 14)]
0.714, 0.5525317321777343, [(12 43 29)-(3 44 28)-(2 57 18)-(6 4 0)]
0.7138, 0.5525641510009766, [(11 14 20)-(3 8 27)-(9 55 7)-(8 6 14)]
0.714, 0.5525317230224609, [(5 21 29)-(7 60 7)-(13 52 5)-(3 39 28)]
0.7136, 0.5529154266357422, [(2 1 18)-(9 39 15)-(2 9 6)-(7 56 11)]
0.714, 0.5525317260742187, [(13 55 4)-(14 18 26)-(13 52 5)-(14 25 28)]
0.7143, 0.5524620422363281, [(14 21 17)-(2 32 7)-(15 14 17)-(13 1 19)]
0.714, 0.5525317230224609, [(15 35 19)-(9 23 6)-(8 1 6)-(15 61 13)]
0.714, 0.5525317291259766, [(7 48 27)-(15 63 22)-(0 25 27)-(3 35 30)]
0.7144999999999999, 0.5529543853759766, [(5 28 22)-(0 15 23)-(12 33 28)-(11 24 28)]
0.7124999999999999, 0.5538722717285156, [(8 50 21)-(7 9 31)-(10 45 15)-(8 45 28)]
0.714, 0.5525330688476563, [(7 18 13)-(5 34 2)-(7 33 23)-(6 38 1)]
0.714, 0.5525317306518555, [(14 53 6)-(3 36 16)-(3 26 6)-(2 56 17)]
0.714, 0.5525315887451172, [(9 35 11)-(13 35 14)-(14 19 25)-(12 3 10)]
0.714, 0.5525317260742187, [(9 55 28)-(9 61 24)-(4 7 28)-(0 25 4)]
0.714, 0.552534878540039, [(1 16 3)-(0 43 17)-(2 44 14)-(7 27 17)]
0.714, 0.5525317260742187, [(2 60 28)-(4 51 6)-(1 44 14)-(7 33 26)]
0.714, 0.5525317230224609, [(7 58 22)-(1 21 27)-(10 63 29)-(13 38 1)]
0.714, 0.5525317276000976, [(1 47 10)-(3 31 10)-(14 28 27)-(10 45 7)]
0.714, 0.5525311614990235, [(8 17 13)-(7 23 12)-(14 26 6)-(1 43 15)]
0.7135, 0.5525122283935546, [(3 24 23)-(9 54 28)-(10 48 3)-(0 41 2)]
0.714, 0.5525317321777343, [(8 34 26)-(15 10 9)-(4 51 23)-(8 24 6)]
0.7138, 0.5526929809570312, [(5 40 26)-(12 36 15)-(10 13 26)-(2 38 0)]
0.7139, 0.5495963562011719, [(6 27 12)-(6 1 22)-(5 50 7)-(9 56 17)]
0.714, 0.5525318298339843, [(14 17 6)-(3 10 9)-(6 21 10)-(0 2 4)]
0.714, 0.5525343811035156, [(3 30 27)-(0 45 19)-(2 1 12)-(5 42 12)]
0.714, 0.5525317245483399, [(15 17 31)-(3 49 13)-(3 33 26)-(0 45 31)]
0.714, 0.5525317138671875, [(6 25 7)-(12 39 25)-(1 41 18)-(4 40 25)]
0.7138, 0.5523443420410157, [(7 59 11)-(5 61 2)-(9 29 24)-(15 63 24)]
0.7128, 0.555613052368164, [(6 21 31)-(13 12 6)-(15 10 27)-(10 62 19)]
0.7142, 0.5522014251708984, [(3 18 8)-(1 24 22)-(1 35 24)-(13 62 21)]
0.7138, 0.5525457763671875, [(5 1 17)-(9 25 15)-(7 35 5)-(14 8 13)]
0.714, 0.5525317260742187, [(11 61 11)-(7 38 0)-(10 56 19)-(8 51 21)]
0.7112, 0.5564110107421876, [(6 23 25)-(14 11 0)-(11 61 21)-(3 33 0)]
0.12669999999999998, 0.0, [(4 52 7)-(8 4 16)-(15 50 4)-(0 16 30)]
0.714, 0.552531039428711, [(3 52 9)-(10 63 1)-(8 6 18)-(13 37 20)]
0.7132000000000001, 0.5551806671142578, [(0 19 31)-(7 1 19)-(4 27 11)-(0 59 4)]
0.7141, 0.5524851165771485, [(10 22 7)-(5 8 9)-(4 1 17)-(14 24 25)]
0.714, 0.5525317352294923, [(13 49 26)-(6 32 8)-(8 7 4)-(15 22 17)]
0.714, 0.5525314514160156, [(4 19 8)-(7 6 12)-(15 56 13)-(4 27 6)]
0.712, 0.5526899169921875, [(10 13 25)-(1 28 28)-(3 39 24)-(15 4 24)]
0.6725000000000001, 0.5326132141113281, [(6 1 31)-(7 20 9)-(9 35 3)-(11 29 11)]
0.714, 0.5525309326171874, [(10 25 14)-(14 26 3)-(5 56 29)-(1 14 1)]
0.0958, 0.0, [(10 60 31)-(1 14 30)-(3 26 26)-(0 4 21)]
0.7139, 0.5525413085937501, [(3 6 27)-(4 5 19)-(15 60 3)-(8 27 26)]
0.714, 0.5525575439453125, [(4 24 29)-(11 38 1)-(15 26 17)-(4 11 19)]
0.7139, 0.5526383422851562, [(13 52 28)-(4 28 20)-(11 63 3)-(0 16 15)]
0.71, 0.5478054748535156, [(1 7 24)-(8 29 4)-(1 62 27)-(9 19 15)]
0.714, 0.5525383056640625, [(13 9 27)-(15 46 13)-(11 27 18)-(15 32 7)]
0.6961999999999999, 0.5454116210937501, [(12 28 26)-(2 0 29)-(10 40 5)-(14 34 11)]
0.714, 0.55253173828125, [(10 55 8)-(7 39 20)-(10 49 26)-(10 19 8)]
0.714, 0.5525317199707032, [(15 37 6)-(2 35 16)-(0 55 0)-(15 53 11)]
0.7143999999999999, 0.5528395416259766, [(1 62 15)-(10 4 23)-(11 32 2)-(12 9 10)]
0.714, 0.5525317260742187, [(11 28 28)-(10 9 5)-(9 53 30)-(0 44 13)]
0.714, 0.5525317291259766, [(0 57 22)-(12 26 6)-(0 63 8)-(5 17 5)]
0.714, 0.5525317321777343, [(2 34 29)-(9 17 0)-(10 34 12)-(14 4 5)]
0.7133, 0.5519319915771483, [(4 4 22)-(4 58 14)-(8 47 16)-(7 22 15)]
0.714, 0.5525317169189453, [(11 38 29)-(7 30 30)-(10 29 8)-(10 8 3)]
0.10250000000000001, 0.0, [(12 58 10)-(10 23 11)-(6 3 30)-(3 54 30)]
0.7134, 0.5520384521484375, [(4 9 24)-(12 42 16)-(14 52 10)-(0 20 0)]
0.714, 0.5525315521240235, [(10 35 0)-(5 63 17)-(14 38 0)-(13 1 9)]
0.1007, 0.0, [(2 47 6)-(14 40 30)-(11 60 14)-(8 11 30)]
0.714, 0.5525246215820312, [(5 16 6)-(9 59 7)-(0 7 14)-(8 29 17)]
0.1154, 0.0, [(15 57 14)-(11 28 30)-(1 12 23)-(7 31 6)]
0.714, 0.5525317230224609, [(8 38 22)-(14 20 5)-(10 41 31)-(9 52 17)]
0.1085, 0.0, [(9 14 30)-(14 47 27)-(11 34 14)-(10 30 3)]
0.7049, 0.553160595703125, [(9 48 6)-(6 3 25)-(0 60 26)-(11 5 13)]
0.714, 0.5525317321777343, [(11 51 3)-(2 50 15)-(0 53 29)-(7 36 31)]
0.1, 0.0, [(10 52 12)-(11 32 29)-(5 0 30)-(5 23 5)]
0.7141, 0.5524961303710938, [(4 9 19)-(8 46 26)-(15 38 31)-(13 15 27)]
0.7139, 0.5525123077392577, [(0 32 11)-(11 20 27)-(7 15 21)-(3 43 25)]
0.4875, 0.7489348602294922, [(9 28 12)-(3 0 24)-(13 5 14)-(7 19 27)]
0.7123, 0.5518826354980468, [(12 35 1)-(2 36 19)-(6 48 19)-(3 5 31)]
0.714, 0.552532211303711, [(7 48 7)-(5 18 0)-(11 7 15)-(8 9 0)]
0.714, 0.5525316955566406, [(14 49 14)-(8 21 28)-(11 21 13)-(6 33 27)]
0.714, 0.5525317321777343, [(14 14 29)-(6 37 10)-(2 35 1)-(8 39 4)]
0.714, 0.5525317230224609, [(14 39 27)-(4 50 26)-(15 56 9)-(14 30 5)]
0.714, 0.552525894165039, [(13 1 14)-(2 57 7)-(10 62 23)-(3 57 1)]
0.714, 0.5525317260742187, [(5 48 17)-(3 36 19)-(13 29 22)-(12 58 21)]
0.7139, 0.5524902923583985, [(4 58 8)-(2 44 4)-(2 18 18)-(0 24 6)]
0.10439999999999999, 0.0, [(6 58 17)-(0 5 30)-(12 40 8)-(0 36 12)]
0.714, 0.5525298858642578, [(0 11 16)-(14 29 6)-(0 44 15)-(2 13 11)]
0.714, 0.5525317169189453, [(15 16 14)-(1 45 11)-(15 56 24)-(15 5 6)]
0.7025, 0.5395434585571289, [(4 45 21)-(6 28 25)-(9 21 0)-(15 56 30)]
0.714, 0.5525317199707032, [(6 55 25)-(13 5 13)-(4 37 31)-(2 34 16)]
0.714, 0.5525317138671875, [(4 11 7)-(2 40 22)-(15 51 27)-(7 4 11)]
0.714, 0.552531736755371, [(4 32 28)-(8 56 27)-(12 50 2)-(12 40 6)]
0.714, 0.5525317169189452, [(8 31 21)-(13 9 31)-(14 8 3)-(1 35 29)]
0.714, 0.5525317138671875, [(9 19 6)-(5 48 25)-(1 44 18)-(12 38 25)]
0.7136, 0.5524191680908204, [(8 53 27)-(10 7 22)-(1 21 17)-(15 29 8)]
0.7075, 0.548944287109375, [(0 34 0)-(3 28 31)-(8 35 6)-(10 49 26)]
0.7101, 0.5575462280273438, [(5 54 16)-(12 26 14)-(0 21 31)-(0 6 21)]
0.7004, 0.5379580688476562, [(2 46 14)-(13 7 0)-(3 49 17)-(2 18 25)]
0.7134, 0.5523872711181641, [(7 6 22)-(13 45 6)-(3 32 21)-(8 37 23)]
0.7085, 0.5520380371093749, [(7 6 4)-(11 18 26)-(5 13 3)-(5 35 31)]
0.714, 0.5525317474365234, [(13 45 25)-(12 14 4)-(4 15 9)-(3 36 1)]
0.714, 0.5525317169189453, [(14 50 31)-(4 56 8)-(15 41 19)-(10 53 11)]
0.714, 0.5525317260742187, [(4 41 1)-(14 8 21)-(0 56 26)-(1 56 18)]
0.7118, 0.5496749908447266, [(10 44 2)-(14 3 20)-(2 29 25)-(13 12 24)]
0.7137, 0.5525465942382812, [(5 23 19)-(5 45 1)-(11 0 28)-(9 24 31)]
0.714, 0.5525349304199219, [(5 30 8)-(12 18 17)-(15 13 29)-(10 40 30)]
0.7088, 0.5723429718017579, [(2 9 13)-(4 6 18)-(7 63 22)-(0 0 22)]
0.714, 0.5525317260742187, [(7 57 10)-(5 17 27)-(15 37 4)-(7 49 3)]
0.714, 0.5525318878173828, [(1 54 15)-(12 18 12)-(14 18 9)-(6 44 18)]
0.714, 0.5525361938476563, [(9 35 6)-(9 43 1)-(8 58 1)-(11 20 16)]
0.7139, 0.5546802368164063, [(14 43 6)-(4 12 7)-(9 0 20)-(15 11 3)]
0.714, 0.5525317321777343, [(14 20 21)-(9 48 27)-(4 56 9)-(9 38 27)]
0.7094, 0.5488873443603516, [(4 20 31)-(8 15 20)-(8 59 3)-(0 42 7)]
0.714, 0.5525340698242187, [(6 23 16)-(6 33 2)-(1 59 25)-(1 44 10)]
