0.714, 0.5525337493896485, [(9 9 2)-(9 6 15)-(7 43 21)-(9 44 30)-(14 23 14)]
0.713, 0.5523914306640625, [(15 24 24)-(5 41 31)-(1 25 7)-(6 57 31)-(0 11 22)]
0.7139, 0.5525334777832032, [(4 56 14)-(8 49 7)-(7 21 17)-(12 47 15)-(15 12 23)]
0.714, 0.5525317474365234, [(8 38 26)-(0 49 26)-(0 31 12)-(4 26 7)-(9 33 6)]
0.6932, 0.5425815277099609, [(0 25 25)-(5 29 21)-(15 1 24)-(4 43 25)-(13 54 2)]
0.714, 0.5525317993164063, [(13 30 23)-(9 47 21)-(15 21 30)-(11 28 15)-(2 14 3)]
0.714, 0.5525319915771485, [(2 28 12)-(2 41 27)-(2 60 6)-(12 27 15)-(0 33 5)]
0.714, 0.55252822265625, [(10 16 14)-(7 45 9)-(3 62 25)-(14 46 17)-(4 19 16)]
0.714, 0.5525317321777343, [(10 56 5)-(4 33 1)-(0 29 6)-(5 60 18)-(13 35 11)]
0.714, 0.5525317169189453, [(0 18 9)-(14 54 16)-(8 34 19)-(9 34 31)-(2 59 15)]
0.714, 0.5525312713623047, [(7 17 28)-(9 10 14)-(2 41 17)-(9 8 9)-(13 19 6)]
0.6893, 0.5180188491821289, [(8 24 17)-(9 15 13)-(13 2 31)-(8 33 12)-(6 40 21)]
0.714, 0.5525317321777343, [(3 10 5)-(0 19 27)-(0 11 5)-(13 48 15)-(3 46 30)]
0.714, 0.5525316894531249, [(3 37 26)-(11 55 8)-(1 12 14)-(0 55 5)-(1 51 27)]
0.11499999999999999, 0.0, [(10 32 15)-(5 44 7)-(11 58 23)-(8 2 30)-(13 14 11)]
0.714, 0.5525317169189452, [(14 40 18)-(15 43 16)-(10 33 25)-(9 62 30)-(7 44 11)]
0.7144999999999999, 0.5528885925292969, [(4 13 20)-(11 29 2)-(5 22 17)-(1 2 20)-(11 30 25)]
0.714, 0.5525317291259766, [(12 49 16)-(1 41 25)-(7 36 1)-(10 58 29)-(1 15 1)]
0.714, 0.5525317352294922, [(12 46 15)-(5 23 8)-(0 34 14)-(3 0 3)-(1 20 4)]
0.7138, 0.5535322692871094, [(3 23 10)-(1 38 22)-(2 44 1)-(13 25 10)-(11 11 23)]
0.6987, 0.5375565521240234, [(12 5 25)-(4 8 18)-(1 15 9)-(6 57 3)-(5 43 13)]
0.714, 0.5525317352294922, [(11 58 29)-(11 57 17)-(7 61 0)-(6 30 22)-(10 58 28)]
0.714, 0.5525317260742187, [(4 50 21)-(8 43 23)-(2 43 5)-(7 48 16)-(9 46 14)]
0.714, 0.5525380340576171, [(7 59 26)-(14 7 21)-(9 1 14)-(11 45 27)-(9 50 1)]
0.714, 0.5525317138671875, [(15 52 10)-(2 43 3)-(15 47 19)-(3 62 17)-(3 63 15)]
0.714, 0.5525317291259766, [(7 38 2)-(15 34 9)-(15 35 27)-(13 28 5)-(3 52 19)]
0.7145, 0.5524103897094726, [(9 17 22)-(2 7 2)-(15 29 15)-(0 20 9)-(3 3 2)]
0.714, 0.5525318389892578, [(5 48 27)-(13 14 31)-(4 26 8)-(7 25 4)-(7 55 16)]
0.714, 0.55253408203125, [(3 62 1)-(2 57 6)-(5 29 16)-(6 2 14)-(13 4 10)]
0.714, 0.5525317260742187, [(12 19 4)-(10 22 4)-(11 40 8)-(7 48 14)-(14 43 3)]
0.714, 0.5525315643310547, [(14 8 27)-(11 3 13)-(13 62 30)-(5 4 29)-(2 26 8)]
0.714, 0.5525317352294923, [(9 48 20)-(3 57 13)-(13 13 9)-(11 44 16)-(2 40 14)]
0.7138, 0.5526439331054687, [(4 13 8)-(2 36 11)-(13 3 24)-(7 7 21)-(11 25 27)]
0.7141, 0.5526521026611328, [(8 37 6)-(2 29 12)-(4 38 6)-(14 1 18)-(14 57 25)]
0.7121999999999999, 0.553675894165039, [(0 18 23)-(0 5 31)-(14 57 27)-(0 49 12)-(7 4 13)]
0.714, 0.5524891296386718, [(2 12 18)-(5 38 8)-(13 24 3)-(12 42 29)-(10 37 6)]
0.714, 0.5525320098876954, [(13 47 30)-(10 29 28)-(10 11 11)-(2 57 12)-(5 42 2)]
0.1, 0.0, [(1 48 6)-(3 6 18)-(15 58 30)-(14 0 30)-(4 40 27)]
0.714, 0.552531640625, [(8 57 29)-(13 33 1)-(12 31 30)-(0 16 29)-(3 14 11)]
0.714, 0.5525317199707032, [(1 35 5)-(8 57 16)-(0 25 28)-(6 19 2)-(13 45 19)]
0.714, 0.5525317230224609, [(1 58 0)-(13 36 3)-(7 53 7)-(3 43 28)-(10 62 28)]
0.714, 0.5525317169189453, [(4 16 8)-(3 53 14)-(9 48 4)-(4 10 0)-(12 4 5)]
0.714, 0.5525317352294922, [(5 38 13)-(13 53 25)-(11 49 14)-(7 32 24)-(12 34 12)]
0.7042999999999999, 0.545314276123047, [(9 53 13)-(3 8 25)-(7 54 31)-(3 0 0)-(9 40 2)]
0.714, 0.5525272720336913, [(6 12 18)-(15 27 23)-(2 62 26)-(11 57 11)-(13 51 22)]
0.714, 0.5525317321777343, [(8 21 26)-(6 10 6)-(15 10 25)-(11 55 13)-(7 34 12)]
0.714, 0.5525344573974609, [(0 5 17)-(14 60 10)-(7 50 30)-(6 62 19)-(1 35 22)]
0.7118, 0.5506530349731444, [(2 6 29)-(9 50 17)-(3 9 24)-(3 38 19)-(10 4 7)]
0.714, 0.5525317260742187, [(4 15 7)-(15 13 31)-(13 55 19)-(8 46 5)-(1 57 7)]
0.7127, 0.5527022003173828, [(15 4 4)-(10 56 3)-(3 34 7)-(14 18 22)-(12 6 31)]
0.714, 0.5525321868896484, [(5 10 17)-(15 22 28)-(10 30 9)-(15 37 9)-(1 14 12)]
0.1511, 0.9621345611572265, [(9 35 19)-(2 63 4)-(3 3 7)-(3 10 30)-(7 48 11)]
0.6989000000000001, 0.5551838500976563, [(6 8 31)-(4 29 17)-(6 37 3)-(2 37 7)-(15 5 23)]
0.714, 0.5525316375732422, [(5 52 16)-(11 57 30)-(0 50 16)-(1 28 10)-(1 37 15)]
0.714, 0.5525317260742187, [(5 15 26)-(8 39 4)-(0 63 11)-(14 18 16)-(13 14 13)]
0.6036, 0.47365258789062503, [(4 0 31)-(10 60 20)-(10 52 24)-(5 11 6)-(1 47 28)]
0.714, 0.5525317810058594, [(0 17 8)-(12 34 6)-(9 18 10)-(5 40 7)-(1 32 22)]
0.617, 0.5177035263061524, [(4 13 24)-(9 1 25)-(3 18 8)-(12 53 28)-(13 1 31)]
0.714, 0.5525412994384766, [(5 16 17)-(6 7 3)-(7 0 8)-(7 16 10)-(10 61 17)]
0.1191, 0.0, [(10 15 30)-(0 1 24)-(9 23 23)-(12 9 13)-(8 14 25)]
0.714, 0.5525317474365234, [(6 55 14)-(12 35 8)-(11 5 7)-(2 0 2)-(6 30 2)]
0.714, 0.55253173828125, [(2 34 20)-(2 8 2)-(12 53 27)-(2 28 29)-(15 21 26)]
0.7138, 0.5520038330078125, [(1 3 14)-(6 2 23)-(5 24 29)-(12 46 8)-(13 29 22)]
0.714, 0.5525336639404297, [(8 9 28)-(13 11 3)-(15 56 25)-(14 22 18)-(2 14 13)]
0.7139, 0.5525286071777344, [(14 56 9)-(9 40 6)-(4 49 3)-(0 35 14)-(3 24 18)]
0.7138, 0.5525485687255859, [(9 25 18)-(1 61 19)-(3 35 1)-(4 60 1)-(11 2 9)]
0.7135, 0.552792904663086, [(0 24 6)-(7 18 11)-(9 21 3)-(0 27 20)-(15 52 19)]
0.5807, 0.47161622161865235, [(3 1 31)-(13 31 0)-(13 9 16)-(3 35 31)-(9 60 29)]
0.7142, 0.5524513824462891, [(2 3 12)-(7 34 17)-(6 3 6)-(11 13 21)-(8 20 18)]
0.714, 0.5525317352294923, [(2 60 1)-(4 50 21)-(2 43 4)-(6 36 5)-(4 40 18)]
0.7141, 0.5525337554931641, [(3 56 2)-(6 14 1)-(14 30 17)-(9 14 22)-(1 9 14)]
0.7138, 0.5524719329833985, [(15 51 28)-(10 19 26)-(2 16 6)-(11 27 12)-(7 3 21)]
0.714, 0.5525317291259766, [(13 38 18)-(7 61 24)-(8 46 1)-(13 61 16)-(2 40 14)]
0.2079, 0.9181249053955078, [(15 35 23)-(12 47 26)-(7 20 8)-(12 9 21)-(9 29 30)]
0.7133, 0.5526762939453125, [(9 51 12)-(1 41 29)-(8 30 17)-(9 50 18)-(7 2 22)]
0.714, 0.5525317138671875, [(1 63 26)-(10 47 12)-(5 60 25)-(12 59 15)-(3 19 4)]
0.714, 0.552531736755371, [(14 7 23)-(9 23 2)-(2 34 16)-(14 5 7)-(11 26 3)]
0.714, 0.5525317230224609, [(13 51 31)-(4 51 26)-(7 25 26)-(8 43 20)-(12 40 6)]
0.7141, 0.5526180145263672, [(7 27 22)-(12 4 13)-(6 36 27)-(13 47 9)-(1 63 17)]
0.714, 0.5525317230224609, [(14 13 5)-(10 52 30)-(4 49 14)-(4 57 0)-(8 50 15)]
0.714, 0.5525302490234375, [(11 19 9)-(6 3 13)-(6 58 18)-(12 56 6)-(14 21 1)]
0.714, 0.5525317291259766, [(0 37 30)-(13 32 10)-(13 12 24)-(13 31 7)-(5 44 20)]
0.714, 0.552531265258789, [(13 57 6)-(9 56 1)-(12 20 2)-(12 45 14)-(6 12 16)]
0.714, 0.552532666015625, [(8 43 26)-(2 54 9)-(6 2 14)-(14 43 2)-(0 61 26)]
0.714, 0.5525334808349609, [(9 11 15)-(11 44 6)-(12 22 28)-(5 27 12)-(7 48 22)]
0.7137, 0.552514990234375, [(5 5 19)-(9 38 24)-(15 37 4)-(3 20 12)-(15 56 13)]
0.7142, 0.5524098846435548, [(9 46 16)-(10 49 19)-(10 20 24)-(12 42 8)-(15 21 11)]
0.1, 0.0, [(15 0 30)-(13 50 2)-(9 11 22)-(10 29 22)-(10 8 4)]
0.714, 0.5525317230224609, [(15 39 6)-(5 31 14)-(6 63 23)-(0 45 9)-(6 33 5)]
0.714, 0.5525317260742187, [(9 21 4)-(5 36 19)-(10 48 13)-(15 36 15)-(4 51 31)]
0.714, 0.5525607330322266, [(8 56 1)-(5 10 19)-(6 51 18)-(6 39 30)-(7 14 18)]
0.7135, 0.5526270294189453, [(8 27 19)-(8 18 18)-(13 37 23)-(14 5 6)-(14 47 26)]
0.7139, 0.5525218200683594, [(9 19 20)-(3 54 13)-(6 30 1)-(13 46 27)-(14 52 18)]
0.714, 0.5525317886352539, [(13 14 30)-(9 12 14)-(14 9 12)-(3 27 7)-(14 60 28)]
0.7133, 0.5533266845703124, [(9 42 13)-(6 57 21)-(15 48 0)-(15 58 6)-(10 3 22)]
0.7138, 0.5525996490478515, [(11 24 18)-(3 57 18)-(0 59 24)-(7 28 21)-(1 15 18)]
0.609, 0.5176015045166016, [(4 45 16)-(5 15 16)-(9 1 25)-(1 54 25)-(11 45 25)]
0.714, 0.5525317230224609, [(13 10 11)-(14 30 25)-(2 13 5)-(3 37 29)-(4 51 14)]
0.714, 0.5525344604492187, [(13 25 1)-(8 48 18)-(15 25 23)-(13 25 23)-(0 5 17)]
0.7058, 0.5527342987060546, [(12 33 10)-(8 57 7)-(3 26 25)-(2 56 10)-(15 21 30)]
0.714, 0.5525317291259766, [(8 49 22)-(12 30 12)-(15 12 22)-(13 16 30)-(5 52 16)]
0.714, 0.5525317230224609, [(8 39 6)-(1 18 5)-(9 44 15)-(7 36 10)-(3 36 24)]
0.714, 0.5525318054199219, [(14 20 4)-(6 61 8)-(14 60 14)-(8 55 6)-(11 26 14)]
0.714, 0.5525317291259766, [(4 0 2)-(2 50 9)-(10 12 10)-(9 38 3)-(11 44 18)]
0.6254, 0.5025290740966797, [(4 60 3)-(2 44 28)-(12 14 13)-(0 57 27)-(1 6 25)]
0.13, 0.0, [(7 39 29)-(13 26 5)-(1 16 16)-(0 53 8)-(3 16 30)]
0.714, 0.5525317321777343, [(12 59 12)-(14 53 18)-(9 63 29)-(9 26 0)-(13 55 24)]
0.6528, 0.5347967498779297, [(12 26 24)-(9 31 7)-(4 53 16)-(1 15 17)-(6 34 25)]
0.714, 0.5525317260742187, [(7 31 22)-(0 19 29)-(2 59 26)-(5 47 17)-(0 34 11)]
0.714, 0.552531430053711, [(7 4 3)-(5 13 15)-(13 31 22)-(11 50 15)-(7 38 0)]
0.7141, 0.5520771057128906, [(2 34 1)-(6 3 21)-(14 26 30)-(10 47 16)-(8 8 29)]
0.714, 0.5525306701660156, [(13 39 3)-(15 38 19)-(0 7 16)-(9 59 16)-(2 17 11)]
0.714, 0.5525317352294922, [(11 45 25)-(12 42 11)-(4 46 11)-(8 48 17)-(3 36 8)]
0.714, 0.5525321228027344, [(4 50 9)-(10 59 13)-(0 36 20)-(13 10 18)-(12 4 12)]
0.714, 0.5525317169189452, [(5 60 15)-(12 63 7)-(4 49 27)-(14 50 15)-(14 56 4)]
0.7128, 0.5537171600341797, [(14 56 21)-(6 5 27)-(7 60 13)-(11 32 9)-(6 5 31)]
0.7121999999999999, 0.5508347106933593, [(15 35 15)-(2 49 19)-(1 12 26)-(13 47 29)-(8 62 9)]
0.47450000000000003, 0.6423669464111328, [(2 0 26)-(0 56 27)-(9 29 14)-(2 60 13)-(12 31 22)]
0.7141, 0.5525193389892578, [(3 52 9)-(3 39 20)-(14 56 26)-(6 26 11)-(2 29 31)]
0.7142, 0.5530128143310546, [(0 5 23)-(2 47 28)-(1 14 4)-(11 15 14)-(1 30 30)]
0.714, 0.5525317291259766, [(9 58 28)-(5 43 5)-(10 62 22)-(7 13 3)-(6 45 26)]
0.714, 0.5525317230224609, [(9 31 4)-(10 30 1)-(6 49 23)-(9 61 1)-(9 11 31)]
0.4621, 0.595422607421875, [(7 29 18)-(2 13 19)-(10 0 25)-(8 63 9)-(15 28 13)]
0.714, 0.5525317169189453, [(15 48 6)-(15 40 22)-(3 40 23)-(8 41 12)-(4 10 9)]
0.0977, 0.0, [(0 22 27)-(11 8 30)-(10 51 10)-(12 23 21)-(13 47 16)]
0.714, 0.5525317199707032, [(7 54 19)-(4 33 30)-(3 21 3)-(13 28 19)-(8 41 21)]
0.714, 0.5525535186767578, [(8 63 5)-(1 20 29)-(9 21 27)-(0 16 19)-(6 49 28)]
0.1053, 0.04999841003417969, [(10 22 14)-(5 47 11)-(13 22 17)-(3 21 30)-(15 15 23)]
0.714, 0.5525317291259766, [(1 60 12)-(4 52 13)-(13 28 1)-(11 12 6)-(1 49 2)]
0.1273, 0.9339040466308594, [(7 40 15)-(15 17 16)-(7 20 11)-(6 29 30)-(15 2 0)]
0.7138, 0.5524656524658204, [(10 24 24)-(14 44 6)-(9 14 2)-(15 50 11)-(6 20 7)]
0.7139, 0.5528724151611328, [(4 9 18)-(4 3 7)-(0 21 16)-(2 31 18)-(2 0 18)]
0.7103999999999999, 0.5524754913330078, [(7 2 17)-(9 0 5)-(13 27 28)-(11 32 8)-(9 26 24)]
0.714, 0.5525317230224609, [(8 26 3)-(9 34 10)-(8 56 13)-(3 42 8)-(13 12 12)]
0.7141, 0.5527404693603515, [(9 16 21)-(15 20 11)-(15 22 24)-(2 28 9)-(13 3 6)]
0.714, 0.5525484344482422, [(15 53 3)-(11 38 0)-(10 12 27)-(5 51 26)-(10 20 19)]
0.714, 0.5525315399169921, [(14 37 5)-(2 10 16)-(13 47 14)-(5 36 21)-(7 37 6)]
0.714, 0.5525418090820313, [(5 52 21)-(13 24 23)-(1 6 12)-(10 52 31)-(1 2 14)]
0.7138, 0.5525220520019531, [(13 34 9)-(6 3 9)-(6 24 23)-(14 20 14)-(11 21 20)]
0.7143, 0.5525554779052735, [(6 24 6)-(4 37 6)-(2 44 23)-(15 45 6)-(12 8 19)]
0.7138, 0.5526135498046876, [(12 4 8)-(5 4 1)-(8 11 22)-(13 14 30)-(3 23 2)]
0.714, 0.5525317230224609, [(9 54 22)-(10 34 4)-(9 6 27)-(8 57 30)-(9 45 25)]
0.712, 0.5557845550537109, [(3 31 11)-(12 59 15)-(11 1 10)-(12 42 20)-(15 0 21)]
0.1091, 0.0, [(14 11 9)-(15 41 12)-(12 20 16)-(9 18 30)-(6 34 16)]
0.714, 0.5525317230224609, [(7 56 0)-(14 55 27)-(0 36 26)-(3 31 15)-(13 18 6)]
0.714, 0.5525317169189453, [(5 47 16)-(4 18 9)-(2 7 31)-(5 61 23)-(12 17 2)]
0.714, 0.5525317199707032, [(6 32 3)-(4 19 0)-(9 48 11)-(10 60 2)-(3 34 12)]
0.714, 0.5525311889648438, [(4 50 16)-(1 37 6)-(11 42 19)-(4 31 22)-(1 18 13)]
0.714, 0.5525316955566406, [(6 2 2)-(6 4 2)-(3 48 16)-(11 36 11)-(11 28 16)]
0.7141, 0.5526160491943359, [(14 37 4)-(0 45 8)-(5 59 12)-(12 28 2)-(7 27 22)]
0.714, 0.5525317291259766, [(9 14 1)-(1 58 9)-(8 17 6)-(9 41 2)-(9 24 9)]
0.714, 0.5525317260742187, [(1 35 20)-(1 44 11)-(4 63 20)-(4 52 21)-(5 46 23)]
0.714, 0.5525369537353515, [(11 49 19)-(12 37 27)-(4 18 19)-(15 26 15)-(11 39 8)]
0.714, 0.5525317413330078, [(11 45 1)-(15 52 0)-(0 45 22)-(7 60 7)-(15 50 27)]
0.714, 0.5525317260742187, [(4 41 19)-(5 55 14)-(3 61 12)-(5 3 8)-(0 56 23)]
0.714, 0.5542281463623047, [(11 24 9)-(1 0 19)-(2 20 27)-(12 33 23)-(5 59 0)]
0.7121, 0.551061328125, [(1 1 20)-(2 4 17)-(2 20 26)-(15 60 15)-(7 27 7)]
0.714, 0.5525317260742187, [(5 52 2)-(8 60 15)-(2 24 29)-(1 23 0)-(6 44 16)]
0.714, 0.5525519622802735, [(12 18 16)-(8 29 24)-(5 26 15)-(11 32 15)-(9 36 17)]
0.714, 0.552531721496582, [(12 54 8)-(0 12 0)-(5 33 21)-(0 51 17)-(8 16 28)]
0.7134, 0.5534581237792968, [(11 17 23)-(10 31 12)-(14 54 28)-(10 4 23)-(6 31 13)]
0.714, 0.5525320068359375, [(8 61 8)-(5 63 22)-(11 51 9)-(12 59 17)-(0 11 12)]
0.714, 0.5525322052001953, [(9 16 13)-(0 53 28)-(9 24 4)-(7 52 2)-(5 56 11)]
0.7136, 0.5525605987548828, [(0 18 21)-(9 13 28)-(1 29 9)-(7 41 25)-(6 10 19)]
0.714, 0.5525317291259766, [(3 48 28)-(13 14 17)-(6 44 5)-(5 41 19)-(6 38 26)]
0.5284, 0.45812302398681637, [(5 43 5)-(6 61 10)-(9 17 20)-(4 17 10)-(3 2 31)]
0.714, 0.5525317230224609, [(2 19 29)-(4 62 22)-(11 15 26)-(11 40 26)-(10 24 8)]
0.7101999999999999, 0.5534152709960938, [(5 18 19)-(1 22 9)-(7 54 10)-(1 27 21)-(3 7 24)]
0.692, 0.5354665802001953, [(12 26 31)-(6 60 9)-(1 56 11)-(1 54 20)-(0 53 11)]
0.714, 0.5525386993408203, [(4 18 3)-(0 10 27)-(2 34 30)-(15 8 31)-(12 16 16)]
0.704, 0.5449729827880859, [(14 23 19)-(0 46 13)-(12 26 25)-(12 59 27)-(10 45 24)]
0.714, 0.5525263183593749, [(14 27 14)-(4 16 18)-(14 49 9)-(14 5 15)-(1 49 31)]
0.714, 0.5525457611083984, [(13 52 12)-(4 0 12)-(9 62 16)-(4 46 2)-(2 37 22)]
0.1072, 0.0, [(6 26 30)-(8 22 19)-(5 26 4)-(6 9 14)-(1 22 23)]
0.6903, 0.5435290161132813, [(7 30 21)-(8 1 26)-(2 6 7)-(2 1 9)-(7 55 20)]
0.714, 0.5525317291259766, [(4 29 4)-(13 6 9)-(15 23 7)-(15 22 28)-(1 60 15)]
0.714, 0.5525324401855469, [(7 52 2)-(5 31 4)-(5 17 29)-(14 60 12)-(2 19 10)]
0.714, 0.5525317199707032, [(8 2 4)-(4 57 13)-(7 11 3)-(7 8 6)-(12 47 23)]
0.7139, 0.5526057830810547, [(14 63 23)-(5 62 2)-(11 25 14)-(1 2 16)-(1 56 26)]
0.714, 0.5525317413330078, [(7 14 1)-(7 12 8)-(2 51 24)-(6 39 24)-(12 34 31)]
0.7109000000000001, 0.5484870513916016, [(10 38 24)-(3 61 20)-(9 26 1)-(5 23 26)-(10 57 26)]
0.7137, 0.5525553955078124, [(4 34 22)-(6 32 12)-(4 20 20)-(7 15 10)-(3 22 16)]
0.714, 0.5525317230224609, [(15 54 18)-(14 13 28)-(12 51 21)-(9 48 5)-(13 44 23)]
0.714, 0.5525317657470703, [(1 36 25)-(0 18 12)-(10 46 19)-(12 18 1)-(3 61 30)]
0.714, 0.5525318344116211, [(0 62 25)-(11 7 0)-(4 40 28)-(0 41 26)-(6 17 9)]
0.7139, 0.5525279083251953, [(7 9 14)-(12 28 9)-(15 35 11)-(2 39 29)-(3 26 16)]
0.7126, 0.5524718383789062, [(15 35 0)-(7 47 26)-(6 38 10)-(12 15 28)-(0 20 25)]
0.714, 0.5525317352294923, [(4 24 29)-(14 42 22)-(6 0 1)-(12 12 7)-(3 37 24)]
0.2982, 0.7857610595703125, [(13 28 31)-(7 0 24)-(2 4 11)-(8 25 11)-(8 54 6)]
0.7131, 0.5535088989257813, [(3 28 11)-(7 36 15)-(14 2 21)-(9 32 0)-(11 56 1)]
0.714, 0.5525335327148437, [(9 30 23)-(2 60 6)-(1 14 13)-(1 40 0)-(15 7 4)]
0.7134, 0.5522377197265625, [(5 50 30)-(15 51 14)-(5 14 5)-(1 21 23)-(8 36 21)]
0.714, 0.5525317230224609, [(3 28 1)-(5 9 26)-(11 53 4)-(10 28 6)-(4 11 1)]
0.714, 0.5525317199707032, [(10 61 21)-(9 4 29)-(12 49 1)-(15 39 3)-(12 59 22)]
0.7141, 0.5526582763671875, [(14 31 24)-(14 20 19)-(4 43 25)-(0 25 31)-(1 14 28)]
0.714, 0.5525317199707032, [(7 31 14)-(10 50 19)-(3 32 8)-(2 30 14)-(1 31 20)]
0.714, 0.5525321838378906, [(10 56 15)-(10 7 7)-(5 54 10)-(10 12 15)-(3 40 19)]
0.7141, 0.552538037109375, [(1 27 17)-(12 9 18)-(5 19 6)-(11 21 13)-(5 31 7)]
0.714, 0.5525317230224609, [(12 40 16)-(3 55 30)-(15 62 20)-(13 21 14)-(7 61 27)]
0.7137, 0.5525133941650391, [(1 18 17)-(15 12 7)-(1 53 14)-(1 30 26)-(6 52 24)]
0.7042, 0.5477901092529297, [(0 23 27)-(7 53 20)-(1 51 31)-(0 27 22)-(5 4 26)]
0.714, 0.5525317352294922, [(3 11 8)-(7 38 8)-(12 44 28)-(10 55 28)-(12 35 8)]
0.7132000000000001, 0.5524562591552735, [(15 45 2)-(7 33 11)-(4 9 23)-(5 8 18)-(8 22 22)]
0.714, 0.5525411315917969, [(15 26 25)-(10 49 21)-(6 13 29)-(2 59 5)-(7 26 19)]
0.714, 0.55253173828125, [(0 39 8)-(8 58 18)-(3 12 15)-(6 42 28)-(4 17 15)]
0.7139, 0.5525215026855468, [(7 9 17)-(0 32 3)-(8 2 8)-(15 37 18)-(11 45 29)]
0.714, 0.5525337860107422, [(10 53 14)-(10 44 2)-(0 15 16)-(11 39 29)-(10 41 28)]
0.7007, 0.542135415649414, [(5 11 3)-(10 14 4)-(2 37 3)-(3 6 31)-(6 2 7)]
0.714, 0.5525317199707032, [(10 60 1)-(6 10 7)-(10 21 29)-(6 47 6)-(8 4 26)]
0.714, 0.5525317291259766, [(0 62 30)-(14 41 17)-(7 6 27)-(3 47 31)-(7 43 29)]
0.7139, 0.5525647186279297, [(10 36 14)-(13 24 25)-(12 29 4)-(9 5 18)-(6 43 26)]
0.714, 0.5525317321777343, [(14 4 29)-(0 10 1)-(7 37 9)-(15 41 31)-(3 26 29)]
0.714, 0.5525349884033204, [(4 2 12)-(15 34 17)-(9 56 6)-(7 42 12)-(10 14 6)]
0.714, 0.5525317169189453, [(13 5 17)-(10 62 21)-(10 52 6)-(10 54 27)-(1 33 14)]
0.708, 0.5501609069824218, [(12 9 26)-(6 49 2)-(8 28 6)-(14 6 16)-(10 28 25)]
0.714, 0.5525317230224609, [(2 51 8)-(11 28 0)-(12 43 11)-(5 32 28)-(15 34 6)]
0.7122999999999999, 0.549486849975586, [(0 43 8)-(11 38 6)-(5 42 25)-(11 23 25)-(13 24 4)]
0.714, 0.5525326385498046, [(2 53 2)-(13 59 1)-(4 11 18)-(12 53 24)-(14 36 26)]
0.7144999999999999, 0.5518215515136718, [(14 1 17)-(12 16 22)-(5 61 4)-(7 10 31)-(5 24 6)]
0.714, 0.5525317352294922, [(11 57 27)-(4 3 27)-(15 33 27)-(15 33 1)-(0 45 19)]
0.714, 0.5525317291259766, [(13 48 17)-(13 54 1)-(15 25 2)-(14 30 9)-(3 39 4)]
0.714, 0.5525316284179688, [(5 35 6)-(1 36 24)-(3 4 11)-(13 37 31)-(12 61 22)]
0.7129, 0.552158657836914, [(1 22 31)-(2 28 21)-(1 3 23)-(8 54 18)-(11 29 6)]
0.714, 0.5525631729125977, [(1 39 3)-(2 48 2)-(7 14 19)-(9 11 0)-(2 12 1)]
0.11660000000000001, 0.0, [(4 23 30)-(15 31 11)-(11 17 28)-(5 53 6)-(14 47 26)]
0.6996, 0.547454345703125, [(10 6 0)-(3 20 31)-(13 39 0)-(15 41 29)-(9 36 24)]
0.7137, 0.5526324707031249, [(10 19 29)-(7 51 4)-(10 8 29)-(1 5 19)-(4 18 22)]
0.6396, 0.5086562408447266, [(4 32 5)-(14 35 10)-(12 20 8)-(15 1 25)-(12 53 18)]
0.714, 0.5525318145751953, [(3 31 1)-(1 21 27)-(14 41 17)-(9 1 12)-(4 7 14)]
0.7137, 0.5525585845947265, [(5 19 16)-(13 25 28)-(11 18 6)-(2 38 24)-(5 53 13)]
0.714, 0.5525319458007812, [(4 11 12)-(6 39 30)-(3 62 26)-(0 10 26)-(0 41 5)]
0.2025, 0.0, [(11 46 13)-(4 17 30)-(2 3 11)-(7 61 4)-(0 32 29)]
0.714, 0.5525323760986328, [(10 21 16)-(15 4 6)-(5 16 2)-(9 31 30)-(6 33 28)]
0.7131000000000001, 0.5526350280761718, [(1 14 18)-(5 13 9)-(2 39 5)-(11 32 28)-(7 5 20)]
0.714, 0.5525330505371093, [(2 59 6)-(3 32 25)-(13 37 10)-(9 26 14)-(14 0 8)]
0.714, 0.5525317291259766, [(4 50 3)-(0 51 26)-(2 61 15)-(15 22 28)-(2 33 18)]
0.714, 0.5525324645996094, [(3 3 13)-(15 35 26)-(13 4 1)-(13 16 21)-(12 40 29)]
0.7133, 0.5528659759521484, [(12 15 2)-(7 35 5)-(0 33 3)-(12 0 18)-(1 57 8)]
0.714, 0.5525317260742187, [(5 63 3)-(10 63 22)-(6 52 14)-(14 58 11)-(14 20 22)]
0.7051000000000001, 0.5388938720703125, [(2 52 27)-(7 59 1)-(2 39 7)-(10 38 26)-(6 3 24)]
0.7129000000000001, 0.5535171020507812, [(1 57 24)-(12 26 12)-(5 10 6)-(6 17 22)-(8 7 27)]
0.714, 0.5525317199707032, [(1 35 23)-(3 56 8)-(2 36 28)-(1 54 17)-(14 10 8)]
0.6903, 0.5435287872314454, [(10 24 9)-(6 43 14)-(8 1 26)-(0 52 27)-(10 32 28)]
0.7135, 0.5525458282470703, [(11 30 20)-(7 51 24)-(14 54 20)-(11 12 17)-(13 35 30)]
0.714, 0.5526464569091797, [(11 28 16)-(7 14 20)-(0 29 22)-(5 26 6)-(13 16 31)]
0.714, 0.5525317352294923, [(12 33 13)-(8 57 5)-(3 39 2)-(15 21 16)-(14 38 31)]
0.7137, 0.5523774719238281, [(4 43 17)-(0 4 21)-(11 59 20)-(10 19 19)-(4 30 22)]
0.714, 0.5525317169189453, [(10 25 7)-(15 25 26)-(6 7 1)-(12 37 5)-(10 11 2)]
0.7132000000000001, 0.5532048370361329, [(8 46 29)-(6 49 7)-(12 56 1)-(5 4 23)-(8 47 27)]
0.714, 0.5525320892333985, [(10 18 9)-(4 45 19)-(4 43 0)-(9 37 7)-(15 2 12)]
0.714, 0.5525317291259766, [(14 36 21)-(14 54 4)-(2 42 8)-(9 47 2)-(3 60 1)]
0.7130000000000001, 0.54953623046875, [(10 30 8)-(6 4 24)-(1 37 4)-(13 41 6)-(11 51 14)]
0.7134, 0.5541038024902344, [(9 48 7)-(12 56 31)-(6 22 26)-(5 2 11)-(2 9 5)]
0.7133, 0.5537510009765625, [(12 0 20)-(12 61 10)-(5 43 0)-(3 7 13)-(5 57 11)]
0.0999, 0.0, [(15 51 6)-(0 15 22)-(0 26 26)-(2 45 19)-(1 3 30)]
0.7154, 0.5528742401123047, [(8 40 20)-(4 31 0)-(2 52 14)-(7 13 24)-(15 11 10)]
0.7138, 0.5524717193603516, [(2 48 19)-(5 41 21)-(10 19 0)-(7 3 21)-(8 51 13)]
0.714, 0.5525317169189453, [(9 14 3)-(7 60 0)-(14 15 31)-(1 6 27)-(15 50 27)]
0.714, 0.5525317230224609, [(7 56 21)-(6 52 13)-(4 17 28)-(15 15 6)-(12 4 28)]
0.714, 0.5525363739013672, [(8 47 30)-(12 24 1)-(5 7 13)-(8 18 13)-(12 33 15)]
0.7137, 0.5525150695800781, [(3 31 7)-(5 5 19)-(14 28 10)-(2 49 23)-(10 20 7)]
0.7139, 0.5524982330322266, [(11 12 14)-(13 55 14)-(10 47 18)-(9 27 19)-(13 3 22)]
0.714, 0.5525316864013672, [(10 57 0)-(11 6 10)-(0 50 7)-(9 50 18)-(13 58 14)]
0.714, 0.5525317413330078, [(9 57 18)-(11 36 5)-(5 47 3)-(7 32 23)-(15 0 4)]
0.7134, 0.5491266693115234, [(0 31 7)-(13 46 22)-(9 48 22)-(2 12 23)-(11 42 2)]
0.7134, 0.5533558166503907, [(7 47 27)-(6 13 23)-(0 35 11)-(3 57 10)-(3 46 3)]
0.1261, 0.9843913543701173, [(10 35 28)-(2 24 21)-(7 47 31)-(0 54 24)-(6 15 30)]
0.7007, 0.5421353637695312, [(5 55 0)-(15 19 21)-(14 63 27)-(3 6 31)-(8 36 14)]
0.714, 0.55253173828125, [(14 9 8)-(3 38 3)-(6 45 14)-(9 0 1)-(12 8 29)]
0.714, 0.55253173828125, [(4 56 11)-(5 39 2)-(5 61 18)-(15 25 17)-(11 45 27)]
0.714, 0.55253173828125, [(12 39 16)-(8 50 21)-(9 16 4)-(12 50 12)-(11 52 29)]
0.7132000000000001, 0.5499002960205078, [(11 49 4)-(11 13 24)-(12 24 2)-(2 53 23)-(2 20 19)]
0.7104, 0.546177749633789, [(1 58 6)-(1 36 12)-(8 30 29)-(2 15 24)-(7 62 3)]
0.7132000000000001, 0.5527372253417968, [(8 59 5)-(15 36 0)-(15 19 14)-(1 9 0)-(3 25 22)]
0.7135, 0.549397314453125, [(3 39 17)-(9 16 26)-(6 53 30)-(15 56 0)-(14 8 23)]
0.714, 0.552532781982422, [(14 61 4)-(8 12 7)-(9 15 16)-(3 61 29)-(13 55 10)]
0.714, 0.5525317352294923, [(13 50 26)-(0 45 9)-(3 34 13)-(0 52 27)-(5 12 13)]
0.714, 0.5525272583007812, [(6 12 18)-(1 34 11)-(9 54 7)-(15 36 10)-(13 27 28)]
0.714, 0.55253173828125, [(11 8 11)-(6 1 1)-(4 56 1)-(14 26 0)-(13 56 30)]
0.7142, 0.5526822479248047, [(5 11 7)-(3 29 14)-(8 16 3)-(4 2 16)-(4 23 20)]
0.7136, 0.5527377471923829, [(10 53 20)-(13 54 24)-(4 57 31)-(11 23 28)-(5 16 22)]
0.7138, 0.5525470306396485, [(15 42 26)-(5 9 17)-(12 47 27)-(10 3 28)-(15 48 0)]
0.714, 0.5525317230224609, [(15 38 17)-(13 7 25)-(2 34 4)-(0 63 30)-(1 39 28)]
0.714, 0.5525312316894531, [(0 10 10)-(12 43 24)-(6 10 7)-(5 16 5)-(6 20 13)]
0.714, 0.5525317901611329, [(12 40 3)-(0 35 13)-(4 47 14)-(13 2 9)-(9 20 27)]
0.714, 0.5525317321777343, [(15 46 10)-(8 37 1)-(14 52 3)-(15 30 28)-(13 25 17)]
0.714, 0.5525317199707032, [(3 56 12)-(5 41 20)-(2 44 31)-(2 36 10)-(1 25 5)]
0.7133, 0.5527915893554687, [(13 22 5)-(9 9 27)-(14 58 14)-(7 43 26)-(6 0 17)]
0.7134, 0.5522576171875, [(5 35 20)-(2 38 17)-(2 13 21)-(3 4 0)-(9 41 4)]
0.7108, 0.5553070556640625, [(14 62 8)-(14 15 24)-(0 4 15)-(0 60 17)-(0 17 25)]
0.7141, 0.5525215637207032, [(3 26 20)-(10 58 8)-(3 0 6)-(5 55 8)-(12 43 5)]
0.7154, 0.5526710540771484, [(7 29 5)-(1 22 26)-(14 29 23)-(2 17 8)-(2 26 2)]
0.714, 0.5525325164794921, [(7 2 1)-(7 9 16)-(9 0 4)-(4 49 17)-(10 63 21)]
0.6968, 0.5550957611083984, [(6 36 14)-(2 48 24)-(2 46 22)-(0 17 24)-(12 21 7)]
0.714, 0.5525317230224609, [(4 56 4)-(10 37 12)-(11 3 5)-(4 16 4)-(8 59 31)]
0.7142999999999999, 0.5526616729736328, [(13 16 12)-(14 2 18)-(7 63 14)-(8 6 6)-(3 16 7)]
0.5597000000000001, 0.5396780334472656, [(9 37 15)-(10 56 10)-(11 0 26)-(12 30 27)-(11 24 13)]
0.7135, 0.5525482238769531, [(12 41 23)-(9 46 13)-(5 18 20)-(13 6 14)-(9 46 11)]
0.714, 0.5525317260742187, [(3 36 16)-(3 63 20)-(11 22 7)-(1 7 1)-(8 17 2)]
0.7141, 0.5525647125244141, [(13 9 0)-(1 1 6)-(12 26 7)-(12 24 6)-(15 1 18)]
0.711, 0.5531825195312501, [(13 61 15)-(0 54 12)-(5 1 23)-(6 10 7)-(11 4 20)]
0.714, 0.5525315704345704, [(13 31 4)-(7 8 12)-(1 47 22)-(6 15 29)-(14 53 5)]
0.714, 0.5525317626953126, [(11 59 15)-(14 25 9)-(2 0 5)-(3 40 10)-(0 63 13)]
0.4484, 0.6790792083740234, [(6 11 17)-(3 6 4)-(9 0 24)-(11 47 12)-(3 31 27)]
0.7133, 0.5529505981445313, [(13 0 13)-(0 6 22)-(9 51 28)-(2 32 3)-(6 10 0)]
0.714, 0.5525324676513672, [(7 12 15)-(8 27 27)-(3 61 27)-(13 25 20)-(0 41 5)]
0.714, 0.5525317657470703, [(2 15 11)-(13 24 26)-(1 42 19)-(15 2 13)-(8 18 7)]
0.714, 0.5525317260742187, [(0 47 3)-(0 36 31)-(3 53 6)-(5 27 3)-(1 61 21)]
0.714, 0.5525317260742187, [(15 13 3)-(11 38 10)-(14 44 2)-(14 55 5)-(3 44 20)]
0.714, 0.5525317474365234, [(14 24 19)-(5 35 26)-(2 21 6)-(1 49 24)-(7 41 25)]
0.6965, 0.540858642578125, [(14 5 11)-(0 1 18)-(3 63 23)-(4 6 23)-(15 2 24)]
0.1099, 0.0, [(13 44 28)-(7 18 30)-(6 12 30)-(3 28 16)-(15 10 26)]
0.714, 0.5525317169189452, [(4 56 15)-(13 1 4)-(5 52 28)-(15 55 12)-(2 41 3)]
0.7139, 0.5524749816894532, [(14 18 13)-(9 5 28)-(6 32 7)-(4 3 19)-(6 62 14)]
0.136, 0.9777436981201172, [(15 5 23)-(9 58 12)-(15 47 18)-(1 29 30)-(5 37 13)]
0.714, 0.5525321197509765, [(3 40 7)-(12 48 29)-(11 21 4)-(8 21 13)-(8 10 3)]
0.7103, 0.5543757537841797, [(1 41 17)-(3 22 5)-(12 22 19)-(13 3 18)-(11 19 24)]
0.714, 0.552531024169922, [(3 34 5)-(4 19 14)-(15 53 31)-(9 33 14)-(12 41 28)]
0.1003, 0.0, [(4 28 23)-(5 0 10)-(8 59 10)-(13 10 18)-(0 11 30)]
0.7141, 0.552540283203125, [(15 2 18)-(7 45 29)-(2 56 1)-(2 11 12)-(6 48 7)]
0.714, 0.5525317260742187, [(7 17 7)-(0 38 22)-(3 59 14)-(11 59 7)-(11 35 15)]
0.714, 0.5525317321777343, [(2 57 18)-(6 47 9)-(5 62 19)-(9 5 4)-(8 56 16)]
0.714, 0.5525249359130859, [(14 5 19)-(10 17 17)-(1 36 26)-(3 53 7)-(7 37 30)]
0.714, 0.5525317169189453, [(7 42 16)-(2 53 7)-(15 9 30)-(8 31 15)-(10 50 4)]
0.714, 0.5525317108154297, [(7 58 20)-(7 32 16)-(3 49 20)-(4 11 9)-(13 55 15)]
0.714, 0.5525321624755859, [(1 59 14)-(1 27 13)-(3 15 4)-(6 47 14)-(2 49 10)]
0.714, 0.5525316894531249, [(11 54 17)-(1 40 12)-(2 29 11)-(0 23 3)-(9 45 26)]
0.7132000000000001, 0.5523335021972656, [(13 30 16)-(14 46 13)-(6 7 2)-(15 58 26)-(8 2 19)]
0.714, 0.552527359008789, [(14 20 9)-(11 0 1)-(2 25 14)-(7 53 24)-(6 24 27)]
0.6975, 0.5409585205078125, [(12 23 25)-(1 20 10)-(13 26 6)-(4 50 30)-(13 13 9)]
0.7132000000000001, 0.55397763671875, [(6 23 26)-(11 54 15)-(5 54 12)-(11 56 4)-(12 21 20)]
0.7135, 0.5544333831787109, [(0 15 15)-(4 46 2)-(6 28 31)-(12 13 8)-(7 50 30)]
0.714, 0.5525315063476562, [(0 24 16)-(13 21 28)-(8 38 1)-(15 48 20)-(3 50 27)]
0.714, 0.5525317077636719, [(1 10 6)-(9 38 9)-(13 4 22)-(10 7 29)-(6 26 27)]
0.7139, 0.5525265411376954, [(2 16 0)-(13 12 29)-(7 38 26)-(0 24 19)-(8 11 14)]
0.714, 0.5525315093994141, [(2 43 27)-(6 27 10)-(8 14 12)-(10 52 8)-(8 19 10)]
0.7006, 0.5565850982666016, [(3 14 18)-(6 14 25)-(8 7 6)-(15 44 24)-(0 47 3)]
0.7129, 0.5472884948730469, [(5 63 14)-(1 25 2)-(3 48 18)-(11 6 2)-(11 20 26)]
0.5670999999999999, 0.562093438720703, [(11 62 26)-(14 21 11)-(5 22 30)-(15 8 30)-(12 61 11)]
0.7137, 0.552534536743164, [(2 49 12)-(15 38 10)-(12 27 18)-(14 10 3)-(8 63 10)]
0.7030000000000001, 0.5449584411621093, [(9 54 11)-(3 25 31)-(6 51 22)-(0 24 21)-(12 44 22)]
0.714, 0.5525316711425782, [(9 3 11)-(13 6 27)-(9 45 26)-(12 60 11)-(11 54 15)]
0.714, 0.55253173828125, [(14 34 29)-(4 26 28)-(10 53 29)-(0 20 29)-(9 30 24)]
0.713, 0.5525094268798828, [(5 12 23)-(8 61 16)-(13 19 1)-(3 46 9)-(8 52 18)]
0.714, 0.5525329071044922, [(12 28 0)-(0 29 16)-(11 22 7)-(7 1 4)-(10 15 0)]
0.714, 0.5525367248535156, [(5 51 25)-(4 49 6)-(5 23 1)-(10 4 16)-(3 12 16)]
0.714, 0.5525315887451172, [(0 19 11)-(13 30 8)-(12 44 25)-(14 13 31)-(9 17 3)]
0.7146, 0.5535796539306641, [(4 40 29)-(2 31 26)-(9 1 28)-(8 7 20)-(3 25 23)]
0.49820000000000003, 0.6575638214111328, [(13 10 17)-(9 53 24)-(12 20 8)-(0 0 24)-(10 10 12)]
0.7139, 0.5525542205810547, [(5 44 15)-(6 9 16)-(14 46 20)-(8 58 28)-(3 38 19)]
0.7139, 0.5526535675048828, [(0 22 27)-(3 57 29)-(7 0 15)-(13 16 9)-(2 20 10)]
0.7136, 0.55253876953125, [(1 18 18)-(12 47 6)-(3 0 14)-(13 44 25)-(11 39 18)]
0.714, 0.5525317230224609, [(14 43 8)-(3 41 4)-(15 60 2)-(4 5 0)-(6 48 6)]
0.714, 0.5525312530517579, [(10 8 2)-(11 44 20)-(12 2 11)-(10 39 6)-(0 35 31)]
0.714, 0.5525316223144532, [(10 54 0)-(4 43 15)-(5 5 11)-(5 17 4)-(14 10 2)]
0.4875, 0.7489312927246095, [(3 0 24)-(3 61 17)-(9 23 15)-(15 17 18)-(7 53 30)]
0.714, 0.5525317260742187, [(12 38 22)-(10 44 11)-(14 4 24)-(15 31 21)-(3 44 20)]
0.714, 0.5525317352294922, [(14 16 5)-(7 50 28)-(10 61 2)-(1 0 29)-(10 6 6)]
0.7133, 0.5527915832519532, [(6 0 17)-(4 60 19)-(3 5 26)-(2 23 29)-(15 59 28)]
0.714, 0.5525322296142579, [(12 11 14)-(1 50 28)-(14 23 3)-(13 7 14)-(13 24 29)]
0.7021, 0.542345932006836, [(10 17 27)-(15 47 7)-(4 37 14)-(8 17 31)-(2 57 31)]
0.714, 0.5525317291259766, [(13 46 6)-(8 54 28)-(10 23 4)-(11 53 22)-(0 50 15)]
0.714, 0.5525358612060547, [(12 34 0)-(5 29 26)-(5 10 13)-(5 54 18)-(6 3 15)]
0.7097, 0.5501122161865235, [(6 20 18)-(10 4 9)-(5 5 24)-(7 45 31)-(15 13 20)]
0.714, 0.5525318084716797, [(6 43 19)-(5 24 13)-(14 32 25)-(3 41 11)-(10 33 21)]
0.6984999999999999, 0.5429596771240235, [(0 31 17)-(8 4 9)-(11 21 28)-(10 50 0)-(12 29 25)]
0.14329999999999998, 0.9745015930175781, [(7 8 2)-(10 21 30)-(14 35 21)-(1 48 23)-(1 49 30)]
0.714, 0.5525317321777343, [(15 4 12)-(15 0 29)-(1 27 10)-(13 12 23)-(7 2 2)]
0.714, 0.5525317291259766, [(15 56 23)-(10 53 9)-(8 5 26)-(8 5 2)-(10 37 25)]
0.713, 0.547335772705078, [(8 24 28)-(7 16 31)-(12 23 11)-(1 40 12)-(0 30 28)]
0.7114, 0.5440613708496094, [(5 20 11)-(10 16 25)-(4 29 11)-(8 54 16)-(14 52 10)]
0.714, 0.5525317138671875, [(12 45 9)-(11 42 13)-(15 54 27)-(2 38 20)-(13 34 22)]
0.7125, 0.5504049682617187, [(2 51 11)-(10 1 23)-(15 36 27)-(2 31 12)-(10 46 12)]
0.6936, 0.5427967163085937, [(1 17 13)-(12 28 26)-(4 17 24)-(8 39 10)-(12 31 19)]
0.714, 0.5525317108154297, [(8 58 20)-(6 53 27)-(2 28 29)-(13 6 30)-(14 17 18)]
0.714, 0.5525918304443359, [(6 9 0)-(9 13 17)-(9 55 4)-(11 49 8)-(15 35 3)]
0.7144, 0.5532728149414063, [(6 0 18)-(9 45 23)-(4 36 12)-(10 9 23)-(2 5 13)]
0.714, 0.5525351379394531, [(11 19 17)-(0 24 11)-(3 60 7)-(12 57 0)-(4 47 30)]
0.714, 0.552530484008789, [(10 17 12)-(8 15 14)-(2 8 26)-(7 51 15)-(7 40 17)]
0.7138, 0.5525327514648437, [(8 38 3)-(6 7 19)-(0 40 2)-(10 6 28)-(13 52 2)]
0.714, 0.5525304595947266, [(13 23 13)-(9 7 3)-(6 11 13)-(2 42 0)-(13 62 27)]
0.714, 0.5525346008300782, [(13 8 24)-(4 46 2)-(8 23 16)-(8 62 2)-(1 24 12)]
0.714, 0.5525316497802735, [(12 13 12)-(3 17 14)-(4 37 25)-(0 56 18)-(10 48 0)]
0.11410000000000001, 0.9972906921386719, [(4 46 4)-(0 22 30)-(11 2 6)-(2 47 12)-(7 31 21)]
0.714, 0.5525317291259766, [(1 60 18)-(14 39 27)-(6 38 6)-(5 43 29)-(4 60 26)]
0.714, 0.5525317321777343, [(9 57 13)-(12 13 14)-(6 58 28)-(9 60 28)-(15 53 25)]
0.7142, 0.5539715545654297, [(13 32 0)-(1 50 13)-(10 12 13)-(6 53 7)-(2 14 22)]
0.714, 0.5525342895507812, [(10 5 18)-(14 42 20)-(8 38 31)-(13 9 10)-(11 39 1)]
0.7143999999999999, 0.5536636077880859, [(1 0 18)-(4 57 30)-(2 36 31)-(3 2 12)-(4 31 3)]
0.714, 0.5525316955566406, [(8 15 4)-(5 60 25)-(8 19 8)-(8 4 9)-(9 58 25)]
0.7098, 0.5538810180664062, [(12 59 4)-(9 18 24)-(13 62 30)-(3 1 8)-(5 61 1)]
0.714, 0.5525317443847656, [(11 57 26)-(14 33 30)-(9 58 10)-(14 7 17)-(12 34 12)]
0.5206999999999999, 0.4864308868408203, [(3 9 27)-(0 23 24)-(15 24 0)-(3 12 20)-(1 28 30)]
0.7135, 0.5528441131591797, [(12 7 22)-(8 1 17)-(10 35 19)-(9 12 21)-(7 50 31)]
0.714, 0.5525317321777343, [(8 50 28)-(15 9 6)-(5 53 22)-(9 11 29)-(6 49 25)]
0.7133, 0.5526814147949218, [(0 14 26)-(2 1 17)-(13 37 30)-(12 50 29)-(12 43 16)]
0.714, 0.5525317169189453, [(7 35 2)-(10 16 9)-(12 6 10)-(7 54 22)-(7 46 8)]
0.7137, 0.5525141754150391, [(0 34 3)-(15 3 30)-(8 2 17)-(10 61 4)-(15 41 6)]
0.7133, 0.5525601348876953, [(3 13 21)-(13 37 1)-(11 44 1)-(3 17 9)-(6 55 23)]
0.714, 0.552530484008789, [(4 49 29)-(7 58 13)-(9 10 15)-(10 58 19)-(13 4 8)]
0.6411, 0.5347450775146485, [(13 23 15)-(9 6 23)-(1 7 25)-(13 58 24)-(6 24 31)]
0.714, 0.5525317352294922, [(5 62 22)-(11 41 10)-(3 14 9)-(7 55 9)-(10 21 29)]
0.714, 0.5525317138671875, [(2 7 1)-(7 41 14)-(2 40 26)-(11 59 14)-(10 15 11)]
0.7026, 0.551313198852539, [(10 36 18)-(0 10 24)-(12 5 19)-(12 12 11)-(13 1 31)]
0.10719999999999999, 0.0, [(3 61 11)-(9 27 10)-(6 4 30)-(7 49 29)-(2 55 20)]
0.7131000000000001, 0.5525047119140625, [(1 13 0)-(8 13 3)-(1 11 21)-(11 21 8)-(6 24 5)]
0.714, 0.5525317260742187, [(0 53 13)-(15 26 17)-(1 39 14)-(7 58 30)-(0 39 26)]
0.11549999999999999, 0.0, [(2 7 2)-(9 5 30)-(14 50 0)-(10 30 18)-(3 53 13)]
0.7112, 0.558435855102539, [(14 1 13)-(8 0 21)-(8 26 19)-(8 1 0)-(2 18 12)]
0.714, 0.5525317230224609, [(5 30 23)-(10 28 27)-(4 36 24)-(12 59 12)-(1 36 3)]
0.714, 0.5525636810302734, [(9 44 10)-(9 24 11)-(7 28 31)-(5 45 24)-(4 37 4)]
0.714, 0.5525335174560546, [(9 59 9)-(11 27 16)-(14 24 14)-(12 54 12)-(5 53 17)]
0.7132000000000001, 0.5525077514648438, [(11 2 27)-(1 37 1)-(10 9 20)-(3 62 15)-(13 4 23)]
0.7135, 0.5515309326171876, [(1 45 1)-(2 34 9)-(5 19 10)-(0 3 21)-(10 46 31)]
0.714, 0.5525317474365234, [(6 2 0)-(7 16 7)-(14 43 20)-(9 61 2)-(13 28 13)]
0.7134, 0.5534479553222655, [(9 26 28)-(13 60 14)-(3 21 13)-(9 53 30)-(0 12 31)]
0.6791, 0.5374942932128906, [(5 31 26)-(5 59 18)-(9 2 31)-(10 48 25)-(10 19 11)]
0.714, 0.5525317169189453, [(14 50 15)-(7 48 10)-(1 55 0)-(0 8 9)-(2 39 22)]
0.5821000000000001, 0.4910700805664062, [(9 35 3)-(8 2 31)-(11 14 13)-(4 35 20)-(9 32 21)]
0.7138, 0.5525666107177734, [(15 9 0)-(10 8 28)-(8 23 16)-(8 18 17)-(6 36 7)]
0.6094999999999999, 0.5174017807006835, [(5 11 25)-(6 11 12)-(1 55 11)-(0 49 27)-(9 39 21)]
0.714, 0.5525314819335938, [(8 10 12)-(1 43 5)-(7 9 5)-(11 54 29)-(9 50 24)]
0.714, 0.5525317657470703, [(4 59 22)-(15 24 24)-(6 45 4)-(12 14 11)-(6 46 28)]
0.714, 0.5525313568115234, [(14 62 20)-(14 23 0)-(2 59 1)-(3 16 12)-(13 23 21)]
0.6467, 0.5569047088623047, [(15 21 2)-(11 2 23)-(4 61 18)-(5 60 1)-(1 6 8)]
0.714, 0.5525859313964844, [(2 19 16)-(7 22 1)-(11 13 3)-(4 52 6)-(9 24 15)]
0.7139, 0.5525115539550781, [(7 26 6)-(9 32 16)-(4 6 19)-(13 14 3)-(2 57 24)]
0.714, 0.5525317260742187, [(11 58 28)-(10 31 12)-(8 51 1)-(2 60 4)-(14 8 12)]
0.714, 0.552531655883789, [(1 11 2)-(15 29 5)-(6 48 1)-(7 45 0)-(9 8 13)]
0.7138, 0.551524658203125, [(13 1 22)-(10 59 20)-(15 12 21)-(5 52 28)-(12 18 16)]
0.1194, 0.0, [(1 16 30)-(0 56 1)-(3 17 16)-(7 54 13)-(10 59 30)]
0.7137, 0.552587841796875, [(14 40 7)-(14 26 10)-(2 17 5)-(7 30 6)-(8 9 19)]
0.6335, 0.5033043914794921, [(13 16 26)-(5 25 21)-(1 2 25)-(0 1 8)-(10 42 19)]
0.714, 0.5525317230224609, [(4 60 26)-(4 37 1)-(5 56 2)-(15 8 23)-(9 55 6)]
0.1046, 0.0, [(11 5 30)-(1 2 26)-(4 19 28)-(13 7 8)-(2 31 19)]
0.7122999999999999, 0.553895425415039, [(4 44 9)-(1 22 9)-(15 5 21)-(2 15 23)-(1 5 12)]
0.7129, 0.5506023864746095, [(2 20 23)-(0 27 11)-(6 11 23)-(3 61 10)-(7 23 12)]
0.1105, 0.9973190399169922, [(0 57 0)-(5 52 3)-(6 2 15)-(10 5 30)-(13 48 31)]
0.714, 0.5525316253662109, [(11 38 3)-(6 3 9)-(7 7 26)-(3 18 7)-(0 12 9)]
0.714, 0.5525317260742187, [(11 53 16)-(14 20 24)-(7 39 29)-(13 41 27)-(5 57 6)]
0.7127, 0.5534070373535156, [(1 39 28)-(3 44 7)-(5 25 12)-(1 2 21)-(14 10 28)]
0.7116, 0.5507829833984375, [(3 8 24)-(9 48 5)-(4 3 2)-(10 58 10)-(3 40 10)]
0.714, 0.5525317260742187, [(15 63 18)-(3 53 2)-(3 42 30)-(14 38 17)-(5 37 10)]
0.714, 0.5525320251464845, [(12 40 9)-(11 45 9)-(8 47 30)-(1 59 5)-(3 19 16)]
0.714, 0.5525331939697266, [(7 39 19)-(11 38 13)-(9 12 0)-(12 21 14)-(13 48 0)]
0.7021999999999999, 0.5435211929321289, [(12 1 26)-(11 5 1)-(3 56 14)-(14 63 26)-(7 22 6)]
0.714, 0.5525317352294923, [(6 62 8)-(2 40 6)-(4 55 18)-(3 53 0)-(12 46 18)]
0.714, 0.552537240600586, [(13 21 10)-(3 29 4)-(15 14 24)-(0 22 17)-(15 38 11)]
0.714, 0.5524636596679688, [(1 24 21)-(5 41 26)-(9 12 27)-(12 57 5)-(10 45 19)]
0.714, 0.5525295776367187, [(5 51 17)-(14 9 1)-(4 59 14)-(8 36 7)-(4 25 17)]
0.714, 0.5525317626953125, [(15 15 12)-(3 12 11)-(15 53 25)-(11 57 8)-(13 28 22)]
0.7122, 0.5495919128417969, [(6 37 27)-(15 58 2)-(4 46 1)-(6 8 14)-(7 29 31)]
0.714, 0.5525317169189452, [(7 42 19)-(11 46 26)-(4 36 15)-(2 55 30)-(6 30 13)]
0.10819999999999999, 0.9997471588134765, [(14 54 29)-(6 6 30)-(10 1 10)-(8 61 1)-(3 63 1)]
0.6525000000000001, 0.5347938430786132, [(12 26 24)-(11 7 8)-(1 46 22)-(3 18 17)-(2 35 6)]
0.714, 0.5525317230224609, [(3 17 7)-(2 8 4)-(2 41 3)-(6 1 3)-(2 59 3)]
0.714, 0.5525315795898438, [(7 9 11)-(1 35 20)-(11 40 17)-(11 22 12)-(5 12 8)]
0.714, 0.5525319732666015, [(15 47 0)-(6 51 17)-(7 5 7)-(9 2 17)-(10 37 11)]
0.6986, 0.5665766357421875, [(8 62 26)-(8 45 9)-(11 0 23)-(15 30 17)-(10 34 19)]
0.714, 0.5525317901611329, [(14 60 10)-(0 52 17)-(9 13 8)-(15 23 8)-(0 20 4)]
0.714, 0.5525395660400391, [(14 44 27)-(1 2 15)-(8 53 1)-(11 35 27)-(13 55 6)]
0.7007, 0.5373543701171875, [(14 32 16)-(7 11 26)-(1 6 9)-(4 20 27)-(11 28 21)]
0.095, 0.0, [(8 19 30)-(5 58 9)-(1 45 24)-(12 29 26)-(0 37 28)]
0.7141, 0.5524287628173828, [(10 63 6)-(8 12 24)-(10 39 10)-(9 2 9)-(15 58 30)]
0.7134, 0.5524253784179688, [(14 42 11)-(6 50 22)-(15 9 30)-(12 51 18)-(11 21 23)]
0.714, 0.5525317230224609, [(14 6 15)-(6 43 26)-(13 5 24)-(3 17 7)-(0 52 8)]
0.7139, 0.5525478698730468, [(6 3 14)-(4 12 8)-(5 27 15)-(4 47 18)-(9 35 21)]
0.714, 0.5525322448730469, [(11 32 4)-(0 52 30)-(8 47 19)-(0 29 17)-(12 54 15)]
0.714, 0.55253173828125, [(8 61 25)-(7 39 0)-(13 59 2)-(2 35 26)-(5 14 1)]
0.714, 0.5525463836669922, [(0 53 31)-(4 47 22)-(9 1 14)-(8 27 16)-(13 24 26)]
0.7134, 0.5533558288574218, [(6 13 23)-(8 50 18)-(13 48 9)-(8 36 0)-(1 4 9)]
0.10819999999999999, 0.9997466888427735, [(7 59 1)-(10 31 7)-(8 44 29)-(2 17 19)-(6 6 30)]
0.714, 0.5525316589355469, [(11 59 9)-(5 36 27)-(11 47 4)-(6 30 26)-(8 24 12)]
0.7134, 0.5523038848876953, [(15 36 0)-(13 26 14)-(0 58 26)-(5 24 23)-(13 42 16)]
0.7134, 0.5526110382080078, [(15 61 2)-(0 21 7)-(7 25 22)-(1 45 31)-(8 55 0)]
0.7142999999999999, 0.5514435455322266, [(7 43 15)-(2 4 23)-(7 36 7)-(0 21 10)-(8 41 21)]
0.714, 0.5525317260742187, [(15 9 0)-(15 63 8)-(12 49 27)-(3 8 4)-(1 55 12)]
0.7122999999999999, 0.5531931762695312, [(10 57 5)-(14 42 12)-(11 12 23)-(12 56 31)-(14 18 16)]
0.714, 0.5525367370605468, [(10 31 6)-(3 59 13)-(15 48 13)-(3 39 18)-(1 2 12)]
0.1013, 0.0, [(10 36 16)-(7 13 18)-(0 40 27)-(6 8 30)-(8 24 9)]
0.714, 0.5525387054443359, [(14 37 22)-(1 51 12)-(6 58 6)-(0 17 16)-(14 37 26)]
0.714, 0.5525317291259766, [(3 58 8)-(11 41 5)-(5 50 31)-(11 13 3)-(14 32 27)]
0.714, 0.5525326599121094, [(9 3 14)-(12 13 16)-(1 30 0)-(10 39 30)-(10 58 19)]
0.7136, 0.5524977752685547, [(14 4 15)-(6 16 11)-(13 13 7)-(1 5 22)-(8 3 20)]
0.714, 0.5525316528320312, [(3 40 5)-(5 5 15)-(13 5 8)-(9 45 19)-(14 44 17)]
0.714, 0.5525319488525391, [(9 1 5)-(1 2 27)-(12 52 9)-(9 2 9)-(3 36 22)]
0.714, 0.552531869506836, [(13 41 17)-(1 19 27)-(8 18 3)-(11 2 8)-(4 37 14)]
0.7137, 0.5525250885009765, [(12 63 6)-(14 3 6)-(5 26 20)-(3 57 12)-(0 50 13)]
0.6743, 0.5118000885009766, [(6 63 24)-(6 7 12)-(12 23 14)-(2 24 30)-(4 15 7)]
0.7132000000000001, 0.5527372283935548, [(7 33 4)-(7 48 4)-(6 47 13)-(9 63 29)-(3 25 22)]
0.7133, 0.5535487365722656, [(12 19 1)-(12 44 27)-(0 1 26)-(10 35 24)-(8 57 5)]
0.6315, 0.5284195861816406, [(5 0 12)-(4 39 4)-(10 60 12)-(0 56 1)-(9 1 31)]
0.714, 0.5525317596435546, [(8 30 13)-(15 39 2)-(14 25 16)-(9 48 5)-(7 1 6)]
0.7119, 0.5552510253906251, [(15 12 14)-(11 5 24)-(2 49 23)-(0 44 16)-(5 45 21)]
0.714, 0.5525317199707032, [(4 3 5)-(4 54 26)-(5 32 5)-(15 58 3)-(5 43 14)]
0.714, 0.5525355316162109, [(12 47 4)-(15 24 13)-(1 11 15)-(11 42 8)-(13 58 10)]
0.7143999999999999, 0.5525412750244141, [(12 22 22)-(10 47 22)-(10 10 4)-(7 59 31)-(15 50 4)]
0.6775, 0.5302926574707032, [(15 22 3)-(3 45 30)-(6 11 25)-(2 37 6)-(9 62 0)]
0.714, 0.5525320281982422, [(8 1 7)-(9 54 28)-(4 20 13)-(11 55 4)-(9 54 19)]
0.7132000000000001, 0.5528625579833985, [(2 44 26)-(12 38 29)-(5 9 21)-(5 10 29)-(9 30 17)]
0.714, 0.5525317337036133, [(10 48 17)-(15 6 31)-(13 10 21)-(13 16 10)-(3 38 24)]
0.7049000000000001, 0.5489783508300781, [(13 3 7)-(1 13 25)-(8 26 13)-(10 54 14)-(14 61 12)]
0.714, 0.5525317352294922, [(0 31 5)-(3 25 5)-(1 29 4)-(5 18 9)-(0 40 22)]
0.7032, 0.5532377746582031, [(5 15 28)-(5 33 11)-(0 10 16)-(10 50 9)-(3 3 25)]
0.714, 0.5525316802978516, [(7 49 28)-(6 57 9)-(3 36 24)-(15 8 7)-(0 24 12)]
0.7093, 0.5469477020263672, [(11 28 8)-(5 3 31)-(3 4 25)-(2 9 17)-(15 19 16)]
0.7135, 0.5530957275390624, [(3 43 0)-(14 33 29)-(8 34 18)-(11 63 13)-(11 5 22)]
0.7134, 0.5526173736572266, [(4 14 11)-(7 37 11)-(7 33 24)-(2 51 17)-(0 13 22)]
0.714, 0.552531463623047, [(12 30 22)-(4 46 27)-(5 34 27)-(8 51 21)-(8 21 12)]
0.7128, 0.5561191741943359, [(3 41 10)-(3 53 14)-(0 21 19)-(2 50 21)-(6 26 26)]
0.714, 0.5525317321777343, [(8 0 3)-(1 45 9)-(13 10 22)-(11 13 10)-(1 60 12)]
0.714, 0.5525318115234374, [(11 5 10)-(3 33 27)-(0 34 22)-(5 40 10)-(14 5 15)]
0.7130000000000001, 0.5515254028320312, [(9 2 19)-(2 26 1)-(6 8 21)-(7 31 27)-(12 25 28)]
0.6945, 0.5422966064453125, [(1 11 25)-(7 31 5)-(12 63 18)-(8 3 26)-(4 53 30)]
0.1023, 0.9981940856933593, [(10 41 21)-(5 57 3)-(12 53 7)-(4 24 30)-(9 6 26)]
0.1015, 0.0, [(12 26 30)-(13 29 19)-(7 26 25)-(14 52 16)-(11 43 15)]
0.714, 0.5525338531494141, [(13 45 24)-(3 56 7)-(7 17 10)-(10 5 17)-(0 18 18)]
0.7133, 0.552410009765625, [(9 41 11)-(2 63 3)-(9 38 28)-(5 7 13)-(3 15 22)]
0.714, 0.5525317260742187, [(13 6 17)-(3 33 27)-(8 32 3)-(14 46 31)-(9 62 4)]
0.7137, 0.5527167022705077, [(9 48 3)-(3 18 16)-(7 5 3)-(7 3 23)-(14 44 17)]
0.714, 0.5525317199707032, [(9 37 1)-(5 17 29)-(7 42 21)-(9 50 3)-(0 33 8)]
0.714, 0.5525257934570312, [(15 57 30)-(2 15 14)-(6 13 11)-(11 57 30)-(7 36 30)]
0.714, 0.55262958984375, [(15 15 0)-(10 5 23)-(0 44 6)-(15 53 28)-(15 54 25)]
0.7041, 0.5368488143920898, [(0 24 15)-(7 60 14)-(14 9 10)-(2 5 25)-(8 63 17)]
0.714, 0.5525322326660156, [(14 21 25)-(7 2 11)-(6 2 3)-(15 59 17)-(7 23 10)]
0.714, 0.5525317230224609, [(8 17 1)-(13 9 18)-(8 27 0)-(7 6 27)-(1 47 31)]
0.7136, 0.5524036621093751, [(5 35 3)-(9 58 31)-(8 1 11)-(7 9 21)-(0 7 11)]
0.7137, 0.5525046691894531, [(10 31 25)-(7 54 2)-(0 42 0)-(11 60 0)-(1 18 18)]
0.7131, 0.5526362762451171, [(0 55 18)-(3 60 9)-(6 53 10)-(7 6 28)-(5 14 22)]
0.7141, 0.5525013916015625, [(10 28 8)-(10 17 16)-(12 4 0)-(6 52 0)-(2 3 18)]
0.714, 0.5525331237792969, [(5 9 13)-(11 29 1)-(2 11 6)-(1 46 29)-(14 19 31)]
0.714, 0.5525317321777343, [(15 9 11)-(9 63 6)-(12 59 3)-(13 24 1)-(13 49 5)]
0.7085, 0.55203828125, [(9 45 26)-(5 25 15)-(3 55 17)-(11 18 26)-(3 14 4)]
0.7131000000000001, 0.5523540344238281, [(1 11 21)-(4 49 14)-(0 4 7)-(15 18 16)-(7 6 21)]
0.6973, 0.5469259155273437, [(11 37 6)-(4 50 7)-(0 58 15)-(10 17 26)-(4 55 11)]
0.714, 0.5525388519287109, [(6 7 6)-(5 14 17)-(14 18 19)-(6 13 14)-(9 60 31)]
0.1407, 0.9698349884033204, [(10 49 19)-(6 1 11)-(10 13 30)-(14 5 0)-(8 35 25)]
0.1025, 0.9998319122314454, [(12 33 7)-(0 12 30)-(13 6 30)-(8 1 15)-(1 8 5)]
0.6989, 0.5546077575683593, [(12 16 20)-(3 42 13)-(6 35 17)-(10 15 25)-(0 17 24)]
0.7130000000000001, 0.5527376434326172, [(2 28 16)-(12 40 28)-(6 35 26)-(14 47 21)-(1 6 21)]
0.714, 0.5525297119140625, [(7 28 3)-(10 16 28)-(2 17 13)-(1 48 14)-(14 7 30)]
0.7139, 0.5524988433837891, [(2 11 4)-(13 28 20)-(2 10 22)-(13 24 22)-(9 25 26)]
0.7131000000000001, 0.5518894653320312, [(14 1 12)-(9 18 3)-(4 16 25)-(8 55 28)-(6 62 8)]
0.714, 0.552190380859375, [(5 57 17)-(6 18 22)-(8 43 1)-(4 44 29)-(9 33 3)]
0.7031000000000001, 0.5653813659667969, [(15 47 6)-(4 57 24)-(4 8 14)-(13 0 23)-(12 54 23)]
0.7142999999999999, 0.5521371307373046, [(11 36 25)-(8 1 20)-(14 15 4)-(13 8 29)-(6 6 3)]
0.7137, 0.5526200012207032, [(8 2 12)-(2 47 13)-(10 28 22)-(14 47 5)-(11 48 11)]
0.714, 0.5525318389892577, [(4 28 12)-(7 58 15)-(13 17 21)-(4 35 0)-(15 37 21)]
0.714, 0.5525373168945312, [(5 31 21)-(7 52 11)-(3 18 18)-(9 46 25)-(5 32 3)]
0.714, 0.5525317260742187, [(8 45 16)-(12 43 10)-(1 44 20)-(11 38 6)-(5 54 22)]
0.7112, 0.5509427398681641, [(1 46 14)-(10 20 25)-(14 52 10)-(2 35 10)-(14 20 0)]
0.7142999999999999, 0.5520204071044922, [(10 30 21)-(1 7 23)-(5 6 11)-(3 53 19)-(15 39 31)]
0.7115, 0.5525865356445312, [(2 56 8)-(1 3 23)-(0 8 11)-(4 23 5)-(6 29 0)]
0.7117, 0.5530277923583984, [(2 14 12)-(2 62 10)-(9 1 21)-(5 15 27)-(8 33 19)]
0.45389999999999997, 0.4464942916870117, [(4 49 2)-(5 14 1)-(12 52 8)-(3 1 25)-(4 33 28)]
0.7138, 0.5525147003173828, [(12 22 15)-(8 14 22)-(0 44 8)-(0 38 25)-(2 57 31)]
0.714, 0.5525312622070313, [(9 37 0)-(8 2 11)-(4 36 9)-(12 61 9)-(14 12 28)]
0.714, 0.5525326385498046, [(10 33 27)-(7 11 9)-(8 5 13)-(1 25 7)-(12 51 8)]
0.71, 0.5496927978515624, [(3 58 10)-(6 6 25)-(14 7 20)-(4 40 4)-(1 9 2)]
0.714, 0.5525327392578125, [(8 36 1)-(0 8 7)-(8 3 4)-(4 18 17)-(12 54 9)]
0.714, 0.5525395690917969, [(9 8 29)-(13 57 5)-(14 15 10)-(1 11 16)-(13 27 27)]
0.6979, 0.5393679351806641, [(6 29 19)-(12 30 3)-(8 32 11)-(13 20 12)-(9 3 30)]
0.7123999999999999, 0.5526253295898438, [(2 40 26)-(0 8 17)-(1 26 23)-(3 45 19)-(6 9 10)]
0.7084, 0.5495106781005858, [(14 8 0)-(3 10 0)-(4 26 13)-(1 29 25)-(4 10 5)]
0.7139, 0.5522564636230469, [(5 17 17)-(1 22 23)-(8 51 3)-(11 19 26)-(4 37 16)]
0.714, 0.552531771850586, [(1 50 19)-(12 22 12)-(7 30 0)-(4 54 2)-(2 38 0)]
0.714, 0.5525317260742187, [(5 26 27)-(12 13 28)-(5 49 5)-(11 43 7)-(1 45 5)]
0.714, 0.5525317230224609, [(14 40 30)-(3 14 27)-(5 8 4)-(4 36 7)-(2 58 6)]
0.714, 0.5525317352294922, [(8 48 10)-(2 40 2)-(12 54 0)-(12 36 4)-(10 49 28)]
0.7143999999999999, 0.5525125366210937, [(15 23 26)-(12 50 2)-(13 19 27)-(7 43 5)-(7 22 24)]
0.714, 0.55253173828125, [(13 22 27)-(12 43 31)-(4 8 29)-(1 62 2)-(10 32 1)]
0.7135, 0.5526257141113281, [(3 35 2)-(5 21 1)-(9 7 27)-(5 63 5)-(8 18 18)]
0.4315, 0.5296320373535156, [(6 0 26)-(14 40 27)-(10 0 27)-(3 51 10)-(0 49 24)]
0.714, 0.5525317199707032, [(11 40 14)-(12 14 1)-(15 42 28)-(8 40 2)-(15 63 23)]
0.7137, 0.5525357330322266, [(8 26 10)-(11 9 21)-(13 21 2)-(14 26 0)-(12 63 4)]
0.714, 0.5525331359863281, [(13 17 27)-(4 15 19)-(13 49 3)-(4 53 21)-(13 42 27)]
0.714, 0.5525317291259766, [(12 44 18)-(7 51 16)-(14 53 10)-(12 63 19)-(10 61 21)]
0.714, 0.5525317001342773, [(4 12 3)-(9 21 4)-(4 41 4)-(0 29 13)-(13 60 28)]
0.7135, 0.549397314453125, [(9 16 26)-(14 5 30)-(9 31 10)-(2 50 30)-(0 45 5)]
0.7134, 0.5525540618896485, [(1 1 17)-(4 14 15)-(8 1 6)-(9 47 27)-(4 62 4)]
0.6961999999999999, 0.5399854751586914, [(0 33 24)-(14 3 25)-(7 6 10)-(12 14 31)-(14 29 28)]
0.714, 0.5525317291259766, [(11 22 13)-(13 1 28)-(7 54 12)-(4 49 27)-(8 5 7)]
0.7136, 0.552934521484375, [(7 29 6)-(9 2 27)-(2 11 1)-(7 7 23)-(6 58 11)]
0.714, 0.5525317260742187, [(10 60 28)-(3 62 18)-(4 40 8)-(11 30 7)-(11 36 31)]
0.714, 0.5525317108154297, [(3 9 5)-(13 13 7)-(9 15 27)-(5 36 18)-(2 21 1)]
0.714, 0.5525317230224609, [(9 24 8)-(2 37 7)-(3 17 4)-(10 43 6)-(5 61 18)]
0.7138, 0.5525232055664062, [(15 39 11)-(2 54 25)-(4 20 9)-(14 55 22)-(3 26 21)]
0.714, 0.5525316619873046, [(4 9 10)-(9 27 4)-(5 0 1)-(15 58 19)-(15 47 15)]
0.7141, 0.552591616821289, [(1 38 14)-(2 28 20)-(1 30 9)-(4 41 5)-(5 42 0)]
0.7139, 0.5524093078613281, [(8 55 26)-(11 43 3)-(1 58 14)-(9 37 27)-(4 24 31)]
0.7142999999999999, 0.5530017639160156, [(0 44 22)-(14 2 18)-(11 59 18)-(7 14 22)-(11 6 31)]
0.714, 0.552530029296875, [(5 40 16)-(4 62 14)-(14 37 15)-(7 59 20)-(2 12 14)]
0.714, 0.5525317291259766, [(7 36 12)-(12 55 25)-(10 62 19)-(4 34 19)-(8 61 16)]
0.7138, 0.552531494140625, [(3 21 18)-(0 61 24)-(14 7 25)-(12 12 8)-(10 1 8)]
0.09, 0.9971799774169922, [(6 48 13)-(11 11 30)-(3 29 20)-(1 7 20)-(2 57 26)]
0.714, 0.5525406127929687, [(11 37 12)-(4 10 7)-(10 33 5)-(15 5 3)-(5 0 11)]
0.7141, 0.5543210754394532, [(0 0 19)-(4 32 3)-(11 36 17)-(14 48 26)-(7 46 22)]
0.714, 0.5525317321777343, [(14 31 22)-(6 63 2)-(15 51 9)-(3 30 6)-(8 57 15)]
0.7073, 0.5427198547363281, [(15 61 3)-(11 9 19)-(14 19 21)-(10 4 29)-(10 11 31)]
0.6313, 0.5354022644042968, [(3 56 5)-(11 50 19)-(11 59 4)-(13 2 25)-(12 49 17)]
0.714, 0.5525399719238281, [(3 39 24)-(2 16 15)-(5 61 28)-(2 8 28)-(14 61 16)]
0.714, 0.5525317260742187, [(9 33 1)-(10 57 16)-(14 32 10)-(15 40 29)-(8 37 13)]
0.7123999999999999, 0.5513422821044922, [(4 18 13)-(8 16 16)-(6 28 5)-(3 12 31)-(3 58 17)]
0.09190000000000001, 0.0, [(15 52 31)-(1 15 30)-(9 15 8)-(8 14 8)-(13 34 29)]
0.714, 0.5525600189208985, [(13 31 2)-(2 18 8)-(14 8 3)-(6 0 13)-(3 28 0)]
0.714, 0.5525332489013672, [(5 17 6)-(15 14 3)-(3 47 18)-(6 12 27)-(2 28 13)]
0.714, 0.5525317321777343, [(8 59 22)-(8 59 4)-(5 9 5)-(0 39 24)-(3 13 8)]
0.714, 0.5525317260742187, [(12 63 21)-(13 44 14)-(13 63 10)-(2 30 17)-(3 53 16)]
0.714, 0.55253173828125, [(4 21 4)-(9 49 3)-(3 56 19)-(8 7 5)-(7 45 16)]
0.714, 0.5525317077636718, [(1 34 26)-(4 1 29)-(15 18 16)-(10 34 7)-(13 43 15)]
0.1095, 0.0, [(12 21 30)-(13 24 3)-(10 3 31)-(8 8 5)-(2 61 24)]
0.7139, 0.5525245849609375, [(6 3 4)-(13 58 8)-(6 44 14)-(10 39 26)-(2 20 19)]
0.7139, 0.5525381988525391, [(2 27 26)-(5 3 18)-(11 35 5)-(6 61 1)-(14 20 6)]
0.714, 0.552533560180664, [(15 3 0)-(2 46 23)-(9 16 14)-(8 40 21)-(2 63 12)]
0.714, 0.5525293853759765, [(3 46 1)-(3 62 29)-(0 44 18)-(10 6 7)-(9 23 17)]
0.7084, 0.5525438903808594, [(7 0 2)-(5 39 15)-(0 46 6)-(8 19 24)-(13 41 1)]
0.714, 0.5525317321777343, [(9 51 25)-(2 56 19)-(3 27 26)-(14 15 29)-(1 39 20)]
0.714, 0.5525317199707032, [(6 60 13)-(12 47 8)-(1 35 21)-(5 33 31)-(14 4 26)]
0.7039, 0.5678128234863282, [(14 41 20)-(10 0 23)-(14 47 24)-(11 48 21)-(9 47 26)]
0.7138, 0.5525013671875001, [(2 6 11)-(5 48 27)-(10 35 20)-(9 43 11)-(0 8 21)]
0.714, 0.5525317260742187, [(5 18 28)-(12 5 29)-(13 39 30)-(8 33 18)-(1 57 5)]
0.714, 0.5525317199707032, [(1 46 4)-(10 42 26)-(13 21 24)-(7 44 21)-(14 31 19)]
0.714, 0.5525317230224609, [(14 50 11)-(8 28 5)-(0 56 28)-(8 57 27)-(2 62 26)]
0.7115, 0.5534252227783203, [(8 42 19)-(3 51 14)-(5 6 16)-(11 12 23)-(9 7 21)]
0.7138, 0.5525770751953125, [(15 13 11)-(15 59 10)-(1 27 10)-(12 21 16)-(6 14 18)]
0.714, 0.5525316192626952, [(8 31 26)-(0 6 4)-(3 19 0)-(11 6 12)-(13 42 8)]
0.7109, 0.5493530853271484, [(13 21 20)-(1 48 16)-(5 51 28)-(4 3 24)-(13 20 17)]
0.714, 0.5525317260742187, [(1 3 5)-(10 41 29)-(7 27 27)-(0 42 10)-(13 42 18)]
0.7141, 0.5524846130371094, [(8 16 19)-(15 52 31)-(15 9 15)-(2 40 15)-(0 31 26)]
0.6438999999999999, 0.5050671737670898, [(10 0 31)-(6 1 20)-(6 60 6)-(10 6 4)-(10 59 20)]
0.714, 0.55253173828125, [(2 48 17)-(15 24 30)-(12 41 8)-(10 5 28)-(8 61 1)]
0.714, 0.5525317260742187, [(10 26 5)-(8 29 2)-(10 23 2)-(5 34 7)-(15 22 16)]
0.714, 0.5525316864013672, [(9 34 25)-(2 7 8)-(13 41 15)-(3 21 2)-(13 6 31)]
0.7073, 0.548049771118164, [(3 56 23)-(12 59 19)-(3 45 22)-(3 7 31)-(11 10 27)]
0.6674, 0.558354638671875, [(9 15 23)-(3 36 26)-(13 20 20)-(5 5 25)-(6 0 22)]
0.714, 0.5525317260742187, [(11 30 17)-(14 33 17)-(11 23 12)-(13 7 6)-(11 10 14)]
0.714, 0.5525317321777343, [(15 11 25)-(7 62 16)-(2 45 29)-(14 35 1)-(3 32 25)]
0.714, 0.5525317260742187, [(9 63 22)-(6 45 22)-(0 53 0)-(1 53 4)-(12 38 4)]
0.714, 0.5525317291259766, [(13 1 2)-(5 23 29)-(2 48 1)-(0 34 5)-(14 37 4)]
0.7106, 0.5474493957519532, [(14 59 22)-(12 55 30)-(0 25 11)-(5 4 31)-(12 50 16)]
0.714, 0.5525317230224609, [(1 2 2)-(8 2 1)-(15 26 5)-(2 56 21)-(0 24 7)]
0.714, 0.5525317138671875, [(7 39 26)-(10 53 11)-(10 35 11)-(0 34 7)-(3 21 8)]
0.7045, 0.5454154907226563, [(12 3 31)-(1 13 22)-(7 15 5)-(13 62 8)-(5 22 15)]
0.7138, 0.5526000701904297, [(0 11 23)-(9 25 27)-(7 46 8)-(9 20 1)-(13 0 7)]
0.7135, 0.552595751953125, [(1 14 19)-(1 23 2)-(15 51 23)-(1 6 6)-(2 45 27)]
0.714, 0.5525320755004883, [(4 52 31)-(12 22 17)-(15 59 11)-(6 18 10)-(13 13 31)]
0.7137, 0.552540185546875, [(4 47 6)-(2 7 27)-(0 60 27)-(11 8 18)-(15 18 8)]
0.714, 0.5525316986083985, [(15 62 4)-(7 4 10)-(12 37 3)-(14 34 2)-(13 32 27)]
0.714, 0.5525317230224609, [(10 23 27)-(15 9 12)-(13 21 18)-(4 22 0)-(3 19 0)]
0.714, 0.5525317199707032, [(11 56 8)-(1 32 31)-(12 34 6)-(10 5 13)-(12 55 4)]
0.714, 0.5525239532470703, [(13 42 27)-(11 57 28)-(4 51 24)-(3 6 13)-(9 10 18)]
0.7038, 0.5438179931640625, [(2 10 30)-(14 13 11)-(15 53 15)-(7 57 10)-(8 61 9)]
0.714, 0.5525317230224609, [(7 17 3)-(2 42 25)-(7 32 11)-(0 57 9)-(10 3 0)]
0.7136, 0.5525656799316406, [(9 53 30)-(6 54 13)-(3 62 22)-(1 25 21)-(14 6 27)]
0.714, 0.5525317138671875, [(5 47 20)-(5 28 2)-(9 45 25)-(2 5 29)-(15 16 4)]
0.17830000000000001, 0.0, [(1 26 31)-(1 23 13)-(9 25 30)-(14 33 31)-(11 55 28)]
0.714, 0.5525317413330078, [(1 51 26)-(0 39 16)-(7 20 5)-(14 37 26)-(6 57 30)]
0.7135, 0.5525727813720702, [(9 22 6)-(2 60 12)-(12 23 19)-(3 59 25)-(3 14 28)]
0.714, 0.5525316864013672, [(14 40 11)-(8 51 9)-(11 25 10)-(13 32 16)-(14 29 19)]
0.714, 0.5525302459716797, [(1 34 11)-(12 26 16)-(1 37 16)-(0 49 20)-(11 22 15)]
0.714, 0.5525317230224609, [(1 32 6)-(7 36 9)-(5 58 0)-(7 36 26)-(3 41 4)]
0.714, 0.5525316009521484, [(3 13 11)-(7 49 20)-(6 3 10)-(15 52 4)-(13 34 1)]
0.714, 0.552531494140625, [(5 40 10)-(7 34 6)-(5 43 11)-(15 19 11)-(1 20 13)]
0.3679, 0.823346713256836, [(2 63 17)-(12 27 4)-(12 43 23)-(1 44 15)-(9 0 25)]
0.714, 0.5525331970214844, [(0 1 8)-(15 52 20)-(4 60 20)-(14 20 11)-(9 18 13)]
0.7137, 0.5525664001464844, [(13 2 13)-(2 57 15)-(9 25 20)-(5 34 4)-(6 57 29)]
0.714, 0.5525316680908203, [(3 4 26)-(6 61 14)-(0 21 9)-(12 7 9)-(6 34 22)]
0.7142999999999999, 0.5524235748291015, [(1 47 13)-(2 20 21)-(8 45 25)-(0 12 10)-(14 24 17)]
0.714, 0.5525317321777343, [(8 30 11)-(9 10 5)-(13 21 24)-(6 41 13)-(12 42 13)]
0.714, 0.5525317291259766, [(7 46 28)-(6 30 20)-(8 30 14)-(2 62 2)-(3 5 26)]
0.1464, 0.9650849151611328, [(6 43 4)-(4 50 19)-(4 51 14)-(8 38 3)-(3 14 30)]
0.714, 0.5525336669921875, [(6 58 25)-(2 61 21)-(2 14 13)-(10 48 8)-(14 56 18)]
0.714, 0.5525313995361327, [(13 42 18)-(1 32 17)-(11 22 17)-(2 54 7)-(9 41 4)]
0.6992, 0.5633020507812501, [(5 20 31)-(2 8 23)-(0 45 24)-(3 33 17)-(11 42 16)]
0.7139, 0.5526457366943359, [(0 29 16)-(14 60 7)-(4 28 20)-(0 13 9)-(0 26 18)]
0.7138, 0.5525100158691407, [(6 49 4)-(9 17 20)-(9 42 19)-(12 12 9)-(9 50 29)]
0.7139, 0.5524646514892578, [(7 36 10)-(6 56 23)-(3 12 2)-(6 5 11)-(12 29 23)]
0.714, 0.5525327331542969, [(12 20 2)-(5 6 12)-(12 45 17)-(13 44 24)-(15 35 27)]
0.7005, 0.5627857238769531, [(9 5 20)-(12 0 23)-(9 39 7)-(5 2 21)-(2 53 0)]
0.7138, 0.5526819793701172, [(7 20 15)-(8 36 13)-(10 0 12)-(1 11 20)-(4 34 14)]
0.714, 0.5525316650390625, [(2 46 9)-(10 59 27)-(6 2 11)-(11 26 12)-(14 56 14)]
0.7139, 0.5525542449951172, [(5 53 31)-(15 24 6)-(3 45 18)-(13 26 28)-(9 14 21)]
0.714, 0.5525288818359375, [(1 18 14)-(15 4 7)-(6 7 15)-(1 38 18)-(11 59 29)]
0.7051000000000001, 0.5554212158203125, [(3 11 26)-(0 25 10)-(1 20 25)-(0 35 26)-(14 6 11)]
0.714, 0.5525317321777343, [(3 40 13)-(15 54 15)-(14 9 6)-(9 27 5)-(11 47 16)]
0.714, 0.5525317260742187, [(7 40 26)-(5 28 6)-(4 50 23)-(9 50 8)-(11 62 30)]
0.714, 0.5525317230224609, [(14 5 30)-(6 36 6)-(8 19 27)-(6 32 12)-(14 11 5)]
0.714, 0.552530599975586, [(15 15 29)-(13 35 11)-(6 22 14)-(14 47 30)-(1 0 3)]
0.7139, 0.5524072235107422, [(15 18 6)-(4 29 23)-(1 4 5)-(3 30 25)-(7 34 10)]
0.7138, 0.5525815734863282, [(13 42 17)-(10 10 19)-(4 32 31)-(10 0 15)-(6 33 26)]
0.714, 0.5525498260498047, [(0 47 17)-(0 50 15)-(5 0 12)-(13 55 7)-(5 39 26)]
0.7014, 0.5398234649658203, [(4 17 25)-(12 26 22)-(11 45 2)-(11 55 22)-(11 26 10)]
0.7101, 0.5517575469970704, [(9 13 14)-(11 14 19)-(3 11 23)-(14 7 8)-(14 6 23)]
0.714, 0.5525317810058594, [(7 12 11)-(13 26 3)-(9 51 25)-(2 36 4)-(15 48 23)]
0.7129000000000001, 0.5528410827636718, [(14 54 24)-(1 7 15)-(12 7 31)-(9 41 28)-(5 40 28)]
0.714, 0.5525306365966798, [(10 2 12)-(0 42 19)-(12 30 6)-(12 55 23)-(2 44 18)]
0.714, 0.5525317199707032, [(13 41 3)-(5 50 27)-(11 11 29)-(13 20 14)-(14 55 27)]
0.714, 0.5525316741943359, [(6 44 4)-(4 52 27)-(9 62 6)-(10 24 14)-(9 61 1)]
0.714, 0.5525374938964844, [(1 13 19)-(1 7 6)-(11 27 12)-(10 31 6)-(4 27 29)]
0.7044999999999999, 0.5470960510253906, [(14 4 20)-(5 4 26)-(5 54 16)-(1 32 11)-(5 3 8)]
0.5017, 0.5104144134521484, [(14 0 13)-(1 50 7)-(12 3 25)-(14 25 18)-(9 3 12)]
0.2552, 0.625712939453125, [(0 4 13)-(5 8 30)-(8 20 10)-(1 5 22)-(14 15 1)]
0.714, 0.5525315368652344, [(7 32 11)-(3 24 14)-(9 5 6)-(3 26 28)-(8 22 4)]
0.7139, 0.5524927032470703, [(15 5 0)-(12 23 10)-(8 24 23)-(2 21 3)-(10 39 11)]
0.714, 0.552531674194336, [(2 58 20)-(10 2 8)-(6 2 26)-(14 44 6)-(8 32 21)]
0.7137, 0.5525815216064454, [(3 2 27)-(5 34 28)-(9 15 22)-(3 37 6)-(0 16 8)]
0.7141, 0.5526536560058594, [(2 24 5)-(6 2 7)-(7 31 22)-(13 40 18)-(2 16 19)]
0.7148, 0.5525350921630859, [(13 18 29)-(11 9 22)-(6 41 13)-(11 29 7)-(15 4 10)]
0.714, 0.5525317291259766, [(0 63 19)-(6 40 20)-(11 43 14)-(8 62 31)-(7 39 22)]
0.7141, 0.5525343322753906, [(5 19 1)-(1 11 19)-(0 55 9)-(6 59 28)-(3 27 13)]
0.714, 0.5525317260742187, [(13 23 11)-(11 37 26)-(9 55 22)-(15 53 23)-(14 50 17)]
0.714, 0.5525317291259766, [(4 32 1)-(1 59 31)-(8 31 12)-(4 38 12)-(5 41 24)]
0.714, 0.5525317260742187, [(3 55 10)-(15 31 13)-(15 16 20)-(15 40 2)-(14 20 7)]
0.714, 0.5525317596435547, [(1 21 10)-(5 57 27)-(12 56 30)-(11 39 12)-(1 45 6)]
0.714, 0.5525317260742187, [(4 42 18)-(4 13 8)-(15 31 5)-(1 34 29)-(3 33 6)]
0.7141, 0.5525284606933594, [(6 46 29)-(6 52 27)-(12 35 0)-(12 13 21)-(2 28 28)]
0.714, 0.5525317810058594, [(0 24 10)-(15 39 23)-(3 7 12)-(14 16 15)-(10 32 5)]
0.714, 0.5525317321777343, [(4 44 29)-(11 24 4)-(7 6 0)-(4 40 4)-(8 35 24)]
0.7139, 0.5525091827392579, [(10 25 26)-(1 28 1)-(15 62 4)-(8 9 2)-(10 17 18)]
0.6378999999999999, 0.4920435287475586, [(7 32 12)-(11 54 3)-(8 7 31)-(6 16 22)-(7 51 11)]
0.7139, 0.552420230102539, [(15 56 6)-(8 8 21)-(11 63 26)-(12 36 27)-(7 51 17)]
0.7148, 0.5526599365234375, [(11 24 3)-(3 1 21)-(2 34 13)-(12 31 21)-(3 44 25)]
0.7134, 0.5516248779296875, [(5 62 11)-(4 51 26)-(7 25 28)-(14 18 14)-(4 17 22)]
0.714, 0.5525317291259766, [(14 37 9)-(0 24 28)-(8 62 20)-(15 43 27)-(11 48 1)]
0.7136, 0.5524637634277344, [(4 29 31)-(6 36 26)-(5 30 8)-(8 10 17)-(14 39 0)]
0.7132000000000001, 0.5526170532226562, [(8 33 13)-(5 17 20)-(4 28 11)-(4 31 20)-(11 45 26)]
0.714, 0.5525317230224609, [(1 61 28)-(14 46 18)-(3 26 1)-(15 3 20)-(15 5 31)]
0.714, 0.55253173828125, [(14 5 5)-(4 50 16)-(5 37 0)-(6 10 0)-(6 38 22)]
0.7142, 0.5526110961914062, [(4 28 2)-(8 43 10)-(15 20 21)-(12 15 18)-(13 38 26)]
0.714, 0.5525317230224609, [(4 17 7)-(9 53 26)-(7 55 29)-(7 22 6)-(15 51 0)]
0.7136, 0.5521436248779297, [(3 52 14)-(8 22 6)-(7 33 7)-(12 27 2)-(0 14 23)]
0.714, 0.5525317199707032, [(4 13 7)-(15 36 11)-(13 36 29)-(3 33 21)-(11 36 10)]
0.714, 0.5525315826416015, [(9 57 2)-(0 47 14)-(4 29 13)-(10 30 20)-(9 23 8)]
0.714, 0.552534506225586, [(8 5 27)-(0 56 19)-(15 7 0)-(6 53 4)-(12 23 17)]
0.7127, 0.5533018615722656, [(6 54 9)-(15 3 16)-(4 21 22)-(8 47 21)-(2 7 6)]
0.714, 0.5525187622070312, [(11 45 14)-(9 27 18)-(3 1 27)-(3 52 22)-(7 38 2)]
0.7141, 0.5521482635498047, [(10 32 3)-(9 45 3)-(10 17 21)-(0 38 26)-(2 52 8)]
0.7137, 0.5525992218017578, [(0 15 21)-(8 13 16)-(13 24 20)-(8 15 8)-(0 9 10)]
0.714, 0.5525317260742187, [(5 10 0)-(9 33 21)-(6 16 7)-(8 40 27)-(13 58 20)]
0.714, 0.5525317596435547, [(1 41 2)-(11 22 28)-(11 28 13)-(14 56 10)-(11 34 7)]
0.6076, 0.502140525817871, [(5 28 30)-(0 35 24)-(14 3 3)-(12 57 31)-(2 5 9)]
0.7133, 0.5525450073242187, [(11 24 1)-(10 2 19)-(8 9 15)-(9 53 0)-(9 14 27)]
0.714, 0.5525575408935547, [(13 9 16)-(11 63 12)-(2 31 28)-(4 11 19)-(2 32 13)]
0.7139, 0.5525826629638672, [(12 41 1)-(12 49 16)-(7 18 19)-(13 51 1)-(8 47 0)]
0.714, 0.5525317230224609, [(1 0 28)-(15 28 30)-(6 35 17)-(15 15 30)-(9 51 7)]
0.7139, 0.5525766754150391, [(3 58 3)-(15 33 1)-(8 54 27)-(11 56 12)-(7 2 17)]
0.7099, 0.5519868408203126, [(1 44 1)-(1 54 28)-(0 27 6)-(3 63 7)-(11 1 21)]
0.714, 0.5525324035644532, [(13 36 25)-(9 60 14)-(13 6 11)-(9 14 17)-(2 55 16)]
0.7129000000000001, 0.5495219329833985, [(4 15 31)-(3 26 13)-(8 54 3)-(3 63 30)-(7 8 29)]
0.6255, 0.5079711486816406, [(10 33 28)-(3 60 29)-(8 2 24)-(11 55 5)-(4 4 5)]
0.7136, 0.5524037933349609, [(9 8 3)-(14 38 20)-(1 16 29)-(7 9 21)-(6 35 3)]
0.7134, 0.5520585968017578, [(7 35 19)-(14 55 24)-(5 59 30)-(6 25 22)-(2 3 11)]
0.714, 0.5525293731689453, [(2 24 0)-(12 43 30)-(2 38 29)-(5 35 19)-(9 23 17)]
0.7138, 0.5536993713378906, [(8 57 13)-(1 54 11)-(12 2 21)-(10 53 21)-(15 28 14)]
0.7136, 0.55254755859375, [(14 26 31)-(11 8 4)-(5 25 21)-(11 29 6)-(5 21 3)]
0.714, 0.5525317260742187, [(13 57 9)-(13 5 14)-(1 24 26)-(14 56 27)-(14 43 6)]
0.714, 0.5525316955566406, [(2 29 10)-(11 63 1)-(12 41 24)-(15 21 20)-(0 63 18)]
0.714, 0.5525314636230468, [(3 39 0)-(10 36 22)-(8 21 12)-(10 6 26)-(8 60 4)]
0.714, 0.5525313537597656, [(14 16 23)-(6 51 29)-(14 0 27)-(5 35 8)-(8 29 13)]
0.7142, 0.5538303771972657, [(2 50 4)-(4 53 30)-(2 21 20)-(9 40 17)-(0 56 25)]
0.7139, 0.553664584350586, [(2 23 26)-(10 53 31)-(14 59 7)-(1 7 13)-(11 0 20)]
0.714, 0.5525317260742187, [(13 56 16)-(8 60 15)-(15 62 25)-(3 13 13)-(2 34 28)]
0.5184, 0.5091112899780273, [(1 54 19)-(4 17 18)-(3 2 24)-(4 26 24)-(14 21 6)]
0.7136, 0.5526239196777344, [(10 54 7)-(11 18 19)-(15 16 25)-(5 40 14)-(8 7 18)]
0.714, 0.5525401794433594, [(8 7 5)-(4 39 12)-(7 56 5)-(7 0 11)-(13 38 14)]
0.7141, 0.5526492279052735, [(10 5 0)-(8 16 24)-(13 28 20)-(5 3 10)-(10 43 27)]
0.7126, 0.5522327209472656, [(7 54 3)-(5 53 2)-(15 62 20)-(5 7 31)-(12 18 2)]
0.7125, 0.5536886260986328, [(6 0 18)-(1 40 6)-(11 26 21)-(3 24 13)-(7 2 7)]
0.7133, 0.5498190582275391, [(10 12 13)-(3 3 26)-(2 6 16)-(15 41 31)-(14 48 5)]
0.7112, 0.5518292022705078, [(9 3 6)-(1 34 23)-(7 41 26)-(12 11 31)-(10 44 1)]
0.7123, 0.551882650756836, [(13 46 30)-(5 39 1)-(1 37 22)-(3 5 31)-(13 33 18)]
0.714, 0.5525317199707032, [(1 45 29)-(15 6 26)-(15 59 14)-(14 54 22)-(12 61 8)]
0.714, 0.5525317291259766, [(10 54 7)-(9 13 0)-(1 5 4)-(13 63 10)-(12 58 3)]
0.7124999999999999, 0.5552603424072265, [(12 34 18)-(11 6 27)-(2 16 26)-(6 59 17)-(15 15 6)]
0.7141, 0.552518392944336, [(12 15 12)-(0 37 4)-(6 41 2)-(12 22 14)-(1 26 18)]
0.714, 0.5525317321777343, [(10 62 9)-(3 60 18)-(14 23 6)-(1 60 16)-(5 40 0)]
0.714, 0.5525317565917969, [(14 45 6)-(6 0 3)-(5 39 23)-(13 6 4)-(0 16 0)]
0.714, 0.5525317199707032, [(7 39 2)-(14 53 19)-(7 8 28)-(14 45 21)-(4 7 27)]
0.7105, 0.5497801330566406, [(7 2 5)-(15 15 4)-(3 14 24)-(5 36 30)-(11 46 5)]
0.7139, 0.5525600708007812, [(1 35 4)-(1 16 21)-(9 6 4)-(0 55 4)-(3 53 30)]
0.714, 0.5525317230224609, [(9 61 1)-(1 50 28)-(5 43 24)-(14 12 2)-(1 62 26)]
0.6751, 0.5486967193603516, [(6 29 9)-(14 54 13)-(13 6 10)-(15 16 8)-(3 27 25)]
0.7134, 0.5524838623046875, [(1 3 29)-(11 55 21)-(12 27 28)-(6 23 21)-(3 17 23)]
0.714, 0.5525317230224609, [(14 13 21)-(13 5 5)-(2 39 29)-(12 57 18)-(9 4 27)]
0.714, 0.5525401062011719, [(3 61 7)-(9 35 21)-(0 37 7)-(8 27 16)-(7 47 23)]
0.714, 0.552531802368164, [(0 57 0)-(15 9 6)-(11 1 8)-(13 38 11)-(9 53 2)]
0.714, 0.5525317138671875, [(8 38 12)-(0 7 12)-(15 13 28)-(11 9 0)-(1 44 29)]
0.6594, 0.5379263809204101, [(12 50 5)-(6 2 5)-(8 26 25)-(13 24 16)-(8 62 10)]
0.714, 0.5525317321777343, [(3 44 15)-(0 49 24)-(2 30 25)-(11 7 3)-(6 53 5)]
0.6728, 0.5230481170654298, [(10 7 8)-(8 2 0)-(4 4 19)-(2 19 26)-(12 27 25)]
0.7133, 0.554484439086914, [(4 14 7)-(4 28 8)-(6 21 23)-(2 55 19)-(8 15 4)]
0.7134, 0.5519538452148438, [(4 7 31)-(12 24 9)-(6 61 18)-(13 54 1)-(14 41 14)]
0.7145, 0.5526623840332031, [(14 55 27)-(7 1 21)-(12 0 9)-(15 58 31)-(5 32 16)]
0.714, 0.5525321166992188, [(13 21 9)-(3 5 16)-(2 50 9)-(11 60 24)-(3 41 8)]
0.714, 0.5525317626953126, [(3 55 7)-(9 1 7)-(0 62 9)-(13 55 17)-(0 57 22)]
0.7142999999999999, 0.5524512603759766, [(1 40 2)-(9 3 13)-(15 61 5)-(11 10 20)-(0 50 26)]
0.714, 0.5525317291259766, [(13 9 18)-(14 3 21)-(6 40 19)-(5 32 0)-(8 21 4)]
0.11499999999999999, 0.0, [(8 2 30)-(14 5 1)-(11 13 10)-(13 36 12)-(0 50 4)]
0.714, 0.5525317352294922, [(2 56 7)-(6 48 22)-(10 25 11)-(5 33 0)-(0 15 8)]
0.7085, 0.5459530303955078, [(8 2 23)-(4 5 12)-(3 34 30)-(3 10 10)-(12 16 15)]
0.714, 0.5525317230224609, [(9 38 19)-(4 17 5)-(5 37 20)-(3 34 3)-(10 51 21)]
0.714, 0.5525318511962891, [(15 13 17)-(14 8 28)-(15 53 22)-(8 14 17)-(14 58 7)]
0.714, 0.5525317199707032, [(14 59 28)-(15 15 18)-(7 29 4)-(9 44 22)-(12 25 11)]
0.7110000000000001, 0.5536658447265626, [(4 19 24)-(10 30 22)-(2 38 8)-(13 0 1)-(10 34 23)]
0.714, 0.5525317230224609, [(13 44 19)-(13 27 8)-(0 62 19)-(13 39 16)-(13 43 14)]
0.714, 0.5525317260742187, [(4 58 10)-(6 54 6)-(6 8 0)-(8 32 29)-(14 9 5)]
0.714, 0.5525317138671875, [(13 14 23)-(7 58 16)-(14 48 22)-(3 42 4)-(4 59 16)]
0.7125, 0.5524772491455079, [(2 26 26)-(3 11 22)-(10 52 14)-(2 63 22)-(9 60 13)]
0.714, 0.5525316589355469, [(1 21 6)-(15 6 23)-(2 13 10)-(7 43 18)-(13 49 14)]
0.7143999999999999, 0.552551202392578, [(7 3 22)-(5 2 29)-(5 62 18)-(3 24 17)-(10 52 20)]
0.7126, 0.5518603118896485, [(6 31 18)-(1 13 12)-(13 59 5)-(0 4 23)-(0 34 17)]
0.714, 0.5525317291259766, [(14 22 6)-(8 58 0)-(10 38 30)-(0 55 16)-(2 36 19)]
0.714, 0.5525317230224609, [(7 32 11)-(8 58 8)-(6 40 28)-(3 26 28)-(15 22 21)]
0.714, 0.55253447265625, [(12 18 15)-(9 3 1)-(1 43 7)-(1 57 6)-(15 50 5)]
0.714, 0.5525317199707032, [(0 32 5)-(3 18 2)-(13 15 11)-(9 35 30)-(7 41 24)]
0.714, 0.5525317291259766, [(11 46 4)-(7 32 0)-(11 44 0)-(10 55 20)-(0 1 27)]
0.7102999999999999, 0.5542519622802735, [(2 1 22)-(8 48 24)-(11 23 23)-(2 12 17)-(13 57 5)]
0.714, 0.5525309173583984, [(1 52 18)-(5 21 14)-(13 54 27)-(1 54 9)-(13 48 4)]
0.6293, 0.5052372451782227, [(7 24 24)-(12 17 30)-(1 21 8)-(15 58 20)-(7 39 0)]
0.7136, 0.5526108276367188, [(13 35 4)-(4 12 14)-(15 2 19)-(9 7 20)-(13 59 13)]
0.714, 0.5525319885253905, [(6 14 10)-(7 31 30)-(2 40 25)-(12 42 22)-(0 59 1)]
0.714, 0.5525324768066406, [(12 45 10)-(2 39 25)-(8 23 13)-(15 50 4)-(8 60 29)]
0.714, 0.5525317138671875, [(8 46 29)-(10 23 26)-(4 39 19)-(13 54 28)-(7 55 29)]
0.714, 0.5525315368652344, [(8 57 31)-(9 29 11)-(7 50 22)-(7 47 28)-(7 27 16)]
0.1178, 0.0, [(1 30 15)-(9 6 30)-(7 36 5)-(7 21 6)-(2 48 21)]
0.714, 0.55253173828125, [(1 34 31)-(5 50 31)-(13 45 8)-(1 46 25)-(10 30 25)]
0.6806, 0.5413179534912109, [(1 46 16)-(7 50 19)-(15 28 30)-(12 14 24)-(12 28 24)]
0.7135, 0.5525636108398437, [(5 9 29)-(14 40 19)-(7 47 12)-(9 0 7)-(3 13 22)]
0.714, 0.5525317321777343, [(5 1 5)-(8 47 25)-(15 18 9)-(14 37 26)-(2 55 10)]
0.714, 0.5525317291259766, [(14 14 6)-(8 61 6)-(11 3 28)-(14 3 24)-(5 30 6)]
0.714, 0.5525317230224609, [(10 58 8)-(7 45 1)-(7 36 19)-(9 56 14)-(6 45 3)]
0.7117, 0.5535998138427735, [(5 2 22)-(11 27 1)-(9 46 7)-(12 7 29)-(8 63 10)]
0.714, 0.5525322662353516, [(12 7 28)-(2 52 3)-(15 62 30)-(6 37 15)-(9 5 12)]
0.7110000000000001, 0.5521108032226563, [(0 45 26)-(3 21 31)-(7 53 11)-(14 35 2)-(13 6 17)]
0.1686, 0.9052901580810546, [(8 8 30)-(10 28 23)-(14 42 5)-(14 28 2)-(3 11 23)]
0.7139, 0.5525236053466797, [(6 57 21)-(9 27 31)-(13 38 25)-(6 14 28)-(3 35 16)]
0.7114, 0.5440615478515625, [(7 34 0)-(13 16 15)-(5 6 8)-(10 16 25)-(8 61 7)]
0.7139, 0.5525291320800781, [(4 51 25)-(3 19 21)-(8 1 18)-(7 47 30)-(7 19 2)]
0.7099, 0.5508974060058593, [(14 20 17)-(4 17 24)-(11 42 14)-(2 10 15)-(8 62 21)]
0.714, 0.5525317016601563, [(10 2 2)-(8 62 0)-(6 27 5)-(13 24 31)-(0 61 8)]
0.714, 0.5525334167480469, [(3 28 16)-(11 0 6)-(13 6 30)-(13 17 10)-(5 44 22)]
0.714, 0.5525325286865235, [(0 63 20)-(1 61 9)-(1 31 3)-(0 12 20)-(11 44 24)]
0.6900999999999999, 0.5499148559570313, [(13 55 23)-(8 28 24)-(6 20 25)-(4 27 9)-(7 48 9)]
0.7136, 0.5527070861816406, [(12 16 22)-(1 4 29)-(10 2 19)-(0 20 19)-(12 28 1)]
0.7138, 0.5525353118896484, [(3 41 5)-(14 57 7)-(9 26 10)-(11 60 0)-(11 1 15)]
0.714, 0.5525317291259766, [(9 42 29)-(5 38 16)-(0 50 28)-(10 27 2)-(12 39 9)]
0.6747000000000001, 0.5267146652221679, [(1 9 31)-(10 42 19)-(0 47 2)-(14 41 26)-(13 9 31)]
0.7142, 0.5533619903564453, [(10 20 3)-(0 23 22)-(0 22 5)-(10 30 23)-(9 41 16)]
0.7127, 0.5514707550048827, [(8 60 7)-(11 27 31)-(8 13 12)-(0 13 3)-(11 59 9)]
0.7134, 0.551554702758789, [(0 24 20)-(3 47 26)-(10 52 18)-(1 48 25)-(8 6 31)]
0.7142, 0.5529070602416992, [(11 62 2)-(10 36 21)-(2 46 0)-(4 26 20)-(0 37 24)]
0.7076, 0.548852114868164, [(3 35 6)-(3 5 6)-(4 62 22)-(7 17 25)-(14 26 11)]
0.7145999999999999, 0.5530966125488281, [(3 39 3)-(9 26 13)-(6 31 23)-(7 28 24)-(14 29 20)]
0.7134, 0.5526629150390625, [(15 37 22)-(0 61 10)-(11 19 20)-(0 0 27)-(1 55 26)]
0.10819999999999999, 0.9997480407714844, [(6 6 30)-(12 20 5)-(14 31 8)-(5 27 18)-(2 40 11)]
0.714, 0.5525316955566406, [(2 10 12)-(15 42 12)-(13 45 21)-(1 8 27)-(2 16 29)]
0.714, 0.5525317291259766, [(4 61 2)-(2 52 17)-(9 63 2)-(4 28 6)-(5 33 7)]
0.714, 0.5525317932128906, [(9 56 18)-(13 59 17)-(12 16 9)-(9 11 3)-(4 21 26)]
0.714, 0.5525317260742187, [(15 55 27)-(0 14 4)-(9 15 27)-(5 41 6)-(11 47 15)]
0.714, 0.552530435180664, [(14 19 31)-(4 5 11)-(13 20 13)-(8 2 13)-(0 22 0)]
0.7142, 0.5526099578857422, [(0 53 13)-(10 7 2)-(3 18 22)-(13 47 18)-(15 53 15)]
0.714, 0.5525317260742187, [(1 44 5)-(7 52 15)-(15 48 16)-(5 61 8)-(8 49 22)]
0.714, 0.5525318084716797, [(6 21 10)-(14 43 2)-(15 17 9)-(1 33 28)-(13 16 31)]
0.714, 0.5525315093994141, [(4 44 26)-(6 12 12)-(10 40 2)-(9 57 6)-(14 47 28)]
0.7138, 0.5524926788330078, [(1 6 20)-(13 41 12)-(1 38 10)-(4 60 15)-(10 24 6)]
0.714, 0.5525317260742187, [(14 19 24)-(15 41 25)-(1 31 3)-(12 47 29)-(2 43 14)]
0.714, 0.5525317169189452, [(1 34 16)-(10 51 21)-(14 46 3)-(1 42 1)-(6 36 5)]
0.4245, 0.78097080078125, [(12 53 18)-(14 0 25)-(8 3 14)-(7 10 13)-(3 9 10)]
0.7135, 0.5524621551513672, [(8 46 27)-(2 22 10)-(13 22 15)-(3 24 31)-(0 54 26)]
0.7121999999999999, 0.5512704406738281, [(8 22 4)-(8 19 6)-(7 21 26)-(0 29 5)-(13 31 10)]
0.714, 0.5525384735107421, [(0 36 22)-(6 43 4)-(15 14 16)-(9 4 18)-(10 1 17)]
0.714, 0.552531704711914, [(7 3 11)-(13 63 21)-(14 26 24)-(11 45 9)-(5 30 10)]
0.7130000000000001, 0.5515468978881836, [(1 16 7)-(1 57 25)-(11 29 24)-(8 12 8)-(10 15 31)]
0.7142999999999999, 0.5525188079833985, [(4 23 5)-(0 51 14)-(5 41 12)-(11 6 19)-(11 63 1)]
0.714, 0.5525317169189452, [(13 12 15)-(14 46 10)-(4 36 20)-(5 47 5)-(2 28 26)]
0.714, 0.5525317291259766, [(14 19 24)-(14 16 23)-(3 52 3)-(5 62 9)-(15 23 16)]
0.714, 0.5525317199707032, [(0 53 11)-(6 53 16)-(11 57 0)-(6 18 7)-(15 45 2)]
0.714, 0.5525317291259766, [(7 17 6)-(8 48 20)-(9 39 24)-(3 27 4)-(5 19 28)]
0.7129000000000001, 0.5525855682373046, [(11 7 23)-(3 19 23)-(8 31 7)-(12 26 12)-(5 51 20)]
0.7065, 0.548606997680664, [(7 8 31)-(7 62 7)-(3 9 25)-(6 49 5)-(10 47 23)]
0.714, 0.5525318237304687, [(13 58 14)-(1 9 10)-(7 3 0)-(4 60 4)-(1 48 23)]
0.5001, 0.5271699829101563, [(3 44 22)-(9 0 31)-(8 31 27)-(3 52 19)-(15 62 21)]
0.7136, 0.5528608459472656, [(10 46 11)-(13 4 17)-(4 2 18)-(7 37 21)-(9 47 25)]
0.706, 0.5395982681274414, [(8 53 28)-(2 12 24)-(14 30 25)-(13 9 19)-(3 9 3)]
0.714, 0.5525317230224609, [(0 61 5)-(7 63 16)-(14 55 14)-(2 53 16)-(14 52 6)]
0.714, 0.5525315765380859, [(12 55 25)-(0 23 7)-(8 4 11)-(8 1 5)-(12 55 9)]
0.7112, 0.5529429718017578, [(2 52 27)-(0 41 16)-(9 25 25)-(1 49 17)-(15 60 27)]
0.714, 0.552531640625, [(13 33 13)-(5 20 12)-(1 59 22)-(3 54 5)-(4 19 4)]
0.714, 0.5525313171386719, [(11 50 14)-(2 4 13)-(9 29 4)-(9 53 20)-(2 28 3)]
0.714, 0.5525317260742187, [(9 17 1)-(14 57 2)-(0 59 22)-(11 14 4)-(5 59 5)]
0.7136, 0.5525866088867187, [(11 15 6)-(8 56 7)-(13 4 30)-(4 24 23)-(13 15 20)]
0.698, 0.5351000625610352, [(12 10 2)-(8 24 25)-(12 43 17)-(1 55 30)-(15 40 25)]
0.714, 0.5550800384521484, [(14 1 21)-(3 11 15)-(9 24 8)-(8 18 22)-(2 29 15)]
0.714, 0.5525318115234374, [(9 28 5)-(6 15 12)-(13 54 9)-(8 4 3)-(5 39 27)]
0.7138, 0.5525985137939453, [(11 46 5)-(11 50 7)-(2 1 16)-(9 53 3)-(10 61 31)]
0.714, 0.5525317474365234, [(4 35 8)-(13 31 18)-(5 8 7)-(11 37 10)-(9 26 9)]
0.714, 0.5525316253662109, [(7 44 14)-(1 61 30)-(3 20 14)-(15 58 5)-(15 22 24)]
0.714, 0.5525317352294923, [(11 4 11)-(6 47 9)-(6 43 20)-(5 33 30)-(9 13 4)]
0.714, 0.5525317199707032, [(8 35 21)-(13 54 9)-(8 43 8)-(14 56 27)-(10 45 8)]
0.714, 0.5525317260742187, [(12 30 18)-(15 61 24)-(12 24 7)-(0 54 19)-(3 30 29)]
0.7138, 0.5524717254638671, [(12 39 13)-(9 54 12)-(6 45 21)-(1 15 28)-(7 3 21)]
0.714, 0.5525317138671875, [(8 37 15)-(4 47 3)-(13 3 12)-(12 56 1)-(14 4 24)]
0.7142999999999999, 0.552502197265625, [(0 20 21)-(13 8 8)-(13 49 13)-(9 39 28)-(7 0 15)]
0.714, 0.5525317169189453, [(0 55 17)-(5 46 18)-(12 58 20)-(11 56 19)-(5 12 29)]
0.6442, 0.5052755828857423, [(14 32 21)-(1 7 2)-(3 26 13)-(14 55 30)-(10 0 31)]
0.7121999999999999, 0.5523380920410157, [(10 26 9)-(10 7 31)-(13 57 31)-(12 44 27)-(2 35 23)]
0.0996, 0.0, [(9 38 4)-(5 16 1)-(13 10 21)-(11 26 30)-(10 55 4)]
0.7137, 0.5526237609863281, [(5 31 18)-(7 0 6)-(13 50 25)-(2 0 16)-(1 28 2)]
0.714, 0.5525322601318359, [(4 55 13)-(3 27 8)-(0 57 12)-(3 23 17)-(9 2 13)]
0.714, 0.5525316650390625, [(9 36 19)-(5 19 3)-(9 23 12)-(7 35 6)-(14 30 20)]
0.714, 0.5525317291259766, [(3 49 2)-(1 45 9)-(15 9 0)-(13 34 26)-(9 24 0)]
0.7139, 0.5525281982421875, [(7 49 8)-(13 60 12)-(1 51 1)-(9 16 11)-(3 24 19)]
0.5837, 0.5267179763793945, [(12 8 24)-(13 43 7)-(14 12 1)-(1 12 8)-(14 18 16)]
0.7035, 0.5334421813964844, [(9 36 31)-(1 7 7)-(5 9 3)-(2 6 24)-(5 45 18)]
0.714, 0.5525297088623047, [(7 33 26)-(4 58 18)-(9 49 13)-(6 9 10)-(6 20 15)]
0.7138, 0.5520439849853516, [(8 10 23)-(5 27 13)-(2 48 10)-(4 9 27)-(3 13 18)]
0.09870000000000001, 0.0, [(2 5 25)-(5 37 11)-(11 41 2)-(13 60 1)-(10 3 30)]
0.7125999999999999, 0.5550243591308595, [(13 48 3)-(15 55 14)-(11 15 9)-(14 33 8)-(6 17 23)]
0.714, 0.552538558959961, [(9 48 26)-(5 18 6)-(6 47 22)-(2 40 22)-(10 28 18)]
0.714, 0.5525317199707032, [(13 62 19)-(15 28 15)-(5 32 8)-(12 50 24)-(12 10 7)]
0.6804, 0.5520999938964843, [(13 45 31)-(12 39 23)-(12 6 8)-(1 6 24)-(4 48 16)]
0.1848, 0.0, [(12 25 30)-(9 39 11)-(7 37 24)-(14 40 19)-(4 15 29)]
0.714, 0.5525132186889647, [(2 6 16)-(3 4 14)-(3 60 7)-(1 29 17)-(13 9 3)]
0.7130000000000001, 0.5534162475585938, [(9 61 29)-(5 27 8)-(4 19 11)-(3 1 20)-(8 32 14)]
0.714, 0.5525318206787109, [(9 0 5)-(9 36 16)-(0 60 14)-(14 25 14)-(7 33 6)]
0.714, 0.5525317352294922, [(9 48 30)-(12 34 31)-(15 8 4)-(14 48 13)-(0 40 9)]
0.714, 0.5525317260742187, [(12 8 28)-(13 55 19)-(3 57 26)-(13 39 3)-(11 52 19)]
0.714, 0.5525317199707032, [(11 49 22)-(4 34 10)-(9 16 7)-(8 38 11)-(2 13 2)]
0.714, 0.5525317260742187, [(7 0 28)-(3 42 27)-(14 19 28)-(10 58 21)-(8 33 22)]
0.6981999999999999, 0.552457388305664, [(13 13 25)-(7 13 8)-(13 39 1)-(5 8 31)-(12 15 25)]
0.714, 0.5525317199707032, [(12 32 22)-(14 53 13)-(15 24 16)-(11 11 11)-(9 35 11)]
0.714, 0.5525317291259766, [(14 39 23)-(6 35 13)-(8 22 4)-(7 37 0)-(13 16 9)]
0.7124, 0.5606331970214844, [(13 21 9)-(3 40 13)-(0 0 21)-(2 42 3)-(1 41 6)]
0.7142, 0.5533596893310546, [(7 23 7)-(5 49 18)-(12 19 23)-(7 24 16)-(1 40 16)]
0.714, 0.5525317138671875, [(9 60 11)-(14 40 22)-(0 56 11)-(11 60 14)-(12 56 13)]
0.714, 0.5525317291259766, [(7 4 6)-(15 38 19)-(6 40 31)-(14 33 1)-(15 63 2)]
0.7146, 0.5516385375976562, [(8 52 4)-(7 2 26)-(6 44 11)-(1 12 11)-(7 19 15)]
0.7139, 0.5526753204345703, [(4 50 30)-(6 1 12)-(2 42 2)-(6 25 13)-(10 8 22)]
0.7139, 0.5524510650634765, [(7 32 16)-(5 22 31)-(11 57 3)-(9 22 13)-(12 5 19)]
0.6831, 0.5483214874267579, [(10 25 25)-(6 9 22)-(15 34 15)-(7 40 6)-(11 20 23)]
0.6906, 0.5446603393554688, [(0 2 31)-(14 32 25)-(13 57 7)-(10 1 9)-(2 12 9)]
0.7137, 0.5530180755615235, [(4 13 1)-(1 40 1)-(4 46 25)-(11 38 7)-(2 8 19)]
0.7149, 0.5508809814453125, [(15 49 19)-(2 5 23)-(10 49 0)-(12 25 17)-(4 27 13)]
0.714, 0.5525319885253905, [(10 36 0)-(9 62 23)-(7 28 12)-(7 58 27)-(12 32 13)]
0.3768, 0.5925746185302734, [(9 25 3)-(10 5 25)-(9 1 31)-(9 1 24)-(15 47 19)]
0.714, 0.5525313446044922, [(4 34 23)-(2 6 10)-(14 23 1)-(0 42 22)-(7 4 3)]
0.714, 0.5525317291259766, [(2 63 16)-(15 22 28)-(5 60 14)-(13 49 14)-(14 62 6)]
0.714, 0.5525312713623047, [(10 20 18)-(12 28 0)-(7 23 0)-(14 37 23)-(9 61 25)]
0.7139, 0.5525391876220703, [(0 13 13)-(12 41 8)-(3 8 26)-(1 27 19)-(0 5 3)]
0.714, 0.5525316955566406, [(0 7 11)-(11 60 24)-(10 43 5)-(15 46 25)-(14 35 6)]
0.714, 0.5525317199707032, [(11 30 26)-(7 63 2)-(4 41 17)-(15 54 8)-(5 37 4)]
0.714, 0.5525317291259766, [(12 24 9)-(10 36 0)-(0 18 1)-(0 29 3)-(8 31 23)]
0.714, 0.5525315612792969, [(6 16 11)-(3 63 6)-(13 52 0)-(4 29 13)-(0 23 3)]
0.714, 0.5525317352294922, [(4 20 29)-(2 48 19)-(0 24 2)-(4 37 3)-(9 55 15)]
0.6915, 0.5257442092895508, [(13 1 24)-(6 30 27)-(0 5 21)-(8 14 15)-(10 57 8)]
0.0802, 0.0, [(6 56 11)-(1 11 22)-(8 23 30)-(2 49 19)-(7 7 27)]
0.7139, 0.552527410888672, [(12 40 12)-(12 26 14)-(1 10 19)-(1 36 23)-(9 18 9)]
0.714, 0.5525317474365234, [(12 38 5)-(12 21 12)-(3 44 14)-(2 47 29)-(11 47 16)]
0.714, 0.5525317230224609, [(13 46 26)-(2 27 0)-(4 47 5)-(4 30 2)-(8 31 30)]
0.714, 0.5525317352294922, [(3 60 18)-(10 35 9)-(13 23 28)-(14 20 11)-(13 57 31)]
0.714, 0.5525317199707032, [(2 48 9)-(4 57 26)-(15 29 10)-(12 27 28)-(4 7 0)]
0.7139, 0.5525258087158202, [(3 26 17)-(1 52 5)-(4 56 20)-(6 25 16)-(14 25 3)]
0.714, 0.5525317291259766, [(3 37 11)-(0 59 17)-(4 56 14)-(14 58 25)-(9 31 2)]
0.7136, 0.5526792938232422, [(4 46 24)-(7 8 3)-(9 18 20)-(4 51 7)-(14 55 13)]
0.7137, 0.552466845703125, [(0 28 2)-(10 63 7)-(6 16 20)-(0 8 3)-(3 8 18)]
0.714, 0.5525317108154297, [(10 36 21)-(3 43 8)-(12 21 11)-(11 8 6)-(13 20 3)]
0.714, 0.5525317993164063, [(15 6 28)-(11 17 12)-(14 59 6)-(4 19 6)-(1 5 0)]
0.7139, 0.5527221298217774, [(10 61 25)-(8 22 6)-(11 11 0)-(8 43 25)-(8 0 16)]
0.7053, 0.5459734832763672, [(2 26 4)-(12 14 25)-(11 28 31)-(12 34 16)-(13 15 12)]
0.6538999999999999, 0.5103037887573243, [(7 2 16)-(4 14 31)-(5 16 21)-(10 2 24)-(15 50 30)]
0.6906, 0.5446604736328124, [(12 60 5)-(9 35 2)-(15 55 8)-(7 60 30)-(0 2 31)]
0.6732, 0.5300851974487305, [(13 49 11)-(10 23 30)-(6 20 1)-(3 17 25)-(4 43 2)]
0.5466, 0.5959000091552734, [(15 16 0)-(11 0 24)-(6 11 18)-(3 42 27)-(15 7 17)]
0.714, 0.5525317230224609, [(3 55 16)-(8 36 14)-(15 56 31)-(4 54 24)-(14 57 8)]
0.7131000000000001, 0.5622319854736328, [(9 49 18)-(11 26 16)-(13 0 22)-(4 57 30)-(3 32 20)]
0.714, 0.5525317687988281, [(6 9 8)-(10 12 8)-(3 50 29)-(12 58 26)-(13 16 5)]
0.7131, 0.55836533203125, [(9 27 7)-(1 0 20)-(4 1 22)-(14 58 0)-(14 39 1)]
0.7136, 0.55205498046875, [(2 13 22)-(2 48 11)-(8 1 18)-(5 62 3)-(12 29 17)]
0.714, 0.5525317260742187, [(6 41 23)-(5 37 13)-(13 27 15)-(0 54 22)-(13 49 6)]
0.0989, 0.0, [(15 3 14)-(9 56 12)-(6 0 20)-(3 1 5)-(8 18 30)]
0.714, 0.5525317230224609, [(9 38 12)-(13 6 7)-(14 26 21)-(12 54 5)-(12 55 9)]
0.714, 0.5525315032958984, [(4 17 10)-(15 21 2)-(7 40 30)-(15 7 29)-(14 6 9)]
0.7136, 0.5527962677001953, [(7 51 3)-(0 33 15)-(4 11 22)-(7 47 23)-(5 56 26)]
0.7144, 0.5547762786865235, [(14 41 23)-(0 54 10)-(12 7 8)-(15 51 31)-(13 0 20)]
0.714, 0.5525319702148437, [(1 30 31)-(12 61 5)-(3 55 29)-(11 57 28)-(12 16 11)]
0.7107, 0.548479557800293, [(14 6 15)-(5 23 26)-(1 28 15)-(7 32 18)-(4 6 13)]
0.7085, 0.5520379821777344, [(11 9 3)-(12 25 10)-(11 12 9)-(11 18 26)-(0 57 7)]
0.714, 0.5525373992919922, [(9 52 19)-(6 48 10)-(6 50 16)-(7 15 19)-(15 40 13)]
0.714, 0.5525326354980469, [(12 19 11)-(7 53 25)-(2 33 8)-(9 47 0)-(12 12 16)]
0.714, 0.5525317291259766, [(15 8 1)-(10 34 8)-(14 41 23)-(14 42 9)-(0 2 1)]
0.714, 0.5525298828125, [(6 26 14)-(3 13 28)-(2 29 26)-(8 32 23)-(12 38 24)]
0.714, 0.5525413146972656, [(10 38 12)-(5 61 23)-(11 36 13)-(0 6 29)-(11 5 18)]
0.714, 0.5525310791015625, [(11 24 15)-(5 47 18)-(6 49 6)-(10 36 18)-(12 46 9)]
0.45389999999999997, 0.4464942932128906, [(3 1 25)-(13 21 15)-(15 18 1)-(12 47 26)-(10 57 6)]
0.6603, 0.5156605072021484, [(10 27 24)-(0 62 28)-(15 2 31)-(4 37 15)-(0 42 19)]
0.7136, 0.5533768402099609, [(3 60 3)-(12 22 11)-(1 34 13)-(13 2 21)-(6 23 27)]
0.7134, 0.5526307464599609, [(0 56 11)-(5 25 24)-(5 23 28)-(7 56 26)-(13 53 4)]
0.714, 0.5525317199707032, [(5 0 29)-(14 29 2)-(8 27 3)-(11 62 9)-(0 42 17)]
0.7131000000000001, 0.5527638885498047, [(5 9 31)-(3 50 4)-(9 33 31)-(6 51 8)-(7 25 17)]
0.714, 0.5525317291259766, [(13 54 5)-(3 44 14)-(14 8 4)-(8 35 8)-(12 62 21)]
