0.7139, 0.5525467468261719, [(4 22 19)-(15 29 23)-(15 43 5)-(10 19 17)-(5 52 12)-(9 41 13)]
0.7141, 0.5525842987060547, [(6 44 26)-(7 13 22)-(6 57 4)-(0 39 10)-(1 12 27)-(0 46 4)]
0.714, 0.5525317291259766, [(14 62 26)-(6 59 3)-(13 53 24)-(2 33 11)-(2 28 27)-(11 50 17)]
0.7136, 0.5527129760742188, [(6 19 20)-(8 37 20)-(13 27 5)-(2 38 15)-(2 53 20)-(12 56 17)]
0.714, 0.5525317199707032, [(7 32 11)-(4 49 29)-(1 62 27)-(7 13 9)-(15 10 10)-(12 35 14)]
0.714, 0.5525322723388671, [(12 39 24)-(3 45 11)-(7 2 14)-(10 53 11)-(8 39 18)-(3 31 6)]
0.0983, 0.0, [(7 2 30)-(1 45 1)-(5 35 11)-(8 58 23)-(4 7 13)-(14 23 21)]
0.7122, 0.5467174835205078, [(5 35 21)-(7 15 1)-(15 37 2)-(11 27 24)-(11 11 26)-(15 60 0)]
0.714, 0.5525318298339843, [(1 43 14)-(9 53 0)-(14 32 5)-(1 9 10)-(5 32 7)-(5 25 8)]
0.714, 0.5525317321777343, [(13 59 29)-(12 46 19)-(11 55 27)-(5 47 18)-(3 35 15)-(9 37 29)]
0.6288, 0.5460884307861329, [(11 24 23)-(8 17 29)-(11 3 26)-(7 13 11)-(3 11 1)-(4 54 18)]
0.7136, 0.5525292877197265, [(11 13 1)-(14 47 3)-(12 10 22)-(9 58 4)-(4 34 9)-(15 11 30)]
0.2792, 0.735539697265625, [(14 33 20)-(13 23 28)-(1 0 25)-(14 22 14)-(2 41 23)-(14 32 9)]
0.4077, 0.663119140625, [(10 18 0)-(15 44 13)-(13 62 31)-(2 0 24)-(11 38 4)-(14 38 27)]
0.714, 0.5525317291259766, [(8 0 29)-(1 18 29)-(9 44 11)-(11 22 5)-(1 35 9)-(10 42 14)]
0.6527000000000001, 0.534778076171875, [(2 61 15)-(1 26 11)-(14 26 21)-(8 4 9)-(0 62 18)-(12 26 24)]
0.714, 0.5525317260742187, [(8 54 12)-(12 10 0)-(9 0 0)-(5 45 8)-(6 53 29)-(5 60 2)]
0.714, 0.5525317230224609, [(11 54 18)-(11 47 21)-(0 33 19)-(12 41 16)-(1 23 10)-(5 44 11)]
0.714, 0.5525317993164063, [(2 46 23)-(7 51 11)-(9 38 28)-(3 0 5)-(12 63 30)-(15 55 21)]
0.714, 0.5525317169189453, [(15 58 30)-(13 47 21)-(1 63 30)-(7 23 10)-(8 41 10)-(2 63 26)]
0.714, 0.5525317169189453, [(3 62 16)-(14 10 18)-(6 59 3)-(11 34 19)-(1 62 0)-(5 8 8)]
0.7121, 0.5517937591552735, [(15 33 23)-(13 4 20)-(8 14 31)-(14 14 2)-(2 34 22)-(9 33 14)]
0.714, 0.5525316070556641, [(1 51 15)-(8 24 7)-(8 16 8)-(5 3 17)-(2 58 16)-(0 20 6)]
0.714, 0.5525328277587891, [(6 55 13)-(7 51 6)-(0 27 3)-(10 9 19)-(1 59 20)-(2 23 15)]
0.7128, 0.5534726531982421, [(4 60 30)-(3 41 17)-(8 42 18)-(14 11 2)-(14 1 21)-(0 63 4)]
0.6992, 0.539048112487793, [(15 14 19)-(13 21 22)-(11 13 30)-(9 58 3)-(8 54 29)-(12 2 23)]
0.71, 0.5488348175048828, [(8 15 24)-(3 56 18)-(5 54 16)-(5 16 14)-(6 12 5)-(14 52 14)]
0.714, 0.5525317626953125, [(6 39 10)-(0 58 15)-(11 61 1)-(6 15 27)-(13 58 0)-(8 0 4)]
0.714, 0.5525317260742187, [(15 50 28)-(5 31 18)-(15 44 23)-(5 51 29)-(8 62 0)-(4 58 23)]
0.108, 0.0, [(5 56 18)-(4 35 12)-(7 5 30)-(15 25 11)-(10 42 29)-(9 21 6)]
0.7127, 0.5528300598144531, [(10 40 23)-(4 59 2)-(3 62 0)-(11 12 22)-(4 26 9)-(15 22 26)]
0.714, 0.5525317169189453, [(15 45 21)-(7 60 25)-(15 17 9)-(4 56 19)-(7 43 20)-(14 42 14)]
0.6591, 0.5495832397460938, [(1 15 31)-(10 26 19)-(14 48 1)-(4 21 25)-(14 60 19)-(13 59 27)]
0.7139, 0.5525220550537109, [(1 61 10)-(11 42 16)-(9 53 25)-(5 35 22)-(8 49 16)-(5 21 16)]
0.714, 0.5525311645507812, [(15 20 1)-(4 6 15)-(8 12 11)-(14 3 6)-(9 3 11)-(12 27 11)]
0.7121, 0.5494985443115235, [(7 13 7)-(4 46 16)-(12 43 21)-(4 31 12)-(11 20 26)-(0 9 24)]
0.714, 0.5525317169189452, [(5 31 5)-(0 54 23)-(12 31 26)-(13 51 24)-(9 10 27)-(0 25 6)]
0.7131000000000001, 0.55257587890625, [(4 50 17)-(5 13 26)-(6 3 7)-(4 29 12)-(0 15 28)-(5 3 2)]
0.714, 0.5525317291259766, [(3 44 4)-(1 43 17)-(10 60 8)-(1 58 1)-(11 33 11)-(12 62 21)]
0.714, 0.5525317321777343, [(11 56 6)-(4 31 4)-(14 24 11)-(1 40 16)-(14 48 1)-(3 23 0)]
0.714, 0.5525398834228517, [(9 16 11)-(15 37 31)-(8 29 4)-(0 54 11)-(0 10 18)-(0 59 30)]
0.714, 0.5525317230224609, [(10 38 17)-(13 13 14)-(9 55 27)-(9 50 8)-(13 30 0)-(10 20 28)]
0.714, 0.5525324951171875, [(2 3 11)-(13 11 17)-(10 40 21)-(1 57 16)-(12 34 0)-(1 6 29)]
0.714, 0.5525331634521484, [(0 54 19)-(5 55 7)-(7 48 16)-(0 24 17)-(3 7 28)-(12 11 16)]
0.714, 0.5525317260742187, [(15 16 0)-(15 5 28)-(5 45 8)-(14 44 27)-(12 44 2)-(15 46 11)]
0.7065, 0.5542146453857422, [(5 20 2)-(9 61 10)-(7 33 15)-(8 10 18)-(14 13 7)-(11 2 22)]
0.714, 0.5525357482910156, [(6 41 8)-(2 53 2)-(6 23 5)-(13 36 1)-(6 9 15)-(12 37 9)]
0.714, 0.5525325439453126, [(1 9 13)-(10 32 14)-(3 43 12)-(15 21 27)-(5 42 17)-(13 38 14)]
0.714, 0.552542041015625, [(11 35 2)-(1 9 16)-(1 4 28)-(4 28 9)-(3 26 13)-(2 14 5)]
0.6274, 0.5457171173095703, [(6 33 15)-(11 3 26)-(2 20 25)-(10 43 15)-(5 19 29)-(1 52 11)]
0.714, 0.5525315002441407, [(7 30 14)-(3 22 28)-(12 25 12)-(11 14 8)-(4 12 4)-(14 28 22)]
0.714, 0.5525317230224609, [(7 17 7)-(10 63 13)-(15 38 4)-(13 40 4)-(4 58 19)-(1 29 26)]
0.0802, 0.0, [(8 40 23)-(7 45 18)-(2 32 11)-(10 1 26)-(14 48 12)-(8 23 30)]
0.7132000000000001, 0.5526585540771485, [(11 12 27)-(10 21 26)-(8 51 2)-(8 27 20)-(2 41 7)-(5 7 10)]
0.714, 0.5525332763671875, [(5 49 14)-(15 21 31)-(9 9 29)-(14 53 11)-(0 0 27)-(4 10 18)]
0.714, 0.5525317352294922, [(11 49 15)-(15 54 29)-(9 50 31)-(9 3 28)-(0 36 6)-(15 7 3)]
0.714, 0.5525317077636718, [(3 59 5)-(5 59 25)-(14 48 16)-(13 35 24)-(14 10 21)-(14 41 18)]
0.7136, 0.5523201721191406, [(4 22 24)-(15 35 2)-(13 54 17)-(5 44 22)-(1 37 23)-(0 19 3)]
0.714, 0.5525345031738281, [(9 31 19)-(15 22 26)-(12 19 12)-(12 12 17)-(6 48 19)-(9 56 0)]
0.714, 0.5525317260742187, [(12 55 14)-(5 60 28)-(6 49 22)-(6 50 25)-(0 20 9)-(15 59 26)]
0.714, 0.5525317260742187, [(15 6 27)-(5 24 29)-(14 8 16)-(13 7 1)-(14 23 4)-(5 7 5)]
0.714, 0.55253173828125, [(0 58 2)-(0 34 5)-(11 57 26)-(11 51 1)-(9 8 31)-(4 62 1)]
0.714, 0.5525302154541016, [(1 10 29)-(12 28 2)-(7 58 5)-(10 10 16)-(15 27 3)-(8 52 27)]
0.7141, 0.5519311706542969, [(3 61 26)-(5 41 10)-(13 18 20)-(13 28 12)-(6 1 20)-(6 8 28)]
0.4266, 0.5253289566040038, [(3 22 0)-(9 0 31)-(14 41 10)-(12 61 16)-(13 51 1)-(2 7 30)]
0.714, 0.5525254028320312, [(5 44 14)-(6 3 14)-(0 57 22)-(1 18 6)-(14 31 1)-(12 35 0)]
0.714, 0.5525317291259766, [(6 9 0)-(6 42 18)-(8 36 22)-(3 28 0)-(2 9 1)-(3 52 0)]
0.7133, 0.5525432220458983, [(10 7 17)-(8 41 29)-(4 32 15)-(12 43 1)-(11 49 29)-(10 1 18)]
0.714, 0.5525317901611329, [(6 18 2)-(2 28 6)-(13 22 13)-(8 20 8)-(12 55 19)-(7 35 10)]
0.7135, 0.5525589904785155, [(8 28 11)-(6 41 6)-(6 63 22)-(4 47 18)-(5 2 16)-(0 27 13)]
0.7134, 0.5524286895751953, [(10 17 7)-(15 45 31)-(15 34 20)-(4 24 17)-(5 13 24)-(9 4 20)]
0.1472, 0.0, [(14 11 1)-(13 25 17)-(12 24 26)-(2 16 30)-(6 2 21)-(6 1 7)]
0.714, 0.5525310607910157, [(5 58 1)-(10 9 29)-(10 63 4)-(8 63 29)-(11 33 3)-(9 21 15)]
0.714, 0.5525317260742187, [(13 34 23)-(10 62 21)-(1 46 10)-(10 5 4)-(13 46 6)-(5 35 21)]
0.714, 0.552531771850586, [(1 56 10)-(7 36 3)-(2 59 27)-(12 38 27)-(8 25 10)-(3 63 16)]
0.714, 0.5525317291259766, [(1 33 25)-(0 13 26)-(14 39 31)-(14 38 26)-(7 62 17)-(0 8 7)]
0.7136, 0.5491521026611328, [(15 53 14)-(11 29 26)-(3 59 6)-(1 6 21)-(15 8 30)-(10 1 16)]
0.714, 0.5525318145751953, [(10 15 12)-(7 46 2)-(5 51 14)-(9 45 1)-(9 4 3)-(6 59 11)]
0.714, 0.5525194854736328, [(4 13 20)-(7 26 8)-(14 3 4)-(8 11 2)-(7 22 19)-(13 60 18)]
0.714, 0.5525318084716797, [(9 0 5)-(5 18 5)-(15 44 26)-(0 60 23)-(15 20 27)-(2 14 1)]
0.714, 0.5525317199707032, [(6 44 0)-(15 33 6)-(3 38 7)-(14 36 29)-(14 8 3)-(4 62 12)]
0.7026, 0.5494976974487304, [(15 11 21)-(12 11 18)-(5 54 23)-(6 26 28)-(1 15 25)-(3 62 10)]
0.0846, 0.0, [(2 55 26)-(5 1 24)-(15 53 26)-(9 54 5)-(4 27 30)-(1 40 22)]
0.7082999999999999, 0.5532176544189453, [(4 4 5)-(11 0 5)-(6 25 31)-(5 6 27)-(12 43 15)-(11 38 11)]
0.7130000000000001, 0.5526342010498047, [(5 14 26)-(4 49 12)-(11 12 20)-(14 8 25)-(14 55 4)-(9 51 12)]
0.714, 0.5525317474365234, [(11 62 31)-(10 27 12)-(6 29 28)-(3 37 29)-(7 23 3)-(1 46 28)]
0.714, 0.5525318115234374, [(15 26 0)-(12 7 27)-(7 24 4)-(2 10 9)-(11 15 14)-(13 38 31)]
0.714, 0.5525317169189452, [(7 43 7)-(7 5 0)-(1 63 22)-(10 60 19)-(15 15 15)-(6 57 21)]
0.7132000000000001, 0.5523775543212891, [(0 32 5)-(4 30 8)-(9 2 18)-(3 42 30)-(6 37 16)-(2 60 17)]
0.714, 0.5525323028564453, [(12 14 13)-(7 63 7)-(12 31 3)-(15 44 2)-(12 33 20)-(8 56 9)]
0.714, 0.5525315155029297, [(2 28 26)-(15 5 14)-(9 26 8)-(9 3 14)-(5 34 26)-(3 47 26)]
0.11449999999999999, 0.998272866821289, [(12 24 30)-(7 4 8)-(9 33 26)-(12 12 13)-(0 40 21)-(11 41 10)]
0.714, 0.5525317352294922, [(2 14 29)-(4 0 29)-(15 62 12)-(14 29 5)-(10 58 15)-(13 4 7)]
0.714, 0.5525441284179687, [(15 6 20)-(8 19 6)-(9 48 23)-(4 24 17)-(11 2 14)-(8 52 13)]
0.714, 0.5525317321777343, [(6 38 22)-(10 3 4)-(15 34 2)-(2 50 9)-(12 29 27)-(15 25 28)]
0.714, 0.5525317291259766, [(14 8 5)-(5 34 17)-(4 43 28)-(5 62 14)-(13 47 15)-(6 60 7)]
0.714, 0.552532437133789, [(14 60 22)-(0 56 7)-(2 1 9)-(1 49 17)-(5 41 18)-(2 15 12)]
0.714, 0.5525317413330078, [(5 43 12)-(13 42 18)-(15 58 13)-(12 10 13)-(12 48 28)-(8 1 8)]
0.7101, 0.5459318634033203, [(5 56 4)-(8 1 22)-(8 38 26)-(12 22 28)-(4 12 1)-(6 6 8)]
0.6808000000000001, 0.5261953582763672, [(7 8 2)-(2 32 24)-(5 58 7)-(8 26 24)-(13 52 9)-(10 1 24)]
0.714, 0.5525317108154297, [(3 57 22)-(10 12 9)-(15 58 5)-(5 42 0)-(4 43 21)-(6 59 5)]
0.6707, 0.5298760864257812, [(1 40 26)-(12 25 10)-(9 30 27)-(12 18 25)-(1 14 14)-(7 22 10)]
0.714, 0.5525318664550781, [(14 59 28)-(7 34 18)-(12 25 4)-(13 57 3)-(8 63 17)-(7 2 9)]
0.714, 0.5525317230224609, [(6 33 2)-(6 37 3)-(1 20 28)-(11 33 29)-(13 59 26)-(11 51 9)]
0.5017, 0.5104042282104493, [(4 53 27)-(7 2 29)-(12 33 2)-(5 62 31)-(14 32 3)-(12 3 25)]
0.714, 0.5525318298339844, [(14 40 20)-(7 6 1)-(14 53 13)-(7 25 13)-(14 16 17)-(5 63 5)]
0.1013, 0.899633154296875, [(15 31 31)-(8 47 14)-(4 18 30)-(0 8 20)-(7 20 26)-(3 10 16)]
0.714, 0.5525317260742187, [(9 53 17)-(1 50 6)-(9 61 6)-(1 29 8)-(15 56 15)-(7 40 2)]
0.7133, 0.552539877319336, [(2 29 8)-(10 1 18)-(15 21 19)-(0 33 17)-(9 4 14)-(15 61 14)]
0.7134, 0.5523120086669921, [(11 15 22)-(4 19 8)-(5 6 4)-(7 10 24)-(15 59 14)-(6 45 30)]
0.7138, 0.5527927825927734, [(9 1 19)-(3 35 12)-(11 39 0)-(14 56 8)-(1 21 5)-(10 43 14)]
0.7139, 0.5501190765380859, [(15 4 12)-(11 31 9)-(10 12 25)-(8 16 28)-(15 52 24)-(15 9 12)]
0.7130000000000001, 0.5524231719970703, [(12 25 23)-(3 7 18)-(15 15 18)-(3 5 24)-(10 11 20)-(11 16 23)]
0.10550000000000001, 0.9956863372802734, [(6 13 21)-(10 35 7)-(15 62 6)-(9 31 3)-(8 12 30)-(9 18 29)]
0.714, 0.5525317230224609, [(13 12 27)-(4 47 5)-(3 35 27)-(9 8 4)-(9 39 17)-(5 51 11)]
0.714, 0.5525317108154297, [(15 58 18)-(4 34 8)-(14 54 7)-(2 7 4)-(12 29 9)-(14 20 7)]
0.714, 0.5525317169189453, [(4 59 25)-(0 46 16)-(13 57 26)-(0 46 24)-(9 48 12)-(14 29 29)]
0.7137, 0.5524875885009766, [(2 13 20)-(3 39 18)-(2 37 22)-(14 62 16)-(12 38 0)-(4 29 3)]
0.714, 0.5525305328369141, [(5 55 5)-(5 11 15)-(3 51 1)-(15 57 27)-(9 32 24)-(10 41 31)]
0.7135, 0.5519698516845704, [(9 58 16)-(9 30 13)-(0 44 0)-(7 32 20)-(10 5 31)-(6 37 7)]
0.7139, 0.5525009887695312, [(0 28 28)-(1 43 3)-(12 54 8)-(2 44 27)-(1 22 22)-(15 18 4)]
0.714, 0.5526073913574219, [(12 35 26)-(14 30 5)-(13 54 24)-(7 57 8)-(15 37 23)-(6 19 19)]
0.714, 0.5525317230224609, [(4 3 4)-(13 30 27)-(14 4 27)-(5 19 1)-(8 59 26)-(5 26 4)]
0.7143999999999999, 0.5524448303222655, [(11 24 22)-(7 49 17)-(15 54 28)-(13 26 22)-(3 25 3)-(5 13 9)]
0.7137, 0.5525579864501953, [(3 39 2)-(3 6 2)-(0 18 21)-(14 22 12)-(14 46 8)-(12 50 6)]
0.7129000000000001, 0.552617510986328, [(6 33 24)-(4 23 21)-(6 24 22)-(1 2 11)-(11 21 22)-(3 7 14)]
0.714, 0.5525317199707032, [(12 27 26)-(13 45 27)-(15 30 8)-(5 50 13)-(3 29 7)-(14 49 7)]
0.714, 0.5525317276000976, [(8 55 1)-(5 63 3)-(12 52 25)-(1 57 19)-(9 18 27)-(4 53 28)]
0.714, 0.5525317291259766, [(13 60 9)-(9 27 3)-(2 48 2)-(15 35 3)-(8 49 31)-(13 5 23)]
0.714, 0.552549380493164, [(0 11 13)-(4 63 9)-(7 13 0)-(0 26 21)-(8 59 28)-(14 27 23)]
0.7139, 0.5525502624511718, [(9 5 19)-(2 12 12)-(15 31 29)-(13 2 28)-(7 46 16)-(10 60 3)]
0.7122999999999999, 0.5531962768554688, [(15 58 13)-(15 38 6)-(10 1 16)-(14 42 29)-(6 13 8)-(11 12 23)]
0.7141, 0.5525730041503907, [(10 36 24)-(9 38 16)-(11 37 12)-(8 7 16)-(1 40 8)-(1 31 14)]
0.714, 0.5525317291259766, [(15 4 27)-(15 26 28)-(7 50 21)-(5 59 7)-(4 57 8)-(15 6 7)]
0.714, 0.5525317230224609, [(12 58 26)-(3 25 26)-(2 51 25)-(0 58 9)-(7 16 28)-(15 7 5)]
0.0979, 0.0, [(13 48 19)-(4 27 3)-(12 14 30)-(1 41 24)-(15 56 20)-(14 63 9)]
0.714, 0.5525385559082031, [(13 15 6)-(10 18 16)-(5 47 29)-(10 53 28)-(6 3 15)-(4 14 27)]
0.7021, 0.549443002319336, [(0 24 29)-(9 2 23)-(7 0 20)-(12 21 23)-(5 3 16)-(2 2 13)]
0.14029999999999998, 0.9696424224853516, [(2 51 29)-(9 37 16)-(1 17 25)-(1 23 19)-(2 39 12)-(5 29 30)]
0.7137, 0.5526132446289063, [(15 56 13)-(8 22 9)-(14 11 2)-(0 26 9)-(5 47 3)-(7 20 18)]
0.714, 0.5525317230224609, [(6 37 25)-(14 3 31)-(1 37 21)-(7 51 28)-(6 51 10)-(1 17 27)]
0.714, 0.5525317321777343, [(9 12 9)-(13 58 3)-(5 62 26)-(15 35 19)-(15 16 1)-(1 53 26)]
0.7131000000000001, 0.5523329376220703, [(11 1 4)-(3 19 24)-(13 43 28)-(8 28 4)-(3 37 4)-(5 62 23)]
0.7138, 0.5524645324707032, [(12 52 3)-(2 24 19)-(0 6 0)-(1 58 12)-(6 21 2)-(5 55 2)]
0.7131, 0.555330029296875, [(2 9 23)-(15 44 24)-(14 29 4)-(12 49 5)-(5 49 29)-(0 49 16)]
0.714, 0.55253173828125, [(4 60 24)-(14 15 0)-(4 49 12)-(0 59 31)-(10 55 2)-(8 46 18)]
0.7111000000000001, 0.5507692352294922, [(11 26 27)-(5 58 6)-(8 33 11)-(0 1 22)-(5 49 27)-(3 36 6)]
0.714, 0.5525317230224609, [(0 26 8)-(10 41 23)-(3 32 3)-(5 21 5)-(2 40 18)-(14 33 3)]
0.714, 0.5525301788330078, [(7 46 5)-(15 20 0)-(1 1 2)-(8 4 15)-(10 38 5)-(4 15 8)]
0.714, 0.5525317260742187, [(12 31 7)-(14 45 20)-(6 21 8)-(3 50 25)-(5 48 26)-(13 39 12)]
0.7073, 0.5435651458740234, [(2 12 25)-(9 38 3)-(12 52 22)-(14 35 11)-(14 42 4)-(5 1 8)]
0.7133, 0.5525092041015625, [(14 13 0)-(9 54 10)-(14 12 22)-(9 15 14)-(3 22 21)-(0 55 27)]
0.714, 0.5525317260742187, [(3 37 14)-(5 61 3)-(10 45 29)-(14 56 17)-(15 16 26)-(3 48 25)]
0.11449999999999999, 0.9982713012695312, [(12 24 30)-(15 27 31)-(10 3 5)-(2 23 22)-(7 28 13)-(0 30 1)]
0.7125999999999999, 0.5523694702148437, [(12 9 31)-(15 24 25)-(14 20 5)-(10 61 28)-(14 12 13)-(11 38 1)]
0.7142, 0.5525285308837891, [(8 62 18)-(15 12 31)-(8 42 6)-(0 58 30)-(12 8 18)-(1 41 23)]
0.7138, 0.55251220703125, [(5 21 21)-(6 51 28)-(10 26 19)-(11 55 22)-(9 1 14)-(5 28 6)]
0.714, 0.5525317321777343, [(5 28 8)-(2 49 4)-(12 42 0)-(15 52 16)-(10 55 3)-(1 39 7)]
0.714, 0.5525308868408203, [(9 31 9)-(1 26 12)-(7 6 13)-(4 9 8)-(5 35 22)-(8 41 27)]
0.714, 0.5525301818847657, [(5 11 16)-(15 59 3)-(12 14 1)-(12 58 2)-(4 20 27)-(12 58 24)]
0.714, 0.5525317230224609, [(8 42 31)-(13 5 10)-(13 50 20)-(8 57 19)-(8 2 0)-(14 54 16)]
0.714, 0.5525299224853516, [(0 15 8)-(10 25 10)-(10 43 18)-(5 10 16)-(2 55 23)-(4 4 16)]
0.714, 0.5525316268920899, [(11 61 11)-(4 38 26)-(11 55 21)-(10 25 15)-(15 48 22)-(13 56 9)]
0.714, 0.5525317230224609, [(5 43 4)-(3 14 4)-(1 58 30)-(10 50 7)-(11 43 27)-(9 21 31)]
0.714, 0.5525316925048829, [(2 4 8)-(7 11 29)-(14 33 19)-(13 51 4)-(13 43 5)-(15 44 22)]
0.714, 0.5525317230224609, [(5 21 7)-(13 55 7)-(6 62 28)-(5 5 3)-(6 21 3)-(13 7 23)]
0.714, 0.5525276031494141, [(11 59 6)-(15 52 17)-(11 42 1)-(8 24 17)-(15 16 22)-(13 23 20)]
0.714, 0.5525317260742189, [(14 58 5)-(15 8 15)-(0 28 9)-(12 26 9)-(0 46 17)-(8 63 3)]
0.7117, 0.5587646148681641, [(6 32 23)-(15 0 22)-(12 49 28)-(9 62 16)-(15 27 11)-(1 55 19)]
0.7123999999999999, 0.5513430938720703, [(1 16 31)-(0 45 23)-(8 46 29)-(1 54 18)-(3 38 24)-(11 2 28)]
0.714, 0.5525317260742187, [(8 39 19)-(15 20 13)-(5 44 3)-(8 60 1)-(12 18 28)-(9 60 6)]
0.714, 0.5525317016601563, [(12 41 21)-(12 57 6)-(0 48 3)-(4 15 8)-(3 55 13)-(0 41 14)]
0.7139, 0.5523807220458984, [(12 32 12)-(8 6 0)-(8 29 22)-(13 6 4)-(2 54 29)-(12 53 12)]
0.714, 0.5525322082519531, [(4 47 17)-(1 30 6)-(6 21 1)-(4 56 26)-(11 7 15)-(7 49 3)]
0.714, 0.5525352569580078, [(13 45 7)-(0 17 13)-(5 61 29)-(0 38 6)-(15 24 0)-(4 37 3)]
0.14679999999999999, 0.0, [(14 17 3)-(0 29 11)-(9 20 30)-(10 26 0)-(11 36 1)-(15 50 26)]
0.7066, 0.5542412811279296, [(15 21 21)-(10 15 18)-(0 5 29)-(9 39 23)-(11 2 22)-(0 40 8)]
0.7138, 0.5522067138671876, [(10 55 29)-(1 50 15)-(0 38 29)-(2 15 20)-(4 63 3)-(13 32 21)]
0.7136, 0.5528141296386719, [(3 5 9)-(15 31 16)-(10 43 0)-(8 48 6)-(5 6 21)-(13 61 3)]
0.1071, 0.0, [(7 18 30)-(5 12 29)-(14 41 24)-(2 55 16)-(6 4 30)-(13 17 14)]
0.3679, 0.8233467193603516, [(13 22 23)-(12 16 7)-(8 9 3)-(12 51 5)-(3 12 24)-(9 0 25)]
0.7135, 0.5518175537109375, [(15 35 31)-(2 43 3)-(10 31 12)-(0 19 14)-(10 9 24)-(7 41 14)]
0.6073, 0.5032005447387695, [(12 23 31)-(12 42 30)-(5 17 30)-(0 56 26)-(3 30 26)-(10 41 13)]
0.7141, 0.5526047332763672, [(1 51 28)-(13 23 25)-(11 37 27)-(11 61 18)-(7 23 13)-(4 23 20)]
0.714, 0.5525320892333985, [(7 29 18)-(6 16 8)-(4 8 8)-(12 23 9)-(13 49 11)-(4 60 9)]
0.7137, 0.5525508483886719, [(12 62 12)-(9 22 24)-(13 37 13)-(8 18 15)-(0 13 8)-(14 8 23)]
0.71, 0.5496922882080078, [(5 22 6)-(2 23 13)-(9 40 3)-(4 46 14)-(6 6 25)-(13 17 31)]
0.714, 0.552532113647461, [(5 34 16)-(15 34 23)-(8 13 26)-(13 46 7)-(1 32 22)-(11 14 14)]
0.714, 0.5525317291259766, [(12 44 2)-(6 43 30)-(14 32 6)-(9 45 30)-(10 54 24)-(12 37 10)]
0.7139, 0.5524999298095703, [(9 55 21)-(9 49 22)-(9 24 22)-(14 51 30)-(0 4 28)-(3 53 21)]
0.4882, 0.6634054534912109, [(15 61 1)-(7 15 7)-(6 55 31)-(13 35 2)-(0 59 18)-(2 5 30)]
0.714, 0.5525204162597657, [(4 62 0)-(2 44 9)-(12 19 26)-(9 32 13)-(1 24 17)-(8 14 16)]
0.714, 0.5525330810546876, [(0 5 5)-(11 3 14)-(10 56 28)-(11 12 13)-(4 35 22)-(1 61 19)]
0.7139, 0.5525617279052735, [(4 44 29)-(11 59 8)-(15 21 20)-(10 43 29)-(7 7 4)-(3 7 20)]
0.714, 0.552532113647461, [(0 10 15)-(6 30 19)-(7 63 27)-(11 42 13)-(11 30 10)-(4 57 4)]
0.7128, 0.5528410552978515, [(12 25 31)-(5 44 16)-(5 31 1)-(2 61 15)-(11 55 22)-(1 20 9)]
0.09079999999999999, 0.05, [(7 15 30)-(6 42 29)-(15 60 17)-(14 42 28)-(1 18 6)-(13 4 10)]
0.714, 0.5568011077880859, [(0 0 20)-(3 29 29)-(5 58 30)-(6 60 2)-(8 53 13)-(7 38 16)]
0.7137, 0.5526091430664062, [(7 60 7)-(3 1 13)-(6 21 21)-(1 31 13)-(4 25 28)-(13 26 28)]
0.714, 0.5525317352294922, [(15 53 27)-(10 6 5)-(14 31 18)-(1 33 16)-(4 40 10)-(6 10 27)]
0.7136, 0.5528141326904297, [(12 13 28)-(15 6 26)-(7 28 6)-(5 6 21)-(10 8 5)-(9 56 24)]
0.6775, 0.5339566314697266, [(12 28 10)-(13 18 8)-(1 31 14)-(0 13 17)-(8 50 21)-(7 23 25)]
0.7135, 0.5510998596191407, [(6 16 24)-(9 56 21)-(7 62 21)-(1 45 17)-(6 43 19)-(0 52 13)]
0.714, 0.5525317291259766, [(13 16 7)-(3 61 20)-(3 53 30)-(13 15 4)-(14 27 6)-(5 25 5)]
0.714, 0.5525362274169923, [(4 59 19)-(14 35 26)-(6 6 15)-(14 13 15)-(0 52 8)-(9 40 17)]
0.7141, 0.5513472686767578, [(0 57 12)-(2 37 15)-(3 51 18)-(11 22 26)-(11 7 2)-(3 22 8)]
0.7128, 0.5527937744140625, [(14 9 8)-(6 7 9)-(11 19 21)-(12 27 18)-(11 60 2)-(14 39 20)]
0.714, 0.5525317321777343, [(2 57 17)-(11 38 22)-(8 53 0)-(3 53 20)-(5 42 11)-(11 48 31)]
0.7142, 0.5520800231933594, [(4 16 11)-(8 16 0)-(11 42 7)-(10 35 17)-(8 32 25)-(5 21 22)]
0.7108, 0.5506406402587891, [(4 29 5)-(8 21 6)-(13 43 17)-(9 27 25)-(14 16 7)-(1 19 0)]
0.714, 0.5522086547851562, [(2 14 7)-(4 13 31)-(7 24 8)-(11 59 28)-(3 41 6)-(6 35 6)]
0.714, 0.5525317291259766, [(13 56 26)-(8 2 29)-(0 35 9)-(13 62 12)-(12 62 29)-(15 33 7)]
0.7123, 0.5526077911376953, [(5 5 19)-(12 23 23)-(5 49 11)-(10 19 16)-(2 16 29)-(8 13 29)]
0.714, 0.5525317230224609, [(5 16 26)-(5 24 31)-(10 14 2)-(12 50 23)-(8 20 3)-(5 52 27)]
0.714, 0.552674087524414, [(3 28 22)-(11 23 20)-(7 43 25)-(3 19 6)-(15 21 29)-(4 35 1)]
0.714, 0.5525762298583985, [(13 62 5)-(14 61 5)-(7 38 24)-(10 24 28)-(15 26 29)-(14 1 17)]
0.7139, 0.5526689910888671, [(5 27 18)-(12 4 0)-(8 29 27)-(14 10 9)-(5 56 10)-(6 21 2)]
0.71, 0.5649018066406251, [(0 9 21)-(9 57 6)-(3 51 2)-(14 0 23)-(10 11 13)-(7 35 28)]
0.7138, 0.5525481048583984, [(7 19 9)-(8 62 19)-(10 14 29)-(1 15 6)-(14 20 27)-(0 20 18)]
0.714, 0.5525317230224609, [(7 50 28)-(14 22 28)-(10 45 13)-(14 9 30)-(0 45 19)-(8 51 3)]
0.7134, 0.552672152709961, [(13 55 11)-(5 13 31)-(6 21 4)-(6 34 25)-(9 4 18)-(7 55 11)]
0.5527, 0.5693832305908203, [(7 20 25)-(5 55 30)-(8 35 4)-(0 35 8)-(6 46 28)-(10 18 24)]
0.7134, 0.552576171875, [(9 11 6)-(2 47 8)-(4 35 9)-(12 28 20)-(1 35 26)-(5 23 20)]
0.714, 0.5525392791748047, [(15 44 18)-(4 60 0)-(15 26 12)-(7 7 16)-(8 28 17)-(13 57 7)]
0.714, 0.5525317230224609, [(10 12 2)-(7 21 7)-(0 41 6)-(10 39 3)-(10 40 2)-(3 33 5)]
0.714, 0.5525317565917969, [(14 11 19)-(15 43 16)-(13 42 3)-(8 54 14)-(15 34 18)-(3 6 8)]
0.7136, 0.5525545989990235, [(14 52 6)-(14 33 4)-(5 17 22)-(13 32 0)-(12 44 13)-(9 46 10)]
0.714, 0.5525575408935547, [(14 24 26)-(1 31 10)-(6 51 21)-(4 11 19)-(9 39 0)-(8 37 6)]
0.714, 0.5525316986083985, [(15 23 23)-(9 57 26)-(1 49 30)-(15 42 24)-(8 1 7)-(7 42 18)]
0.714, 0.5525310852050782, [(7 51 15)-(5 52 10)-(9 60 7)-(1 62 6)-(12 35 31)-(5 8 15)]
0.714, 0.5525317077636718, [(15 30 6)-(4 61 21)-(12 43 29)-(1 3 3)-(8 22 9)-(0 50 2)]
0.7139, 0.552573876953125, [(9 46 14)-(7 39 9)-(5 51 4)-(7 40 23)-(7 16 23)-(3 58 27)]
0.7141, 0.5525823181152343, [(1 41 13)-(4 54 15)-(12 10 24)-(5 19 4)-(12 7 16)-(13 55 18)]
0.7134, 0.5536433837890625, [(8 38 31)-(1 43 24)-(6 9 22)-(13 9 5)-(14 20 26)-(3 30 3)]
0.7125999999999999, 0.5522671234130859, [(15 43 2)-(11 41 23)-(3 8 31)-(3 48 25)-(8 13 3)-(7 48 29)]
0.7110000000000001, 0.5476100372314453, [(10 55 13)-(2 7 24)-(5 7 21)-(15 28 11)-(13 32 30)-(8 7 28)]
0.7138, 0.552332748413086, [(8 38 0)-(2 54 7)-(5 5 22)-(13 40 8)-(13 33 30)-(15 33 21)]
0.714, 0.5525317199707032, [(0 3 0)-(11 49 20)-(13 52 28)-(11 24 11)-(4 1 5)-(5 35 2)]
0.714, 0.5525317199707032, [(9 59 28)-(5 60 1)-(1 54 30)-(14 7 27)-(7 41 23)-(7 27 4)]
0.7138, 0.5525261016845703, [(12 44 16)-(10 36 1)-(7 61 4)-(15 16 26)-(0 24 20)-(2 41 9)]
0.702, 0.5459473876953125, [(12 4 24)-(14 2 0)-(1 53 6)-(0 16 11)-(12 57 0)-(8 53 17)]
0.714, 0.5525317306518555, [(2 40 0)-(10 34 31)-(4 58 20)-(13 21 14)-(9 32 19)-(14 30 3)]
0.714, 0.5525317321777343, [(14 20 9)-(1 21 3)-(5 24 2)-(5 44 11)-(6 30 25)-(8 25 9)]
0.7138, 0.5525767944335938, [(10 54 14)-(6 56 4)-(4 13 23)-(5 21 18)-(0 22 29)-(10 53 2)]
0.714, 0.5525301849365234, [(13 7 20)-(6 53 23)-(12 14 7)-(14 39 12)-(5 11 16)-(14 20 23)]
0.714, 0.5525678527832032, [(9 16 19)-(6 24 8)-(6 6 6)-(13 57 15)-(0 33 21)-(15 37 4)]
0.714, 0.5525317291259766, [(3 1 4)-(10 49 18)-(10 2 28)-(1 51 26)-(9 30 25)-(0 2 7)]
0.714, 0.552532583618164, [(7 0 8)-(13 63 17)-(14 10 7)-(13 37 15)-(1 42 7)-(14 28 28)]
0.714, 0.5525325988769532, [(15 23 7)-(9 59 29)-(4 59 26)-(1 54 12)-(3 49 23)-(7 20 12)]
0.714, 0.5525422393798828, [(12 40 9)-(2 27 14)-(14 13 7)-(14 23 5)-(8 2 1)-(10 47 1)]
0.11349999999999999, 0.984268212890625, [(7 26 10)-(2 23 30)-(10 5 29)-(1 17 11)-(6 58 24)-(7 9 6)]
0.7126, 0.5526263366699219, [(4 17 10)-(5 20 31)-(3 28 9)-(12 49 13)-(7 46 31)-(13 35 1)]
0.7135, 0.5526643310546875, [(14 0 17)-(1 46 17)-(1 55 8)-(15 45 23)-(5 33 30)-(4 5 4)]
0.7122999999999999, 0.5520119049072265, [(11 19 26)-(10 2 10)-(8 39 24)-(4 6 20)-(6 51 28)-(1 8 22)]
0.714, 0.5525319854736328, [(4 19 6)-(0 28 7)-(4 22 26)-(6 30 21)-(4 18 13)-(4 40 20)]
0.6624, 0.518531642150879, [(12 54 2)-(6 15 28)-(5 28 29)-(2 27 8)-(6 2 24)-(3 55 18)]
0.7129000000000001, 0.5523492126464844, [(6 1 19)-(5 38 16)-(9 61 29)-(3 2 18)-(8 32 27)-(6 12 19)]
0.7134, 0.5536433746337891, [(6 9 22)-(9 34 22)-(12 1 3)-(13 54 11)-(13 36 15)-(4 62 4)]
0.7137, 0.5525932098388672, [(13 23 12)-(12 33 15)-(3 15 21)-(15 23 12)-(1 41 12)-(1 16 18)]
0.714, 0.5525317352294923, [(11 43 15)-(10 43 4)-(2 60 18)-(10 50 3)-(4 40 13)-(12 53 1)]
0.7139, 0.5525354797363281, [(3 7 16)-(2 36 23)-(1 33 22)-(9 27 6)-(1 41 27)-(2 30 18)]
0.6971, 0.5575172424316406, [(2 42 22)-(4 50 25)-(1 54 11)-(9 0 22)-(15 23 18)-(5 8 23)]
0.7127, 0.5526615478515625, [(12 39 14)-(10 1 22)-(0 21 13)-(5 38 12)-(6 22 15)-(13 35 10)]
0.714, 0.5525300354003906, [(3 58 24)-(2 19 27)-(0 11 16)-(15 32 13)-(12 0 4)-(9 46 8)]
0.714, 0.5525317108154297, [(4 10 14)-(11 54 13)-(8 53 2)-(10 22 11)-(10 56 16)-(8 33 5)]
0.714, 0.5525316223144532, [(11 56 4)-(5 39 20)-(3 17 11)-(15 31 27)-(5 53 9)-(11 40 12)]
0.7128, 0.5523654022216797, [(7 35 12)-(10 61 20)-(11 8 17)-(14 34 13)-(3 26 22)-(2 63 5)]
0.714, 0.5525317260742187, [(0 40 8)-(3 50 1)-(2 37 18)-(2 53 2)-(0 59 1)-(8 49 3)]
0.7138, 0.5525344635009766, [(5 45 30)-(5 8 17)-(10 12 21)-(13 44 24)-(9 55 28)-(8 57 29)]
0.714, 0.5525317413330078, [(7 54 2)-(15 15 8)-(12 26 7)-(6 40 29)-(12 59 26)-(13 28 12)]
0.7134, 0.5525210144042969, [(12 28 23)-(2 0 1)-(14 33 27)-(14 39 9)-(1 49 15)-(8 30 10)]
0.7136, 0.5481410675048828, [(7 27 18)-(7 55 26)-(9 41 29)-(11 20 31)-(11 36 16)-(7 29 29)]
0.714, 0.5525335632324219, [(12 12 17)-(14 41 8)-(10 49 26)-(10 7 27)-(3 37 18)-(3 57 15)]
0.714, 0.5525317138671875, [(14 45 18)-(13 50 2)-(15 24 16)-(0 60 30)-(15 42 28)-(2 33 28)]
0.714, 0.5525317504882812, [(12 62 13)-(0 12 10)-(1 50 11)-(11 49 25)-(11 57 1)-(13 13 0)]
0.7141, 0.5526688232421875, [(13 18 3)-(4 20 0)-(15 62 30)-(0 21 28)-(4 21 20)-(6 32 20)]
0.7137, 0.5528227661132812, [(9 3 28)-(15 39 1)-(5 26 28)-(14 38 4)-(7 9 29)-(6 0 16)]
0.714, 0.5525317260742187, [(11 42 27)-(12 54 7)-(13 26 6)-(11 55 7)-(9 34 5)-(3 58 14)]
0.7127, 0.5482867431640626, [(14 15 4)-(12 13 1)-(11 11 31)-(12 46 27)-(8 4 5)-(9 10 23)]
0.7136, 0.5529932434082032, [(3 63 24)-(15 7 22)-(15 21 7)-(1 16 6)-(15 53 16)-(12 0 19)]
0.7123999999999999, 0.553792758178711, [(15 19 17)-(11 61 21)-(15 38 29)-(2 1 21)-(14 53 24)-(15 49 31)]
0.714, 0.5525317474365234, [(7 52 28)-(11 62 11)-(0 38 10)-(10 56 26)-(6 24 12)-(10 3 10)]
0.7092, 0.5508946624755859, [(1 10 14)-(15 15 0)-(15 3 29)-(12 8 25)-(9 37 27)-(8 28 12)]
0.714, 0.5525313659667969, [(8 15 13)-(6 6 10)-(7 23 7)-(12 3 2)-(13 4 12)-(3 25 10)]
0.7139, 0.5526774017333984, [(6 53 21)-(13 28 24)-(10 8 22)-(3 30 11)-(10 9 2)-(13 15 29)]
0.7141, 0.5520771026611329, [(1 58 28)-(15 33 5)-(7 52 8)-(8 60 13)-(6 3 21)-(0 46 14)]
0.714, 0.5525317993164063, [(11 61 2)-(12 33 1)-(4 14 11)-(11 59 4)-(9 49 5)-(12 6 27)]
0.714, 0.5525317291259766, [(7 62 30)-(15 58 15)-(15 8 26)-(7 48 29)-(13 37 15)-(3 57 17)]
0.11349999999999999, 0.9842680969238281, [(4 58 29)-(4 1 5)-(1 48 15)-(3 47 24)-(2 23 30)-(0 22 10)]
0.1023, 0.05, [(7 8 22)-(2 62 5)-(2 4 30)-(6 38 22)-(12 9 30)-(9 8 25)]
0.6567000000000001, 0.5039232955932618, [(7 22 28)-(6 17 13)-(10 3 17)-(9 27 5)-(15 61 12)-(12 0 26)]
0.1135, 0.0, [(5 5 17)-(8 54 6)-(9 25 16)-(12 23 21)-(15 18 5)-(9 28 30)]
0.1001, 0.9995932891845702, [(7 25 11)-(7 17 30)-(1 4 31)-(2 24 25)-(12 47 5)-(10 23 17)]
0.7137, 0.5526175659179688, [(14 55 20)-(7 39 29)-(12 19 0)-(12 45 20)-(12 19 19)-(2 47 26)]
0.6856, 0.5293159820556641, [(2 40 16)-(14 6 13)-(2 44 12)-(15 37 29)-(8 8 25)-(10 2 3)]
0.7004, 0.5379580718994141, [(12 29 4)-(1 54 21)-(11 43 24)-(10 41 13)-(2 18 25)-(13 36 12)]
0.7137, 0.5525196472167968, [(11 35 8)-(4 31 10)-(13 49 17)-(3 15 19)-(0 45 7)-(15 63 24)]
0.714, 0.5525317260742187, [(12 9 0)-(0 56 3)-(4 30 6)-(15 17 28)-(13 31 28)-(10 25 27)]
0.7115, 0.5510568878173828, [(14 48 8)-(10 27 26)-(10 38 28)-(2 7 2)-(10 38 8)-(5 54 30)]
0.714, 0.5525314758300781, [(4 8 13)-(8 37 15)-(13 39 26)-(6 61 27)-(2 39 4)-(7 63 25)]
0.714, 0.5525343292236329, [(2 24 27)-(7 26 12)-(1 25 17)-(7 49 10)-(13 55 8)-(12 20 11)]
0.7105, 0.549787387084961, [(9 46 14)-(3 14 24)-(7 27 10)-(14 20 31)-(5 15 31)-(13 18 19)]
0.7097, 0.5534123687744141, [(3 7 24)-(6 41 20)-(13 32 31)-(4 39 4)-(3 52 16)-(6 56 23)]
0.714, 0.5525325897216797, [(10 32 22)-(13 9 9)-(10 11 3)-(0 44 11)-(11 53 3)-(7 0 8)]
0.7138, 0.5525171264648437, [(2 5 18)-(12 25 8)-(12 52 16)-(11 20 4)-(9 28 17)-(2 50 1)]
0.714, 0.5525317260742187, [(10 35 5)-(3 47 31)-(3 32 30)-(2 57 21)-(7 36 3)-(15 56 23)]
0.7131000000000001, 0.552773306274414, [(12 40 20)-(0 15 23)-(2 4 19)-(7 5 12)-(2 61 15)-(4 50 10)]
0.714, 0.5521903594970703, [(6 18 22)-(6 25 1)-(6 49 22)-(6 6 4)-(5 11 5)-(13 62 1)]
0.7144, 0.5524034362792969, [(0 45 10)-(9 25 7)-(12 61 12)-(12 6 22)-(11 18 22)-(2 37 11)]
0.714, 0.5525233764648437, [(2 24 17)-(3 36 4)-(4 0 8)-(3 21 9)-(14 22 19)-(11 35 1)]
0.7139, 0.5525236083984375, [(7 45 3)-(9 41 1)-(0 10 4)-(9 27 31)-(7 52 26)-(5 28 4)]
0.6773, 0.5441983642578125, [(6 25 25)-(3 8 10)-(8 43 15)-(12 38 11)-(1 7 5)-(2 13 26)]
0.714, 0.5525318237304688, [(10 32 9)-(3 3 11)-(8 59 24)-(13 33 1)-(14 17 21)-(12 51 21)]
0.0998, 0.0, [(8 25 23)-(3 43 9)-(15 24 10)-(4 56 14)-(1 1 30)-(15 22 27)]
0.7138, 0.5525412322998047, [(7 11 16)-(10 59 27)-(8 59 12)-(12 33 7)-(0 1 29)-(6 24 24)]
0.714, 0.5525310791015625, [(5 60 5)-(6 40 9)-(11 59 17)-(0 49 5)-(9 62 1)-(6 7 14)]
0.714, 0.5525317260742187, [(5 52 2)-(2 9 28)-(0 15 6)-(15 32 30)-(14 40 3)-(3 14 5)]
0.714, 0.5525317291259766, [(15 24 1)-(13 27 2)-(15 10 29)-(11 52 6)-(9 11 3)-(5 58 27)]
0.714, 0.5525318634033203, [(10 56 4)-(13 56 7)-(8 49 4)-(3 25 12)-(5 51 4)-(4 57 25)]
0.7131, 0.5568030700683594, [(12 6 2)-(2 25 18)-(4 30 6)-(2 21 22)-(4 53 22)-(5 12 0)]
0.7134, 0.5530526031494141, [(3 60 22)-(4 48 22)-(11 24 0)-(3 15 28)-(14 16 26)-(5 16 31)]
0.714, 0.5525309265136719, [(5 10 17)-(15 7 6)-(13 63 14)-(0 40 6)-(8 39 10)-(10 26 6)]
0.7142999999999999, 0.5523739929199218, [(14 16 16)-(15 2 23)-(14 30 13)-(2 25 3)-(4 49 3)-(7 35 15)]
0.714, 0.5525317260742187, [(15 39 16)-(12 52 6)-(15 27 15)-(5 53 1)-(5 46 1)-(10 49 3)]
0.7123999999999999, 0.55433828125, [(10 57 15)-(14 38 21)-(5 7 2)-(13 45 27)-(8 7 26)-(13 25 16)]
0.714, 0.5525317291259766, [(5 35 5)-(4 13 2)-(8 34 16)-(4 30 29)-(6 30 6)-(11 49 10)]
0.7086, 0.5459542541503906, [(9 16 5)-(8 2 23)-(15 58 9)-(9 15 21)-(9 23 10)-(0 16 5)]
0.714, 0.5525320739746094, [(4 30 20)-(13 8 5)-(5 26 4)-(11 58 1)-(10 11 13)-(7 30 21)]
0.7132000000000001, 0.5531284973144531, [(12 54 27)-(3 10 14)-(14 47 2)-(2 43 16)-(8 23 10)-(12 2 23)]
0.714, 0.5525312377929688, [(15 23 17)-(15 3 25)-(11 10 13)-(0 37 2)-(14 62 4)-(2 3 27)]
0.0995, 0.0, [(7 39 21)-(6 31 6)-(11 54 28)-(1 4 30)-(10 13 24)-(9 18 1)]
0.714, 0.5525316284179687, [(8 8 10)-(0 63 8)-(12 22 11)-(13 14 31)-(10 41 6)-(2 4 8)]
0.714, 0.5525317352294922, [(2 40 20)-(1 59 24)-(4 52 8)-(13 14 29)-(10 40 27)-(15 17 24)]
0.714, 0.5525317352294923, [(12 43 1)-(15 10 2)-(10 18 9)-(2 56 28)-(12 26 6)-(6 53 23)]
0.714, 0.5525318084716797, [(6 28 6)-(1 9 9)-(3 18 7)-(15 54 0)-(6 61 10)-(10 55 11)]
0.7054, 0.5475512603759766, [(1 36 17)-(12 2 11)-(12 15 26)-(3 62 25)-(0 27 25)-(4 62 8)]
0.714, 0.5525352691650391, [(9 32 19)-(8 21 17)-(10 16 13)-(0 32 10)-(9 20 4)-(9 62 26)]
0.714, 0.5525317199707032, [(3 57 5)-(1 44 23)-(1 46 0)-(3 62 14)-(4 46 9)-(14 59 5)]
0.714, 0.5525317352294923, [(13 21 13)-(11 30 14)-(7 63 31)-(0 52 16)-(0 59 17)-(6 33 16)]
0.714, 0.5525304351806641, [(6 48 25)-(7 56 17)-(5 13 15)-(10 21 15)-(2 0 13)-(1 30 25)]
0.1, 0.0, [(14 0 30)-(8 16 23)-(14 4 25)-(12 15 20)-(11 30 12)-(6 32 7)]
0.7130000000000001, 0.5528027679443359, [(0 29 18)-(1 10 1)-(8 7 19)-(12 17 3)-(12 34 13)-(5 55 10)]
0.714, 0.5525318206787109, [(6 42 31)-(2 50 27)-(7 44 22)-(3 55 14)-(2 41 31)-(7 19 13)]
0.714, 0.5525317199707032, [(4 50 10)-(5 2 27)-(11 40 17)-(8 38 5)-(4 20 8)-(8 9 5)]
0.714, 0.5525317291259766, [(0 55 22)-(2 53 25)-(12 55 22)-(15 10 7)-(14 56 5)-(10 26 0)]
0.7139, 0.5525371398925781, [(11 38 21)-(13 61 30)-(0 42 26)-(13 26 26)-(3 27 15)-(2 17 29)]
0.714, 0.552570834350586, [(6 51 29)-(8 24 26)-(4 12 19)-(5 16 26)-(0 38 1)-(15 45 6)]
0.7128000000000001, 0.5513302886962891, [(7 3 11)-(9 3 24)-(12 61 10)-(9 58 29)-(9 12 17)-(11 58 12)]
0.49450000000000005, 0.5461132080078125, [(15 5 5)-(3 6 25)-(15 56 2)-(2 59 11)-(11 39 29)-(1 11 1)]
0.7121, 0.5540728332519531, [(9 51 14)-(6 60 5)-(12 35 19)-(6 13 25)-(11 18 14)-(3 45 5)]
0.7076, 0.5520079589843749, [(15 50 13)-(8 22 25)-(14 7 29)-(6 48 9)-(6 62 12)-(15 7 2)]
0.714, 0.5524560119628906, [(1 32 5)-(11 48 21)-(4 44 17)-(4 62 8)-(6 58 0)-(6 11 20)]
0.7139, 0.5528379791259765, [(15 22 5)-(9 50 5)-(5 44 20)-(13 12 25)-(2 23 24)-(11 49 7)]
0.714, 0.5525316955566406, [(5 37 10)-(6 26 8)-(15 38 5)-(2 55 19)-(6 35 17)-(9 2 7)]
0.7138, 0.5525526672363281, [(3 0 15)-(4 11 28)-(11 17 28)-(12 18 16)-(1 53 27)-(10 60 20)]
0.714, 0.5525317199707032, [(8 30 8)-(8 30 27)-(1 32 29)-(11 63 22)-(7 47 17)-(4 46 10)]
0.7136, 0.5533768127441406, [(0 53 26)-(13 2 21)-(5 24 3)-(5 30 1)-(8 28 6)-(10 16 29)]
0.714, 0.5525109069824219, [(3 35 9)-(9 8 22)-(10 48 2)-(0 34 21)-(11 52 27)-(14 48 6)]
0.714, 0.5525317260742187, [(15 40 19)-(11 29 29)-(3 52 7)-(6 3 27)-(15 28 30)-(2 50 1)]
0.7137, 0.5526910186767577, [(4 10 16)-(10 36 29)-(3 3 22)-(9 30 14)-(8 3 7)-(3 43 18)]
0.714, 0.5525317321777343, [(12 52 23)-(14 50 26)-(8 35 5)-(2 43 11)-(5 17 8)-(4 24 8)]
0.714, 0.5525307006835938, [(6 23 8)-(6 62 7)-(0 51 11)-(6 25 27)-(4 48 27)-(0 3 11)]
0.42510000000000003, 0.7537738739013672, [(12 56 7)-(12 11 28)-(14 28 19)-(10 17 30)-(10 42 24)-(13 0 1)]
0.7137, 0.5523888641357422, [(0 15 27)-(5 50 22)-(5 54 15)-(6 18 21)-(9 63 20)-(12 10 11)]
0.7093, 0.5501382720947265, [(7 16 21)-(5 34 23)-(6 58 18)-(4 25 25)-(7 38 11)-(13 52 0)]
0.09920000000000001, 0.0, [(4 25 7)-(3 23 6)-(0 14 30)-(15 45 0)-(13 6 24)-(8 10 25)]
0.714, 0.5525290802001953, [(7 9 29)-(10 10 13)-(2 13 14)-(0 39 17)-(3 63 22)-(11 32 29)]
0.7141, 0.5525069213867188, [(15 48 11)-(2 53 15)-(10 50 6)-(2 55 26)-(6 46 20)-(11 24 21)]
0.6950000000000001, 0.5396583770751953, [(6 6 27)-(11 52 25)-(1 26 24)-(4 29 26)-(7 16 26)-(4 23 5)]
0.714, 0.5525317199707032, [(5 34 25)-(9 10 1)-(10 50 14)-(5 58 9)-(11 19 5)-(2 61 5)]
0.7135, 0.552486279296875, [(15 30 23)-(3 51 24)-(8 47 22)-(6 24 21)-(5 56 27)-(4 24 6)]
0.714, 0.5525415435791016, [(11 35 30)-(14 2 0)-(0 44 1)-(15 38 19)-(10 52 10)-(11 11 16)]
0.7121, 0.5531498413085938, [(15 58 30)-(0 54 20)-(8 20 28)-(10 5 9)-(12 4 23)-(10 41 17)]
0.7136, 0.5481367156982422, [(10 26 26)-(1 32 9)-(11 20 31)-(10 32 18)-(6 56 3)-(2 19 29)]
0.7102999999999999, 0.5470865356445314, [(6 39 14)-(10 39 11)-(5 7 6)-(0 3 22)-(7 27 29)-(10 24 31)]
0.7133, 0.5537643615722656, [(12 10 18)-(3 26 31)-(5 38 3)-(6 21 23)-(6 28 18)-(4 53 29)]
0.7139, 0.5525505249023437, [(9 46 22)-(0 62 18)-(6 25 1)-(11 52 20)-(9 5 19)-(0 32 12)]
0.1288, 0.0, [(14 53 1)-(11 29 8)-(8 20 30)-(10 51 0)-(0 14 30)-(4 51 4)]
0.7142, 0.5534019470214844, [(15 59 22)-(11 27 20)-(9 18 23)-(1 33 20)-(3 35 10)-(14 37 5)]
0.714, 0.5525317321777343, [(0 26 6)-(15 24 4)-(14 8 12)-(6 46 7)-(2 56 6)-(11 12 6)]
0.7137, 0.5525324127197266, [(10 63 10)-(12 13 5)-(3 10 23)-(15 31 0)-(8 7 2)-(1 31 13)]
0.714, 0.5525315124511718, [(6 12 12)-(5 32 5)-(12 58 3)-(9 62 31)-(11 55 15)-(11 30 11)]
0.7136, 0.5526480010986328, [(0 54 1)-(15 55 8)-(1 21 22)-(12 60 9)-(4 45 19)-(9 54 6)]
0.7137, 0.5524802368164062, [(7 27 24)-(0 31 23)-(14 42 18)-(2 14 1)-(12 1 18)-(13 39 14)]
0.7135, 0.5532943267822266, [(7 20 21)-(11 57 6)-(15 26 26)-(11 25 5)-(5 20 18)-(9 54 24)]
0.714, 0.5525315917968749, [(9 58 30)-(12 2 8)-(10 30 4)-(15 10 8)-(14 50 9)-(10 5 14)]
0.7139, 0.5524992980957031, [(8 1 19)-(5 33 13)-(8 38 2)-(15 6 19)-(3 7 15)-(11 32 27)]
0.1023, 0.9963628173828125, [(2 42 28)-(2 4 30)-(7 13 16)-(4 37 16)-(3 1 6)-(6 28 29)]
0.714, 0.5525317260742187, [(14 36 20)-(6 52 13)-(13 57 13)-(6 48 10)-(10 14 2)-(14 2 7)]
0.7137, 0.5528734771728516, [(15 6 0)-(6 29 13)-(10 10 3)-(0 29 23)-(14 17 7)-(7 44 17)]
0.7137, 0.5521442153930665, [(6 31 4)-(10 16 22)-(14 28 29)-(13 60 9)-(15 9 11)-(3 62 9)]
0.7142, 0.5533766418457031, [(10 50 14)-(2 44 9)-(2 44 28)-(4 17 23)-(13 39 7)-(4 17 7)]
0.7141, 0.5531688781738282, [(12 48 11)-(7 44 12)-(1 52 27)-(12 19 11)-(0 10 25)-(8 13 0)]
0.7127, 0.5513092468261719, [(9 53 0)-(0 19 24)-(11 21 20)-(9 39 20)-(4 5 11)-(10 8 29)]
0.7136, 0.5525480041503906, [(5 14 19)-(2 23 1)-(9 59 26)-(14 40 5)-(10 18 11)-(14 29 22)]
0.7135, 0.5526124084472657, [(10 46 13)-(12 39 7)-(9 56 30)-(1 58 23)-(6 19 7)-(10 21 24)]
0.7121999999999999, 0.5541871551513672, [(9 41 0)-(6 18 29)-(3 6 23)-(12 22 22)-(1 14 22)-(10 5 26)]
0.714, 0.5525327606201171, [(14 53 1)-(1 54 9)-(3 55 13)-(2 47 30)-(5 16 14)-(5 25 16)]
0.7143, 0.5540515472412109, [(10 42 21)-(14 48 3)-(15 26 0)-(7 40 2)-(0 54 11)-(9 0 19)]
0.7137, 0.5525046630859376, [(3 33 5)-(11 6 8)-(1 18 18)-(12 34 0)-(11 0 2)-(11 53 27)]
0.7074, 0.54023408203125, [(1 8 13)-(2 5 2)-(2 22 25)-(13 27 7)-(15 39 18)-(5 54 20)]
0.714, 0.5525317230224609, [(7 30 23)-(6 6 1)-(5 20 1)-(15 49 15)-(13 30 11)-(8 46 18)]
0.7139, 0.5525409057617188, [(10 7 14)-(14 3 16)-(15 39 6)-(13 33 16)-(12 7 16)-(1 63 7)]
0.7152, 0.5526631286621093, [(4 6 31)-(14 35 0)-(9 10 8)-(3 8 10)-(6 27 9)-(11 14 23)]
0.7141, 0.5527100250244141, [(8 60 8)-(12 9 23)-(10 17 29)-(8 41 10)-(8 7 15)-(13 62 15)]
0.714, 0.5525317260742187, [(9 40 0)-(14 42 25)-(5 58 21)-(1 32 14)-(4 44 29)-(3 48 18)]
0.714, 0.5525323883056641, [(3 44 21)-(0 18 11)-(7 9 16)-(7 10 15)-(6 7 11)-(14 2 11)]
0.714, 0.5525317230224609, [(13 48 20)-(10 35 0)-(2 49 6)-(15 39 4)-(3 61 3)-(7 20 29)]
0.714, 0.5525317138671875, [(8 44 10)-(7 18 31)-(11 53 2)-(13 5 13)-(13 20 19)-(14 41 10)]
0.7138, 0.5525161346435546, [(13 5 16)-(3 4 18)-(5 53 16)-(9 48 12)-(12 25 27)-(1 10 7)]
0.714, 0.5525317230224609, [(0 48 11)-(2 10 8)-(7 53 1)-(15 56 17)-(6 60 2)-(1 24 6)]
0.714, 0.5525316131591798, [(2 12 9)-(2 53 29)-(15 35 16)-(7 56 31)-(2 10 11)-(7 26 7)]
0.6968, 0.5550957794189453, [(13 51 16)-(10 52 18)-(13 62 14)-(13 13 6)-(5 37 7)-(0 17 24)]
0.714, 0.5525322662353516, [(7 55 12)-(11 38 12)-(9 32 31)-(5 23 14)-(4 51 19)-(13 25 24)]
0.1001, 0.9968243072509766, [(9 27 31)-(2 63 2)-(12 23 27)-(1 62 9)-(11 24 30)-(11 28 9)]
0.714, 0.5525317321777343, [(0 31 23)-(14 40 23)-(0 18 8)-(9 4 3)-(15 7 4)-(14 34 15)]
0.714, 0.5525317291259766, [(4 46 26)-(9 48 11)-(5 36 27)-(8 29 3)-(7 10 9)-(14 3 17)]
0.7003, 0.5404783508300781, [(8 28 31)-(4 45 11)-(0 31 18)-(7 41 17)-(4 42 22)-(8 54 6)]
0.5772999999999999, 0.47001232757568356, [(11 52 2)-(11 6 30)-(14 20 26)-(4 55 13)-(9 52 10)-(11 1 25)]
0.7136, 0.552556915283203, [(0 43 8)-(2 57 25)-(12 23 31)-(12 8 3)-(5 24 16)-(13 25 12)]
0.6982999999999999, 0.5384075439453125, [(4 26 31)-(9 24 6)-(8 32 16)-(9 18 10)-(15 10 2)-(2 23 22)]
0.714, 0.55253349609375, [(6 14 12)-(15 62 30)-(13 5 26)-(14 14 6)-(12 18 3)-(2 24 0)]
0.714, 0.5525317138671875, [(8 46 16)-(7 50 26)-(4 37 18)-(6 1 5)-(8 12 2)-(10 62 28)]
0.6352, 0.5142060424804688, [(6 39 15)-(5 0 31)-(3 48 21)-(13 7 6)-(3 50 11)-(14 60 21)]
0.714, 0.5525317199707032, [(7 13 3)-(3 54 12)-(11 27 1)-(13 17 11)-(5 53 27)-(10 50 2)]
0.36160000000000003, 0.5514250854492188, [(8 50 22)-(11 1 31)-(12 5 3)-(1 1 25)-(6 53 3)-(8 0 29)]
0.714, 0.5525317199707032, [(4 49 15)-(8 5 28)-(8 41 26)-(6 42 22)-(5 46 16)-(11 60 11)]
0.7137, 0.5522300994873047, [(7 33 24)-(1 14 22)-(10 24 25)-(10 59 23)-(14 5 2)-(5 2 26)]
0.7138, 0.5527164703369141, [(11 19 6)-(9 44 21)-(12 44 15)-(0 53 23)-(5 47 31)-(12 7 21)]
0.7131000000000001, 0.5526721435546875, [(11 10 23)-(14 33 19)-(10 59 11)-(10 4 15)-(1 14 22)-(14 17 9)]
0.714, 0.5525308868408203, [(8 55 8)-(1 44 11)-(3 51 30)-(5 36 4)-(2 10 18)-(11 54 10)]
0.7069, 0.5601427124023437, [(13 43 28)-(14 0 8)-(2 55 12)-(15 0 14)-(14 32 10)-(2 14 26)]
0.7121999999999999, 0.5524586883544922, [(3 24 23)-(7 39 20)-(11 21 22)-(6 30 3)-(8 44 7)-(8 21 20)]
0.1133, 0.9842779754638671, [(3 3 22)-(8 24 17)-(2 18 1)-(10 58 12)-(2 23 30)-(1 11 4)]
0.38880000000000003, 0.6163147003173828, [(1 24 5)-(9 12 10)-(8 11 25)-(9 21 21)-(6 40 5)-(5 6 10)]
0.7130000000000001, 0.5528380157470703, [(9 26 22)-(7 3 4)-(2 16 6)-(7 33 18)-(4 11 13)-(1 55 1)]
0.714, 0.5525317169189453, [(13 36 13)-(13 28 10)-(13 59 1)-(10 35 6)-(6 39 18)-(1 8 8)]
0.7126, 0.5501372955322266, [(8 45 30)-(2 63 7)-(11 17 25)-(5 16 19)-(1 61 9)-(3 53 31)]
0.714, 0.5525317199707032, [(2 34 12)-(12 61 10)-(11 42 11)-(2 41 14)-(8 53 13)-(3 32 30)]
0.7126, 0.5484146057128907, [(3 60 17)-(10 42 28)-(2 2 2)-(11 62 16)-(9 59 15)-(2 15 31)]
0.7110000000000001, 0.5536659027099609, [(4 19 24)-(7 50 21)-(14 24 17)-(7 34 11)-(4 12 9)-(14 47 27)]
0.714, 0.5525317260742187, [(5 34 19)-(0 7 26)-(1 11 5)-(0 36 3)-(9 41 11)-(6 39 3)]
0.0787, 0.0, [(15 23 21)-(4 21 30)-(6 30 30)-(5 33 4)-(15 45 22)-(2 62 20)]
0.7134, 0.5526320251464845, [(13 23 17)-(3 0 8)-(15 63 20)-(11 27 12)-(11 16 23)-(14 45 10)]
0.714, 0.55253173828125, [(0 36 16)-(4 32 25)-(2 56 3)-(7 17 8)-(12 40 30)-(5 33 26)]
0.714, 0.5525317260742187, [(9 62 3)-(15 15 5)-(11 6 26)-(8 62 1)-(3 32 17)-(7 53 22)]
0.714, 0.5525317230224609, [(4 49 3)-(4 44 3)-(8 34 10)-(6 23 1)-(5 61 7)-(12 53 28)]
0.7141, 0.5525175735473633, [(15 60 30)-(14 26 15)-(2 20 4)-(2 61 6)-(2 8 28)-(1 26 18)]
0.7136, 0.5456857543945313, [(5 49 10)-(11 62 23)-(11 11 26)-(10 25 15)-(1 62 15)-(14 61 8)]
0.7134, 0.5523767547607422, [(6 7 28)-(10 44 21)-(10 40 9)-(9 2 19)-(8 35 8)-(11 14 13)]
0.7129000000000001, 0.5526291046142578, [(8 20 12)-(5 23 31)-(7 14 17)-(14 30 8)-(7 55 24)-(6 62 20)]
0.714, 0.5525317184448242, [(0 35 6)-(2 38 5)-(9 52 3)-(4 40 6)-(12 10 2)-(4 42 8)]
0.7115, 0.5512739440917969, [(3 28 28)-(1 51 16)-(8 12 26)-(6 18 27)-(2 49 17)-(3 24 20)]
0.7083999999999999, 0.5394125549316406, [(1 41 7)-(2 4 26)-(1 18 14)-(9 52 22)-(2 17 26)-(3 32 4)]
0.714, 0.5525320648193359, [(10 54 16)-(12 24 5)-(10 46 30)-(8 18 10)-(9 52 27)-(0 40 6)]
0.7101, 0.5475712326049804, [(4 19 26)-(12 21 25)-(15 26 25)-(13 22 31)-(4 26 14)-(8 8 31)]
0.714, 0.5525316009521484, [(12 56 15)-(13 14 8)-(4 5 7)-(3 10 17)-(14 9 6)-(1 52 7)]
0.7134, 0.5526557739257812, [(12 20 22)-(1 0 12)-(11 53 21)-(15 36 10)-(8 11 20)-(5 42 28)]
0.714, 0.5525271423339844, [(8 15 16)-(0 46 12)-(13 20 19)-(2 38 27)-(13 46 10)-(4 21 2)]
0.7142999999999999, 0.5534749664306641, [(4 45 14)-(4 2 20)-(1 54 22)-(5 42 21)-(3 44 9)-(2 1 6)]
0.714, 0.5525317535400391, [(11 4 4)-(14 41 3)-(4 1 4)-(12 9 3)-(7 2 7)-(6 49 16)]
0.7137, 0.5525395690917969, [(5 38 26)-(10 38 13)-(1 44 20)-(1 14 5)-(4 3 21)-(14 53 28)]
0.714, 0.5525320098876954, [(8 26 3)-(6 59 29)-(8 23 12)-(5 37 26)-(10 41 30)-(9 37 2)]
0.714, 0.5525384033203125, [(6 6 15)-(2 31 5)-(8 34 31)-(6 35 1)-(14 39 23)-(5 0 9)]
0.714, 0.5525316741943359, [(9 30 9)-(11 61 16)-(3 55 8)-(9 9 10)-(15 35 8)-(7 50 13)]
0.714, 0.552527880859375, [(12 29 17)-(1 26 1)-(10 39 0)-(15 46 13)-(13 4 24)-(6 4 27)]
0.7139, 0.5525128021240234, [(9 32 29)-(3 4 26)-(5 8 28)-(3 14 3)-(0 21 17)-(8 56 18)]
0.714, 0.5525317565917969, [(5 24 12)-(13 18 4)-(10 39 7)-(6 42 26)-(14 38 19)-(3 56 10)]
0.7127, 0.5513220703124999, [(6 10 22)-(0 55 23)-(6 10 15)-(14 45 21)-(8 15 23)-(14 51 22)]
0.714, 0.5525614929199218, [(6 60 14)-(6 7 3)-(13 31 21)-(10 0 14)-(14 34 17)-(6 58 6)]
0.714, 0.5525313873291016, [(1 10 15)-(0 17 8)-(2 36 21)-(13 56 13)-(1 29 1)-(9 28 6)]
0.714, 0.5525305633544921, [(1 61 16)-(3 29 16)-(14 0 0)-(13 52 17)-(11 44 19)-(3 1 12)]
0.7139, 0.5525672653198243, [(9 0 13)-(5 22 19)-(3 31 15)-(0 52 27)-(5 40 8)-(14 49 2)]
0.1225, 0.829285595703125, [(2 13 4)-(7 5 3)-(7 3 16)-(11 14 30)-(0 32 9)-(15 19 24)]
0.7132000000000001, 0.5523140075683594, [(8 4 31)-(5 15 13)-(6 10 19)-(12 60 18)-(13 7 30)-(4 46 18)]
0.7139, 0.5525478820800781, [(12 21 19)-(9 49 12)-(4 37 4)-(14 53 21)-(11 56 5)-(12 43 6)]
0.7086, 0.5631790130615234, [(12 14 6)-(2 21 23)-(15 10 21)-(7 44 9)-(12 52 14)-(15 6 19)]
0.714, 0.5525317291259766, [(5 3 1)-(13 51 14)-(1 2 2)-(12 12 8)-(6 35 23)-(3 44 17)]
0.7137, 0.5522967590332031, [(13 23 15)-(7 34 21)-(0 21 20)-(14 7 29)-(11 42 24)-(3 1 2)]
0.714, 0.5525329650878906, [(0 9 13)-(5 57 10)-(6 47 14)-(8 49 25)-(13 37 13)-(15 7 22)]
0.7129, 0.5515762237548828, [(6 12 5)-(8 20 19)-(13 19 21)-(11 13 21)-(10 15 31)-(12 28 17)]
0.5096, 0.5619402038574219, [(7 49 8)-(11 21 13)-(12 7 13)-(5 51 28)-(8 0 26)-(12 10 4)]
0.7137, 0.5518272186279297, [(13 10 9)-(11 59 18)-(14 26 3)-(14 57 21)-(2 15 21)-(10 22 22)]
0.714, 0.5525317260742187, [(3 7 6)-(11 37 18)-(4 62 1)-(14 57 12)-(14 20 24)-(12 41 4)]
0.714, 0.5525317138671875, [(6 3 28)-(7 61 17)-(6 59 22)-(9 33 13)-(13 23 26)-(14 19 29)]
0.7146, 0.5526074615478516, [(1 52 30)-(9 60 27)-(7 24 24)-(1 55 28)-(2 12 9)-(9 24 9)]
0.714, 0.5525331237792969, [(3 22 13)-(7 5 14)-(2 22 28)-(14 40 27)-(8 7 2)-(11 3 4)]
0.7142, 0.5522030120849609, [(7 25 3)-(12 0 7)-(2 29 23)-(15 63 31)-(14 38 24)-(15 26 6)]
0.1464, 0.965086572265625, [(4 22 21)-(13 19 0)-(3 14 30)-(6 24 19)-(15 25 2)-(13 49 24)]
0.714, 0.5525317199707032, [(12 41 16)-(14 20 2)-(6 29 12)-(15 53 28)-(13 49 14)-(9 32 7)]
0.714, 0.5525317352294922, [(13 55 22)-(15 8 1)-(3 55 31)-(6 12 26)-(3 55 21)-(13 57 7)]
0.6879, 0.5397860321044922, [(15 56 27)-(3 11 30)-(4 37 23)-(15 49 18)-(7 42 15)-(5 24 16)]
0.714, 0.5525248107910157, [(0 8 18)-(8 32 17)-(0 32 24)-(3 46 16)-(10 33 5)-(15 25 9)]
0.7130000000000001, 0.550688427734375, [(11 7 2)-(10 0 17)-(5 22 9)-(5 20 23)-(12 25 1)-(15 59 9)]
0.714, 0.5525315917968749, [(10 30 27)-(13 59 14)-(1 55 31)-(2 48 21)-(2 13 11)-(10 45 0)]
0.714, 0.5525317230224609, [(3 50 31)-(10 44 19)-(15 54 4)-(15 56 17)-(13 34 11)-(9 12 29)]
0.7141, 0.552527505493164, [(0 14 13)-(14 58 5)-(12 13 21)-(10 8 13)-(6 59 24)-(4 31 10)]
0.7110000000000001, 0.547575064086914, [(14 7 5)-(15 62 26)-(2 54 1)-(9 1 7)-(5 53 3)-(11 13 25)]
0.714, 0.5525317169189453, [(1 45 9)-(0 47 6)-(15 13 11)-(0 43 4)-(8 41 6)-(15 60 2)]
0.7134, 0.5525269195556641, [(1 34 11)-(3 30 1)-(7 13 11)-(5 8 19)-(15 7 31)-(10 61 17)]
0.7124, 0.5536678283691406, [(5 15 28)-(13 43 13)-(9 4 28)-(0 45 20)-(4 5 24)-(5 50 23)]
0.714, 0.5525317199707032, [(15 21 23)-(9 41 9)-(1 23 10)-(11 14 3)-(2 50 12)-(1 22 4)]
0.1464, 0.9650849212646484, [(14 5 16)-(5 8 6)-(10 60 21)-(1 17 6)-(10 1 4)-(3 14 30)]
0.7139, 0.5525063690185548, [(1 26 17)-(3 7 4)-(2 49 15)-(5 21 19)-(13 34 9)-(13 5 21)]
0.714, 0.5525317230224609, [(7 45 25)-(1 56 28)-(2 60 24)-(10 28 27)-(5 5 3)-(13 24 4)]
0.7137, 0.552677767944336, [(12 32 7)-(4 59 16)-(15 38 14)-(1 43 19)-(9 7 10)-(10 18 22)]
0.6687, 0.505615316772461, [(8 1 2)-(2 8 31)-(3 26 19)-(7 34 8)-(5 25 24)-(0 7 23)]
0.7135, 0.5524351165771484, [(14 3 25)-(5 39 19)-(9 44 12)-(6 47 11)-(0 1 19)-(14 30 12)]
0.7142, 0.5524976776123047, [(8 1 17)-(11 42 25)-(5 29 11)-(11 58 22)-(14 33 24)-(4 24 24)]
0.7046, 0.5450067932128906, [(8 13 25)-(3 46 7)-(8 6 6)-(15 2 12)-(15 5 21)-(0 43 27)]
0.7131000000000001, 0.552467254638672, [(8 3 5)-(7 10 23)-(2 18 21)-(9 6 22)-(3 13 20)-(15 45 4)]
0.7139, 0.5525546875, [(3 57 8)-(10 51 16)-(0 25 27)-(6 28 10)-(12 39 7)-(9 7 18)]
0.6323000000000001, 0.49001697082519535, [(15 21 29)-(2 18 30)-(10 11 9)-(14 18 8)-(6 33 3)-(10 9 6)]
0.7095, 0.561406396484375, [(8 42 19)-(11 0 22)-(4 36 5)-(1 53 19)-(13 52 25)-(10 7 12)]
0.7137, 0.5528185256958008, [(14 61 2)-(9 5 23)-(9 11 15)-(14 59 10)-(11 53 14)-(15 39 9)]
0.714, 0.5525316986083985, [(7 32 25)-(2 38 11)-(6 40 7)-(13 16 6)-(15 63 23)-(6 25 8)]
0.714, 0.5525318878173828, [(0 49 9)-(11 59 2)-(10 3 27)-(7 27 9)-(6 17 10)-(6 51 29)]
0.7137, 0.5526283843994141, [(7 30 13)-(11 21 20)-(8 60 27)-(2 33 5)-(1 56 4)-(9 26 20)]
0.714, 0.5524943603515625, [(10 41 27)-(10 54 29)-(4 0 7)-(6 22 19)-(6 48 18)-(8 4 9)]
0.7139, 0.5525134674072265, [(0 8 19)-(7 48 26)-(4 19 13)-(14 5 18)-(2 36 31)-(9 30 25)]
0.714, 0.5525317291259766, [(2 50 14)-(9 49 24)-(2 45 22)-(0 25 3)-(2 23 5)-(12 45 19)]
0.1771, 0.0, [(10 9 1)-(13 16 31)-(8 25 30)-(8 48 12)-(1 34 29)-(6 41 11)]
0.7137, 0.5525358459472656, [(14 46 5)-(0 40 10)-(7 7 12)-(7 49 3)-(0 8 16)-(12 27 18)]
0.7130000000000001, 0.5523092071533203, [(4 47 9)-(4 24 7)-(8 4 31)-(5 24 29)-(15 22 8)-(11 38 21)]
0.714, 0.5525317321777343, [(4 22 29)-(13 18 9)-(0 58 5)-(5 53 13)-(10 21 2)-(10 30 26)]
0.6517999999999999, 0.5121129318237305, [(12 4 30)-(8 54 28)-(8 40 27)-(6 30 12)-(0 13 12)-(5 32 8)]
0.7133, 0.5525962463378906, [(0 8 24)-(10 16 17)-(11 45 31)-(2 20 19)-(6 41 18)-(2 19 15)]
0.3789, 0.5750466766357423, [(3 15 6)-(1 24 23)-(0 58 23)-(5 27 24)-(14 63 3)-(6 27 14)]
0.714, 0.5525162384033203, [(12 58 14)-(11 20 19)-(0 42 15)-(9 46 1)-(3 60 13)-(2 51 1)]
0.715, 0.552344741821289, [(11 32 2)-(8 29 1)-(15 3 29)-(12 34 0)-(1 26 6)-(11 13 22)]
0.0998, 0.0, [(0 11 19)-(11 25 26)-(1 2 5)-(1 1 30)-(11 2 5)-(7 19 3)]
0.714, 0.5525317108154297, [(12 57 15)-(5 20 7)-(10 56 21)-(8 51 19)-(15 46 14)-(4 40 22)]
0.7079, 0.5486462371826172, [(15 10 27)-(2 58 10)-(4 21 1)-(12 26 9)-(15 21 30)-(10 2 23)]
0.7139, 0.5524726806640625, [(4 46 23)-(15 35 28)-(11 46 18)-(14 49 28)-(0 35 20)-(6 26 19)]
0.714, 0.5525325469970703, [(2 56 29)-(4 33 24)-(7 34 8)-(6 62 19)-(12 38 4)-(7 12 16)]
0.7139, 0.5524876556396485, [(2 7 18)-(10 27 1)-(15 25 18)-(14 48 11)-(10 41 5)-(7 5 9)]
0.7091000000000001, 0.5482620300292969, [(3 62 17)-(3 31 30)-(7 45 19)-(5 2 18)-(9 24 4)-(9 18 31)]
0.7139, 0.5525387817382812, [(4 29 22)-(2 18 26)-(0 10 4)-(5 62 5)-(0 23 17)-(8 38 18)]
0.7079, 0.5568964019775391, [(0 56 10)-(12 0 6)-(11 3 13)-(2 0 14)-(6 43 26)-(4 5 25)]
0.714, 0.5525315063476562, [(13 39 31)-(11 3 13)-(15 4 28)-(13 56 8)-(9 36 18)-(12 30 10)]
0.182, 0.9551055297851563, [(13 26 28)-(1 11 24)-(8 43 31)-(1 25 27)-(5 40 3)-(10 10 30)]
0.7101999999999999, 0.5535756652832031, [(5 19 22)-(14 24 19)-(9 53 23)-(0 55 29)-(0 16 3)-(0 25 1)]
0.714, 0.5525272430419922, [(1 10 2)-(3 54 27)-(14 7 26)-(7 40 10)-(8 28 18)-(9 13 3)]
0.5664, 0.5621995086669922, [(5 22 30)-(4 11 16)-(3 11 20)-(13 14 16)-(14 54 21)-(7 3 19)]
0.714, 0.5525316925048829, [(12 28 13)-(14 23 5)-(11 37 23)-(8 57 14)-(4 28 28)-(12 28 5)]
0.714, 0.5525317230224609, [(1 53 0)-(14 11 0)-(4 55 4)-(14 38 29)-(6 9 3)-(6 31 31)]
0.1066, 0.9971357635498046, [(9 48 26)-(5 56 13)-(0 15 30)-(5 25 23)-(8 4 27)-(14 21 13)]
0.714, 0.5525317230224609, [(15 20 17)-(5 12 1)-(1 60 11)-(9 31 28)-(5 41 31)-(12 44 27)]
0.6759, 0.5926926574707031, [(15 48 27)-(5 51 1)-(9 58 19)-(6 40 9)-(13 13 2)-(0 0 23)]
0.7139, 0.5525238403320313, [(1 28 7)-(12 27 19)-(5 22 15)-(6 61 21)-(8 49 14)-(12 1 1)]
0.714, 0.5525317230224609, [(14 12 14)-(8 3 27)-(9 46 3)-(4 16 5)-(0 61 13)-(15 19 20)]
0.714, 0.5525317199707032, [(2 60 19)-(2 59 14)-(3 35 24)-(0 63 27)-(15 18 6)-(9 50 20)]
0.714, 0.552529916381836, [(13 12 2)-(13 41 11)-(12 14 9)-(10 37 12)-(8 3 14)-(1 10 3)]
0.714, 0.5525316955566406, [(2 53 7)-(15 60 15)-(12 28 13)-(2 52 23)-(1 29 5)-(15 27 1)]
0.714, 0.5525312530517579, [(1 7 13)-(8 52 25)-(9 23 9)-(6 31 28)-(15 29 31)-(12 2 2)]
0.1021, 0.0, [(10 59 19)-(15 43 20)-(6 22 30)-(8 42 25)-(1 52 27)-(1 58 20)]
0.7068, 0.5436194763183594, [(7 32 10)-(7 8 5)-(14 63 18)-(5 23 25)-(3 28 7)-(11 33 14)]
0.6627000000000001, 0.5474637237548827, [(3 22 28)-(0 7 29)-(12 19 31)-(10 34 13)-(12 56 19)-(5 1 26)]
0.714, 0.5525317260742187, [(5 0 28)-(1 40 14)-(15 41 11)-(8 48 4)-(7 53 9)-(7 51 9)]
0.7132000000000001, 0.5531862182617188, [(0 50 31)-(12 2 23)-(3 13 22)-(6 33 0)-(7 11 15)-(5 40 13)]
0.714, 0.5525317138671875, [(2 33 0)-(15 4 17)-(1 55 11)-(10 14 6)-(6 26 11)-(12 20 7)]
0.7141, 0.5525393371582031, [(11 19 9)-(13 58 18)-(3 47 10)-(8 7 11)-(3 25 15)-(12 41 7)]
0.0825, 0.0, [(12 6 30)-(9 33 0)-(1 21 7)-(13 43 26)-(3 40 9)-(0 40 22)]
0.7138, 0.5525666870117187, [(15 46 11)-(9 8 8)-(2 43 20)-(11 36 25)-(7 63 15)-(9 6 19)]
0.714, 0.5526073791503906, [(14 61 13)-(6 51 11)-(13 62 14)-(10 51 30)-(6 19 19)-(5 3 1)]
0.7123999999999999, 0.5549687957763672, [(11 16 3)-(4 12 23)-(15 27 24)-(6 41 28)-(12 62 11)-(5 38 29)]
0.7137, 0.552500732421875, [(12 35 21)-(8 15 19)-(6 62 28)-(4 0 8)-(3 2 14)-(7 58 13)]
0.7139, 0.5494465942382812, [(11 5 31)-(11 2 11)-(14 51 11)-(6 51 17)-(11 53 7)-(2 60 1)]
0.7132000000000001, 0.5537483764648438, [(12 21 18)-(4 19 22)-(8 52 15)-(3 29 29)-(12 42 31)-(0 22 31)]
0.714, 0.5525310516357422, [(15 13 7)-(11 37 23)-(9 10 9)-(3 22 27)-(1 2 27)-(11 13 15)]
0.714, 0.5525295684814453, [(10 18 6)-(6 49 14)-(6 26 0)-(8 5 2)-(11 34 30)-(6 8 12)]
0.714, 0.5525317199707032, [(13 15 27)-(2 31 10)-(3 39 7)-(13 42 18)-(15 12 17)-(2 39 23)]
0.7137, 0.5525438568115235, [(13 51 14)-(6 24 0)-(6 10 21)-(7 49 18)-(15 62 10)-(8 4 5)]
0.714, 0.5525315521240235, [(14 44 21)-(14 55 4)-(0 12 6)-(3 14 13)-(9 35 3)-(15 11 31)]
0.714, 0.5525312499999999, [(0 44 12)-(6 21 8)-(2 39 26)-(13 11 23)-(1 55 21)-(12 25 14)]
0.7139, 0.5528709014892578, [(12 2 20)-(10 46 0)-(5 40 14)-(2 28 29)-(7 3 3)-(5 35 6)]
0.7139, 0.5525469482421875, [(6 58 9)-(1 23 14)-(5 47 24)-(2 23 14)-(12 2 18)-(14 1 11)]
0.7139, 0.5532933898925781, [(12 56 11)-(9 20 23)-(4 4 3)-(6 27 13)-(3 8 27)-(2 21 8)]
0.714, 0.5525317260742187, [(12 48 20)-(14 35 9)-(9 54 6)-(1 0 28)-(14 49 18)-(13 7 18)]
0.0917, 0.0, [(6 8 25)-(10 8 31)-(8 19 30)-(0 8 30)-(8 43 11)-(12 53 20)]
0.7129000000000001, 0.5532269409179688, [(5 0 17)-(4 17 27)-(11 26 21)-(6 48 27)-(12 27 4)-(12 16 13)]
0.7115, 0.5547136932373047, [(14 2 21)-(12 5 20)-(7 11 23)-(12 44 18)-(15 57 30)-(9 45 8)]
0.714, 0.5525264617919923, [(9 49 23)-(8 20 6)-(12 52 6)-(0 9 6)-(2 5 28)-(6 18 17)]
0.714, 0.5525313873291016, [(9 56 20)-(4 40 5)-(9 9 14)-(11 3 8)-(11 59 30)-(10 5 5)]
0.714, 0.5525317169189452, [(9 31 7)-(1 31 19)-(11 51 31)-(15 59 11)-(5 42 6)-(6 61 26)]
0.7138, 0.5524783813476561, [(4 43 28)-(7 49 10)-(13 52 24)-(9 29 10)-(9 21 20)-(8 13 1)]
0.7143999999999999, 0.552315576171875, [(4 60 11)-(11 39 3)-(2 20 31)-(9 44 10)-(8 1 7)-(7 27 27)]
0.7099, 0.5496731353759765, [(8 57 29)-(13 57 22)-(4 28 31)-(1 41 17)-(2 0 27)-(8 43 11)]
0.714, 0.5525317565917969, [(11 26 9)-(13 7 16)-(6 63 19)-(9 41 7)-(9 60 0)-(13 32 23)]
0.714, 0.5525317260742187, [(11 22 9)-(11 53 5)-(14 40 2)-(5 62 24)-(4 38 18)-(12 11 0)]
0.11449999999999999, 0.998272866821289, [(1 6 6)-(8 31 30)-(4 34 20)-(10 34 30)-(12 24 30)-(14 45 4)]
0.714, 0.5525317169189452, [(6 31 17)-(15 35 21)-(10 39 12)-(14 44 2)-(3 37 2)-(2 39 0)]
0.7129000000000001, 0.551709246826172, [(15 21 14)-(8 48 16)-(9 53 11)-(12 3 22)-(3 44 4)-(4 52 24)]
0.714, 0.5525297271728515, [(8 53 8)-(6 8 13)-(11 40 30)-(15 27 19)-(1 38 1)-(11 15 15)]
0.5301, 0.5309211837768555, [(9 0 26)-(13 59 17)-(12 54 26)-(11 23 9)-(10 60 16)-(15 57 6)]
0.7118, 0.552932275390625, [(6 46 2)-(11 26 22)-(0 28 18)-(12 38 5)-(6 1 17)-(8 19 7)]
0.714, 0.5525323150634766, [(3 33 20)-(14 46 10)-(12 32 1)-(3 40 5)-(15 9 11)-(1 0 7)]
0.714, 0.5525228912353516, [(11 32 14)-(1 7 16)-(8 40 7)-(10 17 17)-(13 21 31)-(7 51 14)]
0.7139, 0.5525496612548828, [(9 24 3)-(8 5 18)-(4 0 1)-(2 61 14)-(0 19 8)-(7 52 23)]
0.714, 0.5525317504882813, [(13 49 9)-(4 27 2)-(10 55 22)-(11 17 10)-(1 50 14)-(4 1 6)]
0.7142, 0.5528777038574219, [(6 60 13)-(9 13 15)-(6 15 23)-(7 11 28)-(4 8 21)-(14 58 10)]
0.714, 0.5525326354980469, [(4 11 18)-(14 17 26)-(2 16 28)-(1 36 26)-(0 49 15)-(3 16 26)]
0.7082, 0.5484169738769531, [(7 52 15)-(1 23 7)-(1 8 24)-(12 22 1)-(5 22 29)-(5 32 10)]
0.7141, 0.5525280792236328, [(1 62 11)-(10 15 19)-(4 57 30)-(7 29 12)-(6 33 25)-(14 24 1)]
0.714, 0.552531704711914, [(13 46 12)-(7 53 31)-(8 24 9)-(0 44 12)-(15 37 8)-(1 47 4)]
0.714, 0.5525317169189453, [(8 42 10)-(14 24 24)-(0 41 3)-(15 26 2)-(6 12 6)-(6 16 8)]
0.7138, 0.5527049224853515, [(12 29 31)-(0 1 15)-(9 25 27)-(3 58 19)-(13 26 3)-(15 59 24)]
0.714, 0.5525317230224609, [(4 39 26)-(3 57 2)-(15 14 9)-(13 59 20)-(2 40 19)-(15 21 21)]
0.714, 0.5525317260742187, [(11 20 8)-(14 4 27)-(10 59 11)-(6 30 19)-(3 52 12)-(0 36 30)]
0.714, 0.5525317138671875, [(5 36 23)-(2 41 28)-(0 47 20)-(7 35 23)-(10 1 29)-(6 38 31)]
0.714, 0.5525317260742187, [(4 44 27)-(9 49 18)-(0 35 8)-(5 43 26)-(3 32 21)-(2 55 5)]
0.7137, 0.5527008941650391, [(5 18 31)-(1 34 1)-(5 9 12)-(10 14 7)-(14 3 10)-(2 42 7)]
0.6443, 0.5140629104614258, [(15 30 30)-(2 1 15)-(15 4 5)-(10 2 24)-(6 50 1)-(7 2 8)]
0.7135, 0.5502298736572265, [(0 48 22)-(0 33 15)-(3 13 28)-(6 1 21)-(4 9 24)-(9 11 26)]
0.714, 0.5525317230224609, [(10 62 12)-(15 45 1)-(1 63 20)-(2 62 18)-(15 26 4)-(3 48 25)]
0.714, 0.5525317230224609, [(13 50 18)-(0 37 27)-(6 20 28)-(15 52 24)-(6 37 3)-(0 55 25)]
0.7102999999999999, 0.548972705078125, [(12 5 24)-(1 59 28)-(12 25 23)-(9 58 13)-(12 3 27)-(1 36 4)]
0.7148, 0.553073486328125, [(1 43 27)-(4 3 13)-(7 1 7)-(14 58 0)-(13 0 18)-(2 2 15)]
0.3185, 0.8466613616943359, [(6 17 30)-(12 29 28)-(7 23 6)-(4 46 17)-(0 37 29)-(1 20 19)]
0.714, 0.5525317199707032, [(6 25 5)-(1 39 14)-(15 54 31)-(14 11 21)-(15 34 8)-(14 7 23)]
0.7123999999999999, 0.5520775329589844, [(2 14 10)-(0 25 17)-(6 11 9)-(14 40 19)-(10 25 24)-(0 58 18)]
0.714, 0.5525323455810547, [(12 22 17)-(3 22 7)-(7 49 29)-(11 25 13)-(15 56 4)-(6 17 9)]
0.714, 0.5525316101074218, [(2 35 20)-(13 36 5)-(11 42 8)-(15 26 15)-(10 6 27)-(4 8 12)]
0.714, 0.552529605102539, [(3 14 18)-(4 44 0)-(7 60 30)-(5 24 10)-(15 38 14)-(9 29 2)]
0.7139, 0.5525485412597657, [(11 56 29)-(7 47 30)-(5 29 22)-(13 0 8)-(7 45 29)-(14 46 20)]
0.7137, 0.5521993041992188, [(2 6 13)-(2 27 6)-(4 18 24)-(4 48 20)-(12 3 3)-(3 57 28)]
0.714, 0.5525317291259766, [(5 57 7)-(1 50 4)-(15 24 6)-(7 42 0)-(7 45 14)-(1 54 29)]
0.7137, 0.5525046234130859, [(8 31 7)-(10 63 12)-(1 18 18)-(4 14 26)-(9 10 11)-(1 40 29)]
0.714, 0.5525317230224609, [(7 63 31)-(5 60 18)-(6 38 0)-(6 43 23)-(2 10 0)-(2 36 4)]
0.7116, 0.5580544708251953, [(13 24 21)-(7 0 21)-(5 11 12)-(2 43 13)-(9 29 18)-(5 10 4)]
0.7029, 0.5502914947509765, [(9 53 13)-(10 9 6)-(4 30 3)-(1 8 26)-(6 35 24)-(0 62 30)]
0.714, 0.5525317565917969, [(8 21 9)-(5 8 4)-(4 40 8)-(0 13 9)-(5 61 20)-(14 39 21)]
0.7059, 0.5496192687988282, [(3 47 8)-(2 39 18)-(12 5 26)-(12 3 4)-(4 11 9)-(1 42 5)]
0.7079, 0.5494270294189454, [(9 53 17)-(15 2 25)-(4 6 19)-(11 24 16)-(5 30 21)-(15 33 7)]
0.7131000000000001, 0.5528183654785157, [(8 55 25)-(1 11 22)-(2 62 20)-(15 16 4)-(9 38 24)-(5 19 8)]
0.1001, 0.0, [(12 44 17)-(8 51 4)-(3 2 30)-(15 1 8)-(12 63 7)-(10 58 11)]
0.714, 0.5525317291259766, [(11 63 24)-(4 31 17)-(2 36 5)-(12 31 13)-(13 53 25)-(13 10 12)]
0.7114, 0.5514264587402344, [(14 37 10)-(6 23 29)-(1 16 24)-(8 61 24)-(1 20 13)-(4 7 6)]
0.7122999999999999, 0.5520698486328125, [(10 25 24)-(3 43 24)-(0 57 22)-(5 42 26)-(13 56 0)-(15 1 13)]
0.714, 0.5525317413330078, [(7 33 11)-(0 59 23)-(15 31 0)-(13 37 5)-(14 20 31)-(14 22 13)]
0.714, 0.5525320068359375, [(5 3 5)-(14 51 21)-(10 6 14)-(2 10 15)-(14 30 27)-(15 47 1)]
0.714, 0.5525317138671875, [(2 23 8)-(7 8 1)-(3 32 14)-(9 17 27)-(5 59 20)-(12 24 7)]
0.714, 0.55253173828125, [(0 19 2)-(13 62 0)-(7 45 24)-(13 44 10)-(2 19 29)-(3 21 3)]
0.714, 0.5525317230224609, [(13 29 15)-(6 52 26)-(13 23 26)-(13 21 2)-(12 8 4)-(4 54 12)]
0.714, 0.5525317291259766, [(3 44 13)-(12 52 28)-(1 18 3)-(13 39 14)-(4 29 28)-(11 30 12)]
0.714, 0.5525317199707032, [(1 26 8)-(10 44 4)-(9 38 4)-(9 32 0)-(14 60 17)-(15 54 19)]
0.7059, 0.549018521118164, [(12 21 25)-(1 39 19)-(0 10 28)-(14 10 25)-(2 11 27)-(3 7 24)]
0.714, 0.5525317321777343, [(0 45 14)-(4 49 12)-(10 15 4)-(11 38 6)-(11 54 26)-(12 42 25)]
0.714, 0.5525394317626953, [(7 13 17)-(10 0 11)-(14 21 31)-(1 58 12)-(12 61 27)-(5 10 7)]
0.714, 0.5525337646484375, [(15 49 4)-(14 11 29)-(2 21 12)-(6 48 1)-(0 15 6)-(1 41 28)]
0.6678999999999999, 0.5454299163818359, [(13 28 4)-(9 39 6)-(10 14 24)-(13 33 20)-(13 41 3)-(8 18 10)]
0.7128, 0.5563629119873047, [(6 25 11)-(15 50 29)-(4 22 12)-(14 43 21)-(4 49 14)-(6 17 24)]
0.6780999999999999, 0.5211232437133788, [(9 62 2)-(8 18 31)-(9 6 8)-(14 6 30)-(5 45 18)-(13 26 16)]
0.7135, 0.553250146484375, [(12 2 22)-(2 61 9)-(7 61 0)-(1 36 21)-(11 10 15)-(9 11 14)]
0.714, 0.5525317230224609, [(7 10 7)-(8 62 20)-(7 33 21)-(15 37 7)-(12 21 7)-(3 12 4)]
0.11449999999999999, 0.9982728881835937, [(12 24 30)-(8 58 17)-(0 23 12)-(12 4 15)-(13 27 27)-(13 57 28)]
0.7139, 0.5525264434814454, [(3 62 28)-(6 3 12)-(8 22 18)-(4 33 26)-(5 38 29)-(1 20 16)]
0.714, 0.5525252563476563, [(6 24 24)-(0 45 1)-(11 51 19)-(9 2 29)-(7 62 18)-(5 20 16)]
0.714, 0.5525282135009766, [(15 18 18)-(6 32 5)-(4 18 15)-(5 20 19)-(8 43 18)-(2 40 20)]
0.714, 0.5525317230224609, [(14 46 9)-(8 36 28)-(9 50 13)-(7 24 8)-(15 46 28)-(15 33 18)]
0.7141, 0.5526009429931641, [(7 58 1)-(7 43 17)-(5 48 26)-(3 23 18)-(4 23 20)-(0 60 0)]
0.7139, 0.552497671508789, [(9 14 3)-(14 30 10)-(4 29 6)-(9 27 19)-(13 5 10)-(0 28 6)]
0.714, 0.552531753540039, [(13 3 11)-(7 0 3)-(14 14 7)-(10 40 11)-(7 9 7)-(13 26 26)]
0.714, 0.5525340576171875, [(9 8 6)-(4 63 28)-(3 0 10)-(1 44 22)-(13 13 21)-(8 58 7)]
0.7135, 0.5525415008544923, [(12 29 18)-(15 42 13)-(15 13 8)-(10 28 19)-(13 12 10)-(7 47 20)]
0.714, 0.5525317321777343, [(4 24 6)-(0 11 0)-(6 42 2)-(7 36 2)-(13 4 13)-(11 50 3)]
0.7123, 0.5527768920898437, [(12 8 14)-(3 12 20)-(11 19 21)-(4 59 16)-(11 28 22)-(0 27 5)]
0.7139, 0.5521413269042968, [(13 52 23)-(4 5 5)-(14 9 5)-(2 7 21)-(11 59 6)-(8 22 0)]
0.7132000000000001, 0.5528625366210937, [(10 24 13)-(10 47 16)-(5 0 27)-(7 32 2)-(5 9 21)-(13 47 13)]
0.714, 0.5525317276000976, [(11 46 20)-(0 31 21)-(11 60 21)-(6 42 4)-(7 32 24)-(10 47 13)]
0.714, 0.5525317199707032, [(1 61 19)-(3 54 8)-(3 50 21)-(3 34 20)-(1 40 24)-(15 52 4)]
0.714, 0.5525455078125, [(12 32 21)-(13 36 30)-(10 61 5)-(8 20 18)-(8 56 24)-(0 63 1)]
0.7136, 0.5524602722167968, [(5 7 7)-(8 35 19)-(5 59 29)-(8 15 20)-(12 6 5)-(3 38 2)]
0.7135, 0.5521915222167968, [(14 13 5)-(2 9 16)-(2 25 22)-(14 10 0)-(6 17 2)-(8 57 3)]
0.7002999999999999, 0.5391391265869141, [(6 57 2)-(14 25 28)-(5 8 25)-(1 20 29)-(1 20 7)-(15 60 14)]
0.7136, 0.5525625640869141, [(6 39 14)-(13 35 23)-(7 17 14)-(4 42 15)-(9 16 6)-(8 22 23)]
0.714, 0.5525338012695313, [(6 26 3)-(2 14 12)-(14 6 4)-(0 59 0)-(15 59 26)-(2 37 12)]
0.714, 0.552530322265625, [(15 17 10)-(11 50 14)-(7 17 27)-(4 28 0)-(3 8 8)-(5 20 13)]
0.7139, 0.5528111419677735, [(9 59 10)-(3 14 28)-(9 23 9)-(2 63 13)-(0 30 15)-(10 26 23)]
0.714, 0.5525331756591797, [(13 3 31)-(10 13 9)-(5 37 13)-(5 24 18)-(13 32 22)-(11 13 14)]
0.714, 0.5525325775146485, [(11 6 18)-(9 32 13)-(3 6 17)-(11 49 7)-(3 14 11)-(10 32 22)]
0.714, 0.5525178802490234, [(3 3 2)-(5 33 16)-(0 12 5)-(5 43 8)-(1 33 10)-(9 8 21)]
0.714, 0.5525317260742187, [(0 52 0)-(10 60 13)-(15 61 24)-(15 23 21)-(13 21 10)-(5 48 9)]
0.7048, 0.5474215118408203, [(6 37 12)-(6 29 25)-(1 55 20)-(13 56 31)-(5 42 19)-(6 49 2)]
0.714, 0.5525769683837891, [(0 16 21)-(10 48 7)-(2 52 3)-(13 20 10)-(7 54 23)-(6 14 7)]
0.714, 0.5525314178466797, [(15 24 23)-(13 50 22)-(2 34 0)-(0 52 6)-(0 14 14)-(14 13 28)]
0.714, 0.55253173828125, [(5 30 25)-(15 11 3)-(12 22 2)-(15 50 31)-(2 57 8)-(10 3 27)]
0.7137, 0.5524485717773437, [(14 24 9)-(15 39 26)-(8 50 10)-(3 53 16)-(6 20 21)-(5 8 1)]
0.7141, 0.5525647888183594, [(11 62 23)-(10 60 20)-(10 6 4)-(12 12 12)-(1 24 4)-(15 1 18)]
0.1, 0.0, [(5 0 30)-(15 46 5)-(15 60 7)-(3 27 1)-(15 56 8)-(4 1 25)]
0.714, 0.5525317230224609, [(12 49 24)-(7 39 26)-(3 15 1)-(9 52 10)-(11 54 13)-(0 38 4)]
0.714, 0.5525317230224609, [(12 5 2)-(12 30 23)-(7 59 17)-(8 57 16)-(10 32 27)-(14 13 4)]
0.714, 0.5525317962646484, [(10 38 11)-(7 29 10)-(1 59 3)-(0 19 0)-(15 33 15)-(8 35 4)]
0.714, 0.5525317321777343, [(1 38 23)-(1 34 9)-(15 30 31)-(6 44 12)-(4 46 30)-(15 60 19)]
0.6431, 0.5501860778808594, [(2 39 8)-(10 19 7)-(5 20 15)-(1 14 24)-(6 59 5)-(14 14 18)]
0.714, 0.5525317260742187, [(5 59 13)-(10 49 2)-(2 60 18)-(9 31 17)-(6 49 15)-(12 8 26)]
0.714, 0.5525354858398437, [(4 52 17)-(8 8 27)-(10 11 16)-(15 55 31)-(12 59 7)-(13 39 18)]
0.7137, 0.5525796478271484, [(7 27 11)-(1 9 18)-(9 12 7)-(11 19 11)-(14 23 7)-(1 61 8)]
0.7139, 0.5524493713378906, [(0 56 17)-(4 60 30)-(3 44 28)-(11 54 31)-(9 11 22)-(11 42 2)]
0.7131000000000001, 0.5525061157226563, [(2 34 31)-(7 21 21)-(1 3 19)-(2 43 9)-(8 53 30)-(1 10 10)]
0.7039, 0.5448871520996094, [(6 60 0)-(12 48 31)-(9 2 23)-(8 59 19)-(10 21 29)-(14 32 30)]
0.7135, 0.5526848907470703, [(12 21 7)-(2 14 9)-(1 2 17)-(7 29 15)-(11 54 28)-(3 4 26)]
0.714, 0.5525317565917969, [(2 28 7)-(5 61 8)-(15 26 11)-(9 29 6)-(6 14 1)-(14 52 28)]
0.714, 0.5525212280273437, [(11 22 19)-(3 44 1)-(12 36 22)-(4 53 1)-(2 4 16)-(11 44 9)]
0.6975, 0.542663720703125, [(12 35 3)-(10 42 23)-(9 32 17)-(5 20 24)-(0 55 0)-(6 52 0)]
0.7134, 0.5526958892822266, [(1 52 29)-(2 18 7)-(4 38 8)-(11 47 27)-(8 28 21)-(2 12 4)]
0.714, 0.5525317260742187, [(15 14 11)-(5 33 3)-(15 42 18)-(4 41 19)-(15 31 5)-(12 58 27)]
0.7138, 0.5525521591186523, [(10 47 22)-(3 0 15)-(6 15 4)-(8 24 14)-(5 24 2)-(4 37 19)]
0.6952, 0.536494662475586, [(12 54 17)-(1 50 26)-(5 11 26)-(14 20 28)-(2 58 22)-(4 3 20)]
0.714, 0.5525273590087891, [(13 46 17)-(6 24 29)-(9 19 0)-(15 21 15)-(2 25 14)-(1 24 28)]
0.714, 0.5524706481933594, [(5 41 8)-(15 45 24)-(9 21 23)-(1 21 3)-(7 16 1)-(6 11 7)]
0.714, 0.5525317230224609, [(14 14 9)-(10 23 28)-(10 38 13)-(7 23 0)-(7 51 30)-(3 60 4)]
0.7139, 0.5532377044677734, [(3 50 30)-(2 27 20)-(13 2 1)-(2 35 17)-(12 7 21)-(13 29 7)]
0.714, 0.5525326202392578, [(13 9 1)-(1 28 10)-(8 47 27)-(7 19 16)-(10 41 20)-(13 30 21)]
0.7137, 0.5525888732910156, [(15 56 18)-(3 26 19)-(4 34 23)-(3 19 23)-(6 55 26)-(5 41 22)]
0.1077, 0.0, [(9 7 30)-(13 51 29)-(9 36 8)-(4 50 19)-(2 13 14)-(9 50 10)]
0.7136, 0.5548570831298829, [(14 3 22)-(11 0 20)-(7 16 6)-(10 57 12)-(9 7 13)-(1 11 5)]
0.7139, 0.5524691772460937, [(6 51 4)-(6 35 21)-(15 26 15)-(6 22 20)-(3 41 7)-(13 50 2)]
0.7009, 0.5508316009521484, [(0 55 2)-(0 4 10)-(10 42 7)-(13 7 1)-(8 28 28)-(10 8 24)]
0.714, 0.5525317230224609, [(14 63 27)-(10 63 12)-(5 50 19)-(6 30 9)-(0 41 13)-(14 18 16)]
0.714, 0.5525316986083985, [(8 63 5)-(13 12 14)-(0 42 15)-(0 3 5)-(14 3 0)-(12 33 28)]
0.7067000000000001, 0.5457071136474609, [(6 47 3)-(4 22 5)-(9 9 25)-(5 33 4)-(0 8 22)-(13 51 6)]
0.1307, 0.0, [(6 24 11)-(2 35 5)-(1 26 2)-(15 49 21)-(7 15 8)-(5 5 30)]
0.7134, 0.5528388580322265, [(5 27 19)-(9 10 26)-(12 2 28)-(1 47 11)-(14 7 26)-(11 47 11)]
0.714, 0.5525284515380859, [(15 22 13)-(5 18 17)-(12 37 13)-(3 36 0)-(6 24 19)-(1 22 2)]
0.714, 0.552290023803711, [(12 20 29)-(6 22 21)-(4 46 25)-(7 8 13)-(15 18 30)-(12 17 7)]
0.714, 0.5525317276000976, [(0 45 11)-(8 29 5)-(10 42 21)-(14 44 25)-(3 56 15)-(5 56 27)]
0.1125, 0.0, [(11 28 26)-(3 49 23)-(13 50 13)-(8 21 30)-(5 59 22)-(4 58 22)]
0.714, 0.5525332275390625, [(3 46 20)-(13 59 29)-(2 43 30)-(10 30 0)-(10 6 29)-(9 18 13)]
0.714, 0.5526975982666016, [(7 19 22)-(11 62 30)-(9 19 26)-(1 40 15)-(14 38 4)-(3 14 13)]
0.714, 0.5525275238037108, [(1 42 25)-(15 3 10)-(7 5 10)-(4 11 11)-(2 7 16)-(0 27 1)]
0.714, 0.5525315673828125, [(14 61 3)-(13 4 29)-(6 26 27)-(2 25 9)-(6 35 21)-(13 26 17)]
0.7014, 0.5439374877929688, [(8 34 27)-(5 14 25)-(2 54 25)-(14 48 27)-(8 17 23)-(12 37 25)]
0.714, 0.5525327392578125, [(4 43 13)-(3 30 14)-(11 59 14)-(15 41 27)-(6 23 13)-(10 5 17)]
0.7137, 0.5521442138671875, [(10 16 22)-(14 35 24)-(7 46 19)-(14 44 3)-(1 56 22)-(13 39 30)]
0.6998, 0.5527353057861328, [(14 39 5)-(8 28 24)-(12 50 21)-(8 51 13)-(4 24 4)-(13 39 6)]
0.714, 0.552531704711914, [(8 61 8)-(11 23 10)-(8 35 23)-(11 11 4)-(11 27 27)-(10 60 0)]
0.714, 0.5525317199707032, [(5 26 8)-(13 50 15)-(7 58 13)-(4 62 27)-(12 42 21)-(8 45 20)]
0.714, 0.5525318267822266, [(0 40 0)-(14 31 4)-(14 43 24)-(1 22 0)-(4 14 11)-(4 62 1)]
0.1194, 0.0, [(10 12 1)-(14 62 15)-(15 24 23)-(1 11 12)-(1 53 30)-(1 16 30)]
0.7104, 0.5607362823486328, [(8 31 12)-(6 27 14)-(6 38 16)-(2 53 6)-(5 61 0)-(5 0 21)]
0.2396, 0.9149612670898437, [(6 60 21)-(4 33 5)-(3 9 30)-(10 19 7)-(4 58 19)-(10 49 6)]
0.714, 0.5525319702148437, [(2 31 30)-(9 7 10)-(10 38 26)-(6 29 15)-(11 9 17)-(7 31 21)]
0.714, 0.5525357482910156, [(15 34 31)-(9 26 17)-(9 17 16)-(9 0 3)-(2 33 17)-(15 33 14)]
0.714, 0.5525317443847656, [(12 53 10)-(2 41 31)-(1 11 26)-(9 23 4)-(10 42 20)-(12 37 11)]
0.714, 0.5525317291259766, [(1 42 2)-(12 48 18)-(7 59 25)-(14 54 1)-(10 39 23)-(11 4 0)]
0.714, 0.5525337066650391, [(1 51 12)-(4 14 6)-(2 35 15)-(15 28 20)-(10 4 17)-(1 3 8)]
0.7141, 0.5524971862792969, [(13 38 15)-(11 56 7)-(14 46 4)-(2 29 21)-(1 63 12)-(6 58 20)]
0.7102999999999999, 0.5497854156494141, [(6 3 23)-(13 49 17)-(9 25 25)-(12 22 0)-(6 54 1)-(11 13 17)]
0.7137, 0.5525196411132813, [(3 15 19)-(11 30 8)-(0 33 26)-(4 54 22)-(10 33 11)-(15 9 2)]
0.714, 0.5525385467529297, [(2 32 27)-(14 58 26)-(7 26 4)-(0 0 11)-(6 39 28)-(1 63 2)]
0.7139, 0.5525352447509766, [(13 4 26)-(10 7 19)-(4 14 6)-(5 56 24)-(4 62 16)-(8 7 10)]
0.714, 0.5525317321777343, [(14 15 25)-(5 47 25)-(11 56 20)-(8 17 29)-(15 63 3)-(7 19 9)]
0.7133, 0.5519959991455079, [(8 3 20)-(6 25 22)-(10 3 9)-(0 16 29)-(8 40 30)-(6 60 2)]
0.714, 0.5525341827392578, [(6 8 2)-(4 5 17)-(6 60 9)-(13 28 13)-(1 5 2)-(5 46 4)]
0.714, 0.5525317169189453, [(11 14 3)-(10 48 28)-(2 2 0)-(10 48 16)-(2 53 16)-(9 31 4)]
0.7115, 0.5537737731933594, [(8 61 6)-(6 15 24)-(6 42 27)-(4 63 22)-(3 40 16)-(6 7 22)]
0.714, 0.5525260833740234, [(15 17 20)-(5 10 20)-(11 1 9)-(14 16 12)-(12 17 28)-(1 50 4)]
0.7139, 0.5525430084228515, [(9 62 13)-(6 17 16)-(9 58 8)-(9 28 17)-(15 50 28)-(15 2 0)]
0.714, 0.5525316345214843, [(11 57 18)-(4 18 12)-(14 23 20)-(15 18 26)-(2 12 9)-(10 25 27)]
0.714, 0.5525313842773437, [(9 4 8)-(8 31 24)-(14 27 31)-(9 50 2)-(1 6 5)-(4 25 14)]
0.7139, 0.5525299652099609, [(3 22 17)-(15 61 31)-(10 31 22)-(8 58 26)-(0 7 1)-(8 57 15)]
0.714, 0.5525317657470703, [(9 27 4)-(3 47 12)-(10 5 28)-(14 38 12)-(12 8 10)-(9 20 28)]
0.714, 0.5525405120849609, [(5 41 27)-(15 41 6)-(6 17 16)-(0 50 3)-(0 37 7)-(6 62 16)]
0.7132, 0.5513998016357422, [(4 43 17)-(2 52 4)-(5 44 10)-(15 33 12)-(8 8 10)-(9 17 24)]
0.714, 0.552531704711914, [(5 20 29)-(4 48 3)-(12 55 30)-(13 57 1)-(12 1 10)-(6 42 18)]
0.7142999999999999, 0.554356396484375, [(15 18 3)-(9 25 26)-(1 8 1)-(11 16 28)-(2 21 21)-(8 43 9)]
0.714, 0.5525317321777343, [(13 58 30)-(15 45 14)-(1 39 22)-(15 51 14)-(14 18 19)-(6 18 2)]
0.714, 0.5525330688476562, [(15 13 9)-(14 24 31)-(6 8 3)-(10 48 30)-(7 18 13)-(6 60 5)]
0.7149000000000001, 0.5536017120361327, [(13 0 19)-(8 48 24)-(0 26 1)-(1 23 13)-(7 46 25)-(10 38 30)]
0.714, 0.55253251953125, [(4 1 15)-(0 13 27)-(13 4 24)-(9 40 26)-(5 37 26)-(5 46 0)]
0.714, 0.5525317260742187, [(2 47 30)-(7 46 30)-(0 63 21)-(6 5 28)-(15 40 30)-(4 4 4)]
0.7138, 0.5524656585693359, [(3 12 0)-(5 1 4)-(12 25 3)-(0 51 16)-(14 38 26)-(10 24 24)]
0.7131000000000001, 0.5534956588745117, [(15 41 21)-(4 0 18)-(9 26 21)-(13 19 1)-(6 59 6)-(5 34 27)]
0.714, 0.5525348510742187, [(2 56 6)-(14 36 1)-(10 18 11)-(9 57 5)-(7 36 28)-(1 0 9)]
0.714, 0.5525318145751953, [(3 13 16)-(11 33 0)-(3 47 6)-(13 51 13)-(13 37 28)-(13 60 2)]
0.0969, 0.24990839233398437, [(11 33 27)-(2 12 16)-(1 7 30)-(1 52 9)-(2 22 2)-(11 40 30)]
0.714, 0.5525317016601563, [(6 57 31)-(3 20 8)-(10 20 0)-(2 58 24)-(1 28 0)-(6 32 30)]
0.7138, 0.5526020751953125, [(15 59 17)-(0 8 12)-(8 19 13)-(12 58 11)-(8 17 18)-(14 8 24)]
0.714, 0.5525307006835938, [(12 7 29)-(13 12 1)-(8 40 22)-(4 25 15)-(12 47 22)-(13 33 23)]
0.7139, 0.5525478668212891, [(7 50 25)-(10 35 29)-(3 30 13)-(15 20 12)-(3 60 6)-(0 23 17)]
0.714, 0.5525317230224609, [(0 52 26)-(10 42 29)-(2 61 1)-(8 32 21)-(0 9 26)-(14 58 14)]
0.714, 0.5525346252441405, [(15 7 13)-(0 54 30)-(5 35 11)-(11 4 28)-(15 50 20)-(1 20 16)]
0.7129000000000001, 0.552252749633789, [(4 32 25)-(1 19 10)-(9 48 3)-(6 51 25)-(8 22 31)-(15 26 31)]
0.1263, 0.0, [(10 4 6)-(14 57 21)-(0 33 29)-(8 63 11)-(7 7 10)-(7 11 30)]
0.7138, 0.5524207641601562, [(0 2 6)-(14 26 27)-(14 15 9)-(2 48 8)-(1 18 4)-(5 21 20)]
0.7025, 0.5457198104858398, [(11 53 3)-(4 63 15)-(15 1 23)-(12 42 29)-(11 15 7)-(6 43 26)]
0.7138, 0.5523907287597656, [(12 25 21)-(8 38 19)-(13 0 11)-(9 17 12)-(5 38 14)-(4 40 19)]
0.7128, 0.5542678680419921, [(7 17 22)-(3 31 9)-(9 51 25)-(5 54 20)-(7 16 24)-(12 61 13)]
0.714, 0.55253173828125, [(15 46 1)-(6 17 5)-(7 3 3)-(14 0 0)-(13 24 23)-(0 37 7)]
0.714, 0.5525275268554688, [(6 11 16)-(8 32 11)-(10 7 15)-(12 14 18)-(5 57 31)-(1 63 12)]
0.7132000000000001, 0.5505923767089844, [(6 16 24)-(8 8 13)-(7 27 14)-(2 13 22)-(9 37 28)-(14 32 17)]
0.7095, 0.5485630096435548, [(10 49 29)-(4 44 11)-(12 55 0)-(5 19 8)-(8 9 31)-(4 25 14)]
0.714, 0.5525317230224609, [(13 4 4)-(10 42 0)-(6 33 31)-(0 59 25)-(13 36 27)-(2 32 17)]
0.7031000000000001, 0.5653824859619141, [(14 46 26)-(0 51 9)-(9 38 27)-(14 6 29)-(12 28 4)-(13 0 23)]
0.7086, 0.5422024230957032, [(8 1 27)-(8 58 13)-(4 25 3)-(14 49 18)-(10 24 29)-(6 1 26)]
0.714, 0.5525317321777343, [(4 63 28)-(2 33 14)-(7 48 11)-(15 44 19)-(14 37 31)-(14 37 15)]
0.7118, 0.5539072204589843, [(9 28 23)-(8 49 23)-(9 35 22)-(1 10 25)-(7 49 6)-(3 22 7)]
0.7135, 0.5524337539672852, [(10 52 16)-(4 14 19)-(3 2 7)-(8 3 21)-(5 57 19)-(10 12 0)]
0.7103999999999999, 0.551965574645996, [(3 11 0)-(11 8 18)-(7 12 15)-(8 49 3)-(12 42 15)-(9 6 25)]
0.714, 0.55253173828125, [(2 58 29)-(2 24 7)-(3 53 0)-(5 57 5)-(9 18 10)-(9 40 30)]
0.7110000000000001, 0.5509879638671875, [(5 28 10)-(11 50 20)-(12 6 24)-(3 21 23)-(4 43 0)-(3 47 9)]
0.7139, 0.5526282897949218, [(5 57 14)-(0 1 0)-(11 26 12)-(4 26 18)-(8 55 7)-(15 19 28)]
0.714, 0.5544509399414063, [(2 62 11)-(5 22 26)-(6 14 23)-(13 43 17)-(4 62 23)-(4 57 19)]
0.714, 0.5525317291259766, [(6 45 27)-(0 48 26)-(15 14 8)-(12 43 24)-(2 35 3)-(9 56 23)]
0.714, 0.5525321228027344, [(7 47 24)-(0 22 15)-(3 56 18)-(1 58 9)-(3 26 27)-(2 13 12)]
0.7109, 0.5472329376220703, [(13 30 25)-(12 51 23)-(10 36 26)-(3 58 16)-(9 5 31)-(3 10 10)]
0.714, 0.5525317230224609, [(3 25 4)-(11 60 14)-(10 39 26)-(12 19 4)-(3 58 14)-(2 13 6)]
0.714, 0.5525317321777343, [(7 36 27)-(9 39 3)-(10 53 20)-(11 60 22)-(1 49 11)-(9 45 8)]
0.714, 0.5525317230224609, [(15 22 30)-(7 42 8)-(0 39 3)-(13 15 6)-(9 56 18)-(4 1 4)]
0.714, 0.5525173553466797, [(10 52 26)-(6 7 21)-(8 16 11)-(0 33 28)-(6 15 7)-(6 44 31)]
0.714, 0.5525317230224609, [(14 54 0)-(13 21 29)-(14 50 28)-(15 16 20)-(4 28 27)-(11 32 13)]
0.7142, 0.5525050750732422, [(5 23 6)-(0 8 8)-(11 24 23)-(6 56 4)-(10 43 7)-(8 46 27)]
0.7134, 0.5518805450439453, [(14 58 30)-(0 4 3)-(6 23 21)-(0 61 8)-(5 3 31)-(7 59 18)]
0.7136, 0.5524671142578126, [(14 3 21)-(3 63 27)-(10 25 20)-(8 40 7)-(11 21 12)-(9 34 5)]
0.714, 0.5525331817626953, [(3 60 8)-(15 28 28)-(5 25 12)-(5 20 29)-(11 21 27)-(12 21 14)]
0.7131000000000001, 0.5526405883789063, [(4 41 0)-(10 52 29)-(10 53 24)-(15 10 25)-(8 26 24)-(0 9 11)]
0.7139, 0.5524949615478516, [(4 46 7)-(11 5 0)-(0 62 15)-(1 23 19)-(4 22 1)-(1 44 16)]
0.714, 0.5525317230224609, [(7 50 31)-(0 46 28)-(9 46 27)-(11 49 21)-(8 44 16)-(2 6 0)]
0.714, 0.5525317352294923, [(1 52 8)-(3 61 13)-(13 3 27)-(13 34 6)-(5 24 2)-(1 49 30)]
0.714, 0.5525859710693359, [(9 50 0)-(10 55 25)-(10 36 5)-(8 39 24)-(2 19 16)-(5 5 0)]
0.714, 0.5525317230224609, [(14 62 0)-(15 53 17)-(15 42 23)-(3 55 1)-(6 49 28)-(6 3 4)]
0.7139, 0.552531396484375, [(9 57 31)-(1 1 29)-(0 42 10)-(15 55 0)-(5 25 19)-(2 49 6)]
0.7131000000000001, 0.5504327301025391, [(13 34 28)-(7 49 29)-(3 54 25)-(6 45 22)-(12 25 24)-(0 14 6)]
0.714, 0.55253173828125, [(15 35 9)-(1 13 1)-(1 29 9)-(13 7 9)-(14 47 20)-(13 37 18)]
0.714, 0.5525065887451173, [(10 41 21)-(2 22 19)-(11 37 1)-(9 47 13)-(10 49 5)-(0 42 21)]
0.7134, 0.5555664489746094, [(3 12 2)-(12 32 23)-(10 11 24)-(14 4 30)-(13 5 6)-(8 41 15)]
0.5837, 0.5267179962158204, [(7 35 17)-(12 8 24)-(5 59 19)-(2 14 2)-(12 58 2)-(5 57 10)]
0.7139, 0.5525333038330078, [(15 49 20)-(9 2 16)-(1 50 15)-(10 58 31)-(1 46 28)-(9 44 6)]
0.7139, 0.5525322967529297, [(8 48 5)-(10 34 13)-(10 35 4)-(2 13 11)-(0 41 22)-(9 25 14)]
0.7134, 0.5527097442626954, [(15 34 1)-(5 13 23)-(3 59 12)-(8 27 28)-(14 43 5)-(3 25 22)]
0.7141, 0.5527070434570313, [(3 25 8)-(9 13 19)-(7 54 20)-(3 43 17)-(15 59 25)-(8 27 1)]
0.714, 0.5525316802978515, [(12 26 2)-(1 35 14)-(15 10 27)-(8 42 12)-(2 7 8)-(6 60 24)]
0.714, 0.5525317138671875, [(11 60 9)-(15 20 3)-(6 11 6)-(11 7 6)-(8 50 5)-(8 31 29)]
0.714, 0.5525317291259766, [(1 30 24)-(12 50 26)-(14 40 27)-(0 60 24)-(11 50 29)-(12 41 19)]
0.7049000000000001, 0.5489782257080078, [(15 54 29)-(10 39 21)-(5 43 18)-(1 13 25)-(10 22 8)-(0 50 10)]
0.7139, 0.5525429901123047, [(9 63 20)-(3 28 11)-(7 49 22)-(0 6 17)-(6 50 17)-(13 4 17)]
0.0964, 0.05, [(2 10 13)-(14 25 3)-(12 9 30)-(5 54 30)-(13 21 28)-(9 44 16)]
0.714, 0.5525317260742187, [(15 28 31)-(13 63 11)-(14 14 21)-(2 38 9)-(7 14 3)-(12 34 23)]
0.714, 0.5525317230224609, [(13 15 26)-(8 2 5)-(9 10 28)-(11 45 8)-(9 51 7)-(13 44 12)]
0.714, 0.5525317291259766, [(9 40 12)-(12 36 29)-(0 48 9)-(14 28 15)-(14 42 16)-(14 38 2)]
0.714, 0.5525317169189453, [(14 30 13)-(4 54 29)-(1 33 8)-(8 35 22)-(9 56 0)-(9 60 11)]
0.714, 0.5525347259521485, [(4 52 4)-(8 34 16)-(7 29 16)-(15 9 5)-(6 25 2)-(5 62 18)]
0.714, 0.5525317291259766, [(1 17 3)-(14 7 15)-(4 19 28)-(10 40 26)-(9 33 3)-(11 21 27)]
0.7141, 0.5524647216796875, [(15 19 10)-(3 40 4)-(3 61 19)-(2 4 19)-(2 40 5)-(14 43 0)]
0.7138, 0.5525526031494141, [(8 34 10)-(15 62 24)-(3 0 15)-(7 32 28)-(2 34 10)-(0 14 10)]
0.714, 0.5525548767089843, [(1 44 18)-(2 55 2)-(4 56 4)-(15 13 24)-(3 36 5)-(0 10 20)]
0.1, 0.0, [(9 44 22)-(10 46 7)-(8 0 30)-(13 35 22)-(6 48 12)-(12 36 22)]
0.714, 0.5525317260742187, [(11 39 6)-(13 8 31)-(0 40 2)-(14 12 26)-(0 54 11)-(1 49 24)]
0.7133, 0.5530119720458984, [(5 36 11)-(11 7 8)-(15 63 27)-(4 45 15)-(9 1 20)-(11 47 4)]
0.714, 0.5525318511962891, [(0 22 11)-(9 31 21)-(8 45 10)-(15 60 7)-(11 16 11)-(4 55 9)]
0.714, 0.5525402008056641, [(14 2 12)-(8 43 6)-(0 43 24)-(11 22 13)-(0 15 14)-(8 23 15)]
0.714, 0.5525312286376953, [(10 58 0)-(14 30 21)-(3 63 23)-(6 48 20)-(2 23 13)-(13 46 9)]
0.714, 0.5525318542480468, [(15 59 28)-(10 43 9)-(7 32 19)-(14 24 13)-(12 17 27)-(0 18 13)]
0.714, 0.5525069702148437, [(6 30 8)-(2 4 18)-(4 11 10)-(11 29 0)-(10 15 29)-(9 45 10)]
0.7141, 0.5525201965332032, [(10 52 18)-(2 48 31)-(8 36 8)-(4 3 20)-(5 43 17)-(14 28 25)]
0.7138, 0.5525434478759765, [(10 31 7)-(11 57 27)-(10 45 3)-(11 19 1)-(7 11 16)-(5 20 17)]
0.6996, 0.5521150238037109, [(13 29 27)-(13 34 2)-(14 1 25)-(13 22 27)-(15 32 28)-(12 41 11)]
0.7130000000000001, 0.5519614715576172, [(2 4 22)-(11 43 18)-(3 5 28)-(3 49 0)-(10 28 23)-(14 54 6)]
0.1642, 0.0, [(3 11 30)-(7 59 24)-(6 25 30)-(14 13 26)-(7 47 4)-(4 43 9)]
0.714, 0.5525317291259766, [(12 24 2)-(13 51 28)-(2 41 25)-(8 55 1)-(2 53 1)-(2 57 7)]
0.714, 0.5525332824707031, [(12 55 1)-(10 58 25)-(5 17 15)-(0 57 21)-(15 31 10)-(4 33 17)]
0.714, 0.5525317504882812, [(8 63 4)-(8 2 27)-(0 60 14)-(7 35 5)-(9 48 14)-(10 12 11)]
0.714, 0.5525317169189452, [(5 42 17)-(4 8 9)-(3 48 8)-(15 0 29)-(11 50 23)-(13 36 23)]
0.714, 0.5525317321777343, [(11 60 4)-(10 49 16)-(15 17 30)-(6 26 28)-(9 38 13)-(14 24 6)]
0.714, 0.5525306335449218, [(5 53 31)-(10 56 14)-(15 15 23)-(12 7 0)-(5 12 15)-(9 45 3)]
0.714, 0.5523470642089844, [(10 16 23)-(4 17 19)-(2 29 15)-(10 33 8)-(13 58 30)-(7 62 20)]
0.714, 0.5525317321777343, [(1 53 16)-(14 35 19)-(9 9 29)-(15 20 17)-(13 50 13)-(10 57 23)]
0.7122999999999999, 0.5507472625732421, [(10 41 30)-(15 46 8)-(2 26 4)-(8 6 0)-(11 9 29)-(8 13 31)]
0.714, 0.5525316497802735, [(5 32 12)-(10 11 13)-(11 51 26)-(1 43 19)-(13 31 24)-(4 1 10)]
0.7139, 0.5523322113037109, [(2 39 7)-(14 31 28)-(1 18 22)-(13 44 31)-(9 32 25)-(8 25 7)]
0.714, 0.5525317169189452, [(15 48 16)-(2 45 13)-(4 56 27)-(14 47 25)-(13 56 16)-(4 54 0)]
0.5017, 0.5104042221069336, [(14 56 8)-(11 8 5)-(12 36 24)-(14 56 27)-(8 36 12)-(12 3 25)]
0.7134, 0.5528380828857422, [(1 47 18)-(14 28 24)-(7 54 9)-(2 29 16)-(12 48 11)-(5 27 19)]
0.08510000000000001, 0.0, [(5 16 14)-(15 3 4)-(3 54 7)-(15 40 4)-(8 17 30)-(1 32 29)]
0.10869999999999999, 0.0, [(15 7 30)-(9 26 30)-(8 37 26)-(3 50 21)-(11 8 21)-(11 53 5)]
0.714, 0.552530923461914, [(10 31 15)-(11 30 7)-(7 36 20)-(15 23 13)-(10 62 13)-(5 21 14)]
0.7132000000000001, 0.5526256378173828, [(13 17 3)-(5 22 23)-(4 33 23)-(13 45 10)-(15 50 22)-(10 30 31)]
0.6787000000000001, 0.5558259979248046, [(3 1 26)-(7 62 8)-(5 11 18)-(8 44 25)-(13 4 19)-(2 33 16)]
0.714, 0.5525317199707032, [(8 40 5)-(11 57 3)-(4 47 18)-(11 56 9)-(10 59 27)-(7 47 6)]
0.714, 0.5525318634033203, [(5 35 0)-(6 60 29)-(8 14 0)-(12 7 10)-(12 29 3)-(12 40 6)]
0.7007, 0.5455225662231445, [(3 56 17)-(10 48 23)-(0 10 23)-(11 23 15)-(13 41 6)-(8 25 31)]
0.7112, 0.5525046569824219, [(12 18 24)-(15 58 24)-(12 35 20)-(9 8 3)-(12 48 30)-(3 43 1)]
0.714, 0.5525284881591797, [(11 62 24)-(0 54 30)-(6 31 7)-(4 39 1)-(9 10 17)-(14 7 21)]
0.6771, 0.5308591567993164, [(12 44 4)-(4 27 2)-(6 38 13)-(1 28 24)-(3 54 11)-(0 46 22)]
0.714, 0.5525317230224609, [(7 60 15)-(15 6 9)-(1 37 31)-(13 37 18)-(3 16 29)-(13 42 8)]
0.7126, 0.5542016693115235, [(6 21 10)-(8 18 22)-(2 32 6)-(14 48 26)-(13 6 4)-(0 10 15)]
0.7139, 0.552690576171875, [(12 40 17)-(9 26 19)-(10 49 27)-(1 0 15)-(2 33 23)-(5 60 17)]
0.714, 0.5525317291259766, [(6 11 5)-(2 17 3)-(8 54 3)-(7 47 26)-(15 36 4)-(12 48 21)]
0.714, 0.5525636474609374, [(7 28 31)-(6 41 2)-(8 29 29)-(8 38 13)-(5 12 11)-(14 50 22)]
0.714, 0.5525317291259766, [(12 53 22)-(4 38 24)-(9 40 4)-(5 40 6)-(9 12 12)-(12 58 5)]
0.0998, 0.0, [(8 18 29)-(9 43 17)-(1 12 30)-(13 52 31)-(9 23 22)-(14 37 16)]
0.714, 0.5525316070556641, [(4 59 31)-(11 2 29)-(14 62 4)-(5 33 2)-(2 48 26)-(1 23 12)]
0.714, 0.5525317169189453, [(9 26 3)-(1 59 5)-(12 39 19)-(15 41 1)-(0 50 19)-(6 48 11)]
0.714, 0.5525304779052734, [(7 44 27)-(12 5 14)-(11 57 20)-(2 39 26)-(14 7 6)-(13 26 19)]
0.714, 0.5525306304931641, [(0 1 13)-(3 55 3)-(2 35 31)-(15 6 28)-(13 39 1)-(2 47 14)]
0.0881, 0.0, [(11 21 30)-(1 26 7)-(13 63 31)-(15 8 4)-(9 14 29)-(7 58 2)]
0.1411, 0.0, [(6 32 7)-(3 61 18)-(15 63 31)-(3 24 26)-(14 46 6)-(1 20 30)]
0.7138, 0.5525937744140625, [(0 49 17)-(6 2 1)-(15 7 27)-(9 44 27)-(14 29 23)-(6 3 18)]
0.7139, 0.5525830841064453, [(0 61 10)-(5 18 14)-(11 8 21)-(0 22 5)-(13 45 8)-(15 57 14)]
0.7138, 0.5525390350341797, [(11 12 18)-(13 57 11)-(14 8 16)-(1 32 10)-(4 52 29)-(13 3 19)]
0.7137, 0.5546225280761719, [(5 18 12)-(8 44 25)-(11 11 21)-(2 3 13)-(13 8 0)-(4 2 21)]
0.5767, 0.4934191162109375, [(1 3 31)-(6 15 31)-(11 32 5)-(1 34 8)-(11 42 29)-(4 35 5)]
0.714, 0.5525317260742187, [(4 10 1)-(4 22 27)-(9 57 31)-(4 49 26)-(3 62 24)-(0 2 1)]
0.1091, 0.0, [(2 1 2)-(6 20 28)-(9 50 6)-(11 12 30)-(2 13 14)-(4 22 21)]
0.7139, 0.5529524932861327, [(5 59 0)-(0 9 3)-(4 35 29)-(4 5 23)-(7 47 29)-(10 29 13)]
0.7133, 0.5526814147949218, [(10 49 26)-(0 30 17)-(2 1 17)-(13 9 3)-(12 31 17)-(7 38 24)]
0.7132000000000001, 0.5534323791503906, [(9 46 2)-(1 43 1)-(6 5 8)-(15 40 24)-(6 30 18)-(7 18 23)]
0.714, 0.5525619842529297, [(2 16 17)-(8 44 10)-(4 42 3)-(4 29 2)-(14 54 22)-(3 63 22)]
0.714, 0.5525352142333984, [(15 38 26)-(13 62 30)-(14 48 13)-(11 16 16)-(14 34 27)-(14 39 28)]
0.714, 0.5525317291259766, [(1 56 25)-(5 63 6)-(0 6 4)-(0 31 6)-(13 28 30)-(7 41 5)]
0.7074, 0.5532150939941407, [(5 27 25)-(0 21 3)-(0 12 8)-(13 8 0)-(13 51 12)-(12 55 14)]
0.6909, 0.519342399597168, [(5 17 12)-(9 63 19)-(11 33 23)-(14 31 4)-(11 20 23)-(13 2 31)]
0.7137, 0.5526102447509766, [(8 37 18)-(4 37 12)-(0 26 29)-(9 0 15)-(3 34 30)-(0 2 8)]
0.714, 0.5525317199707032, [(1 50 14)-(1 47 22)-(11 22 29)-(7 35 15)-(11 59 28)-(6 52 29)]
0.714, 0.5525317260742187, [(8 55 1)-(14 19 18)-(0 23 26)-(1 47 16)-(1 3 26)-(8 43 5)]
0.714, 0.55253173828125, [(4 62 23)-(5 38 18)-(0 16 27)-(6 28 27)-(13 34 3)-(13 57 7)]
0.714, 0.5525377624511719, [(7 30 10)-(2 51 17)-(9 51 3)-(4 22 0)-(11 11 17)-(4 46 19)]
0.7136, 0.5527806213378906, [(10 14 21)-(1 50 9)-(6 61 3)-(15 37 0)-(12 34 27)-(8 13 16)]
0.7132000000000001, 0.5521945861816406, [(14 57 8)-(7 36 23)-(7 35 6)-(8 33 0)-(6 11 20)-(7 22 31)]
0.714, 0.5525317230224609, [(15 23 23)-(9 46 27)-(6 59 14)-(7 42 16)-(0 38 17)-(8 55 1)]
0.7139, 0.5525488098144531, [(4 55 20)-(1 3 18)-(8 1 15)-(2 56 25)-(6 14 3)-(0 61 20)]
0.7136, 0.5534760284423828, [(2 6 9)-(3 3 10)-(7 59 21)-(5 0 18)-(13 1 12)-(9 61 4)]
0.6412, 0.537047917175293, [(8 29 8)-(14 1 24)-(14 44 25)-(2 25 5)-(1 11 12)-(12 8 22)]
0.0999, 0.0, [(1 3 30)-(3 60 28)-(1 12 8)-(13 46 17)-(9 22 26)-(15 24 11)]
0.714, 0.5525316040039062, [(6 53 9)-(10 10 5)-(6 54 23)-(8 22 12)-(3 29 1)-(10 33 9)]
0.714, 0.5525317199707032, [(13 50 19)-(1 31 0)-(8 48 1)-(1 49 11)-(11 1 0)-(13 19 8)]
0.7136, 0.5525968780517578, [(2 14 1)-(11 29 21)-(14 35 22)-(3 31 19)-(6 3 13)-(1 53 30)]
0.7138, 0.5530215240478515, [(5 0 16)-(6 47 21)-(12 2 20)-(0 41 25)-(0 35 27)-(13 22 13)]
0.714, 0.5525317413330078, [(14 57 6)-(13 30 17)-(10 3 6)-(9 48 8)-(8 32 3)-(14 34 24)]
0.714, 0.5525317169189452, [(1 50 21)-(14 6 6)-(7 31 20)-(2 35 31)-(6 46 3)-(7 19 4)]
0.7131000000000001, 0.5529527893066406, [(1 5 3)-(0 47 1)-(3 50 8)-(12 22 26)-(15 47 26)-(15 41 5)]
0.714, 0.5525317199707032, [(15 1 5)-(14 36 6)-(7 63 21)-(0 16 27)-(0 54 20)-(5 52 25)]
0.6994, 0.5410105346679688, [(2 42 10)-(11 50 18)-(4 10 19)-(13 60 6)-(3 15 25)-(8 37 3)]
0.714, 0.5525317260742187, [(4 50 6)-(11 4 28)-(14 36 24)-(8 30 26)-(10 57 13)-(5 63 16)]
0.7052, 0.5496077972412109, [(14 15 17)-(5 7 21)-(6 7 10)-(3 20 24)-(7 61 7)-(13 23 2)]
0.13069999999999998, 0.9557550750732422, [(14 18 11)-(14 61 0)-(14 45 19)-(1 13 30)-(7 44 21)-(9 58 24)]
0.7133, 0.5529248962402343, [(13 45 18)-(11 53 18)-(13 19 1)-(3 54 26)-(0 56 23)-(10 25 31)]
0.7119, 0.5477807739257812, [(0 50 4)-(12 48 8)-(2 7 24)-(11 33 10)-(10 43 25)-(1 3 20)]
0.1, 0.0, [(4 21 6)-(10 32 5)-(7 20 23)-(0 32 20)-(2 0 30)-(6 38 20)]
0.7109000000000001, 0.5541796234130859, [(7 55 17)-(0 46 17)-(6 5 2)-(7 14 25)-(2 38 30)-(0 35 22)]
0.714, 0.55253173828125, [(3 38 11)-(8 40 24)-(1 25 27)-(4 33 1)-(5 30 21)-(13 30 4)]
0.7086, 0.5495244750976562, [(12 36 13)-(5 51 21)-(0 28 19)-(10 7 14)-(3 51 26)-(10 19 31)]
0.714, 0.5525317230224609, [(4 28 6)-(12 59 6)-(2 5 26)-(5 35 13)-(10 42 10)-(9 34 24)]
0.14639999999999997, 0.965025146484375, [(2 55 21)-(14 27 19)-(11 5 26)-(3 14 30)-(15 49 31)-(10 30 27)]
0.7139, 0.5525237060546875, [(8 12 20)-(1 57 1)-(5 51 19)-(9 25 2)-(13 2 12)-(9 28 17)]
0.7124, 0.5606350128173828, [(12 46 28)-(0 0 21)-(6 30 21)-(10 58 18)-(9 13 13)-(14 63 7)]
0.7136, 0.5525653656005859, [(12 39 28)-(1 61 14)-(10 54 7)-(1 40 12)-(13 4 21)-(8 8 20)]
0.6669, 0.531125161743164, [(5 24 21)-(7 32 30)-(2 51 27)-(13 21 25)-(0 21 25)-(8 58 1)]
0.7135, 0.5530088806152345, [(15 32 4)-(0 54 16)-(3 43 6)-(8 27 23)-(13 12 16)-(6 0 27)]
0.7139, 0.5525398681640625, [(7 63 21)-(0 29 20)-(2 2 14)-(2 5 9)-(2 57 26)-(13 9 13)]
0.714, 0.5525577087402345, [(4 11 3)-(3 32 22)-(6 6 18)-(9 39 10)-(13 63 22)-(15 9 29)]
0.7121, 0.5541286590576171, [(1 42 4)-(3 44 1)-(11 41 19)-(10 10 26)-(12 13 19)-(13 17 24)]
0.6442, 0.5052774597167968, [(6 55 25)-(11 47 11)-(10 0 31)-(11 60 3)-(1 13 15)-(0 34 11)]
0.714, 0.5525318145751953, [(14 21 9)-(6 10 12)-(10 15 27)-(10 6 12)-(7 33 31)-(2 43 7)]
0.714, 0.5525340759277344, [(6 31 1)-(6 23 16)-(6 53 31)-(1 61 13)-(9 52 23)-(0 62 30)]
0.7139, 0.5525333129882812, [(13 59 10)-(1 37 10)-(15 25 6)-(13 25 24)-(1 13 8)-(6 28 19)]
0.714, 0.5525322540283203, [(4 4 4)-(2 50 26)-(3 53 23)-(4 5 12)-(7 22 8)-(9 14 17)]
0.714, 0.5525317413330078, [(0 34 19)-(9 41 28)-(11 44 0)-(0 2 9)-(5 48 0)-(14 30 1)]
0.714, 0.5525316253662109, [(14 32 9)-(10 45 26)-(8 16 10)-(8 34 19)-(8 53 27)-(6 10 2)]
0.7095, 0.5522716522216797, [(1 25 25)-(13 47 18)-(5 30 13)-(4 55 1)-(11 9 2)-(9 2 26)]
0.7126, 0.5519473159790039, [(13 40 1)-(13 17 14)-(9 45 30)-(6 15 28)-(4 23 9)-(3 14 31)]
0.6971, 0.552473306274414, [(11 44 11)-(4 44 22)-(11 43 13)-(3 10 11)-(8 23 24)-(5 34 20)]
0.677, 0.59501328125, [(7 61 11)-(10 35 15)-(2 27 28)-(13 47 4)-(12 37 27)-(7 0 23)]
0.714, 0.5525322143554687, [(15 42 27)-(9 56 11)-(11 7 15)-(0 47 23)-(15 29 0)-(11 21 2)]
0.1281, 0.0, [(11 20 30)-(13 46 13)-(7 29 3)-(15 62 27)-(11 10 12)-(9 22 25)]
0.714, 0.5525317321777343, [(7 7 4)-(10 50 26)-(7 62 18)-(7 8 7)-(15 50 21)-(13 9 21)]
0.7122999999999999, 0.5538954284667968, [(5 30 16)-(12 22 6)-(11 60 19)-(1 28 3)-(2 15 23)-(9 10 26)]
0.6498999999999999, 0.584416455078125, [(15 13 22)-(15 8 29)-(4 43 8)-(9 43 6)-(2 0 23)-(3 55 27)]
0.7111000000000001, 0.5490747436523438, [(3 54 7)-(3 46 27)-(6 52 9)-(15 14 15)-(7 9 24)-(7 21 29)]
0.6608, 0.5871716125488281, [(12 32 11)-(2 21 10)-(1 0 23)-(14 58 6)-(4 61 30)-(8 58 12)]
0.7138, 0.5525461456298828, [(14 31 17)-(14 0 14)-(1 18 9)-(12 54 18)-(3 21 18)-(5 49 18)]
0.7144999999999999, 0.5527561279296875, [(1 42 9)-(7 48 9)-(5 39 16)-(2 29 5)-(4 23 21)-(14 59 19)]
0.4774, 0.5315149505615234, [(1 51 31)-(0 32 7)-(10 3 25)-(11 3 28)-(2 61 22)-(13 34 21)]
0.7138, 0.5525588165283204, [(12 55 12)-(4 2 15)-(12 41 29)-(10 19 29)-(14 17 14)-(15 62 31)]
0.7137, 0.5526765899658204, [(4 3 14)-(0 30 31)-(5 24 29)-(6 37 15)-(10 18 22)-(3 54 10)]
0.6766, 0.5503934326171875, [(12 42 0)-(11 7 9)-(1 52 12)-(11 17 24)-(14 23 5)-(3 27 25)]
0.714, 0.5525381988525391, [(0 42 14)-(8 17 16)-(15 27 19)-(6 21 14)-(2 20 6)-(0 49 30)]
0.714, 0.5525317260742187, [(13 11 16)-(13 41 28)-(9 35 3)-(13 20 26)-(13 16 26)-(13 55 19)]
0.5606, 0.5327999313354492, [(13 59 10)-(6 56 0)-(3 10 4)-(7 45 28)-(2 11 17)-(10 11 25)]
0.714, 0.552531704711914, [(2 8 26)-(2 4 8)-(4 54 7)-(9 59 13)-(8 43 12)-(8 51 29)]
0.7126, 0.554004656982422, [(14 15 29)-(12 0 21)-(15 61 16)-(14 9 5)-(10 6 16)-(6 50 24)]
0.7135, 0.5526198852539063, [(3 7 12)-(10 39 14)-(1 49 6)-(12 13 22)-(5 51 15)-(11 8 2)]
0.714, 0.5525317321777343, [(1 22 7)-(15 8 17)-(13 19 10)-(14 51 4)-(3 58 0)-(6 56 2)]
0.714, 0.5525316925048829, [(1 51 14)-(14 40 30)-(13 62 26)-(1 32 30)-(8 58 20)-(8 29 9)]
0.714, 0.55254638671875, [(5 6 6)-(2 32 27)-(10 26 18)-(7 49 30)-(14 45 1)-(2 48 1)]
0.714, 0.5525321014404296, [(5 57 30)-(15 48 14)-(7 29 12)-(14 50 14)-(3 52 18)-(13 4 19)]
0.714, 0.5525317169189453, [(7 54 1)-(2 35 22)-(13 60 3)-(2 63 9)-(8 47 5)-(11 56 28)]
0.7135, 0.5539463562011719, [(6 19 22)-(12 49 18)-(10 31 9)-(10 36 27)-(6 51 14)-(8 32 5)]
0.7131000000000001, 0.552589453125, [(0 38 18)-(13 26 24)-(11 26 18)-(2 14 7)-(9 39 6)-(11 21 12)]
0.714, 0.552190365600586, [(8 41 6)-(9 40 9)-(15 20 25)-(15 7 30)-(6 18 22)-(9 34 7)]
0.714, 0.5525317474365234, [(10 20 11)-(4 41 15)-(2 45 24)-(11 19 10)-(6 23 4)-(14 32 13)]
0.714, 0.5525304290771484, [(6 33 29)-(11 17 28)-(4 58 6)-(4 9 15)-(11 24 8)-(0 60 24)]
0.4981, 0.6576597747802735, [(11 7 6)-(5 1 5)-(13 24 27)-(12 29 22)-(4 63 21)-(0 0 24)]
0.714, 0.5525500701904297, [(15 59 16)-(15 38 30)-(10 0 13)-(7 39 24)-(0 52 11)-(6 0 8)]
0.714, 0.5525317169189452, [(3 63 25)-(5 19 26)-(3 37 15)-(9 41 12)-(1 51 27)-(13 61 27)]
0.714, 0.5525333282470704, [(5 57 2)-(8 10 3)-(10 4 17)-(9 13 6)-(3 59 21)-(5 13 15)]
0.714, 0.5525317291259766, [(4 16 4)-(14 63 16)-(5 45 6)-(12 18 4)-(4 43 8)-(15 49 29)]
0.7133, 0.5518350189208985, [(5 36 11)-(11 50 16)-(15 42 17)-(10 10 23)-(10 12 26)-(3 39 17)]
0.7121, 0.5532337463378907, [(11 54 19)-(4 25 15)-(14 49 6)-(12 4 22)-(14 37 16)-(7 41 12)]
