0.7141, 0.5525210632324219, [(6 6 18)-(2 29 21)-(8 48 0)-(6 34 22)-(6 18 18)-(10 14 13)-(10 16 11)]
0.6351, 0.48821402740478514, [(4 51 10)-(8 16 27)-(2 44 2)-(10 27 29)-(3 36 0)-(11 27 24)-(2 12 30)]
0.714, 0.5525320281982422, [(7 5 11)-(7 47 11)-(6 29 3)-(4 44 20)-(11 46 17)-(7 46 26)-(9 59 31)]
0.5246999999999999, 0.5304177780151367, [(0 52 4)-(12 0 24)-(13 49 30)-(3 19 5)-(9 24 7)-(10 42 25)-(5 61 4)]
0.714, 0.5525317352294923, [(5 36 30)-(4 31 19)-(15 7 2)-(9 29 5)-(6 33 17)-(8 56 9)-(0 16 29)]
0.714, 0.5523928192138672, [(2 29 22)-(1 58 6)-(14 17 5)-(12 23 18)-(14 53 12)-(1 54 13)-(4 28 9)]
0.7134, 0.5524976623535156, [(11 57 30)-(2 34 29)-(4 53 16)-(10 49 30)-(12 24 2)-(1 3 19)-(7 55 18)]
0.714, 0.5525319702148438, [(3 21 17)-(11 59 1)-(12 59 3)-(6 27 3)-(10 6 12)-(4 30 25)-(10 36 26)]
0.714, 0.5525317230224609, [(6 38 2)-(1 35 23)-(7 13 1)-(3 26 2)-(8 47 27)-(8 34 14)-(15 46 3)]
0.692, 0.5539364807128906, [(14 59 0)-(12 2 24)-(7 29 1)-(14 44 1)-(15 6 25)-(14 14 21)-(10 19 29)]
0.7121999999999999, 0.5518661346435547, [(13 11 25)-(5 30 14)-(11 36 6)-(12 43 1)-(3 8 23)-(6 52 26)-(15 28 8)]
0.714, 0.5525317291259766, [(2 40 17)-(10 0 3)-(14 25 24)-(2 31 19)-(15 40 26)-(2 51 5)-(6 59 30)]
0.7132000000000001, 0.5525746215820313, [(9 30 13)-(5 32 26)-(13 10 0)-(8 61 22)-(15 11 11)-(10 21 22)-(1 43 6)]
0.18159999999999998, 0.0, [(12 1 18)-(12 41 19)-(7 38 10)-(5 13 13)-(14 35 2)-(6 10 30)-(13 59 8)]
0.7064, 0.5485350677490235, [(15 19 9)-(4 58 16)-(7 33 31)-(3 8 2)-(10 3 20)-(1 20 31)-(12 16 24)]
0.7135, 0.5525424407958985, [(0 26 5)-(1 33 27)-(3 48 26)-(12 13 19)-(12 44 28)-(9 32 0)-(0 4 4)]
0.714, 0.5525346099853515, [(7 61 21)-(9 4 16)-(11 46 7)-(5 29 18)-(15 30 26)-(12 55 11)-(8 23 0)]
0.7132000000000001, 0.5524486053466797, [(0 36 29)-(3 62 23)-(12 53 15)-(7 24 22)-(14 41 0)-(1 2 1)-(10 2 21)]
0.7130000000000001, 0.5524585662841797, [(15 35 17)-(15 19 22)-(7 31 14)-(5 35 3)-(0 13 23)-(2 41 16)-(9 9 22)]
0.7142999999999999, 0.5526446868896484, [(9 22 6)-(5 20 0)-(2 5 4)-(7 31 12)-(11 4 9)-(4 24 29)-(5 28 22)]
0.7139, 0.5525328277587891, [(2 2 1)-(4 13 24)-(11 5 9)-(3 50 2)-(7 20 27)-(7 39 15)-(14 8 13)]
0.7097, 0.5483829162597657, [(9 29 31)-(12 61 30)-(9 27 24)-(0 40 3)-(7 44 10)-(13 26 22)-(8 30 29)]
0.7130000000000001, 0.5526345733642578, [(13 0 7)-(13 50 27)-(11 12 20)-(3 28 15)-(12 13 14)-(14 29 30)-(2 59 10)]
0.714, 0.5525318786621094, [(14 6 18)-(11 51 25)-(3 29 7)-(14 51 12)-(4 5 13)-(1 28 31)-(14 31 15)]
0.6799, 0.5470913543701172, [(3 13 31)-(8 11 16)-(3 61 11)-(8 14 26)-(14 59 27)-(2 2 13)-(14 49 27)]
0.7138, 0.5531013488769532, [(7 30 27)-(8 61 12)-(0 31 8)-(7 8 5)-(2 52 13)-(3 15 6)-(1 10 24)]
0.7134, 0.5525441436767577, [(0 22 22)-(3 9 13)-(1 60 3)-(9 31 31)-(12 32 25)-(3 39 8)-(12 41 3)]
0.7125, 0.5534627288818359, [(1 9 22)-(5 34 13)-(12 5 2)-(6 31 23)-(10 38 7)-(12 28 17)-(3 42 9)]
0.7135, 0.55408994140625, [(4 53 10)-(12 2 20)-(13 16 10)-(15 2 26)-(0 10 11)-(12 0 20)-(0 62 5)]
0.7139, 0.5532976715087892, [(9 20 23)-(1 32 28)-(9 20 1)-(11 54 12)-(11 60 30)-(13 2 10)-(4 32 15)]
0.7039, 0.5495070190429687, [(4 53 7)-(5 26 23)-(6 11 20)-(9 7 17)-(1 1 12)-(1 2 23)-(7 34 5)]
0.2773, 0.8469130126953125, [(10 20 28)-(11 0 25)-(8 7 31)-(12 57 3)-(2 60 27)-(0 4 1)-(7 50 16)]
0.7137, 0.5524132110595703, [(3 35 0)-(14 47 3)-(2 17 19)-(15 49 31)-(14 18 9)-(1 50 15)-(1 37 10)]
0.7141, 0.552509799194336, [(10 9 18)-(0 48 24)-(14 31 7)-(10 48 11)-(6 1 15)-(6 23 1)-(2 11 6)]
0.6898, 0.5354795455932617, [(5 36 10)-(12 21 17)-(11 62 16)-(9 23 30)-(11 26 5)-(4 32 14)-(4 57 8)]
0.7132000000000001, 0.5473342590332031, [(14 2 18)-(2 11 23)-(11 20 31)-(1 25 9)-(7 30 24)-(9 57 27)-(0 51 8)]
0.7135, 0.5527370941162109, [(11 2 15)-(7 17 19)-(4 22 31)-(1 48 23)-(7 26 13)-(4 16 20)-(7 0 18)]
0.714, 0.5525314392089844, [(1 29 27)-(9 33 27)-(12 6 15)-(7 44 4)-(6 57 5)-(7 31 29)-(1 32 12)]
0.7139, 0.5495981689453124, [(13 41 18)-(6 1 22)-(0 38 19)-(3 33 9)-(7 26 9)-(14 28 5)-(1 46 27)]
0.714, 0.5525316528320312, [(3 52 7)-(12 28 27)-(14 60 23)-(15 55 12)-(7 34 17)-(10 17 10)-(14 26 10)]
0.7025, 0.5457198120117188, [(4 33 21)-(7 32 27)-(9 47 6)-(9 30 18)-(3 58 24)-(14 17 0)-(15 1 23)]
0.5119, 0.5041977874755859, [(11 37 2)-(8 12 19)-(15 33 13)-(10 6 25)-(14 4 11)-(7 52 20)-(10 60 29)]
0.7135, 0.5529899536132812, [(5 11 16)-(15 13 0)-(2 27 19)-(14 30 24)-(11 17 29)-(13 51 17)-(10 57 22)]
0.7133, 0.5522563537597656, [(1 13 31)-(9 58 6)-(9 32 7)-(7 39 13)-(5 30 30)-(8 63 24)-(1 45 4)]
0.714, 0.5525317108154297, [(11 40 29)-(6 57 19)-(12 7 5)-(6 32 22)-(4 23 8)-(15 26 2)-(15 47 31)]
0.714, 0.5525316925048829, [(1 7 10)-(5 47 25)-(15 59 21)-(12 61 25)-(10 27 5)-(12 37 9)-(8 54 29)]
0.7135, 0.5525546295166015, [(9 33 17)-(7 57 13)-(13 15 31)-(8 47 17)-(1 56 30)-(8 25 19)-(15 21 26)]
0.7137, 0.5523953369140625, [(13 13 0)-(7 9 22)-(15 12 2)-(3 56 13)-(2 34 2)-(11 61 25)-(8 25 26)]
0.714, 0.5525317291259766, [(13 10 22)-(6 51 4)-(15 19 11)-(7 36 29)-(7 62 31)-(0 55 20)-(2 41 31)]
0.714, 0.5525317260742187, [(2 40 0)-(1 31 1)-(10 51 9)-(9 30 7)-(2 34 7)-(12 41 31)-(6 55 23)]
0.7133, 0.5530461853027344, [(15 31 1)-(9 56 1)-(1 29 22)-(1 23 22)-(2 37 31)-(7 26 7)-(12 10 10)]
0.714, 0.5525319305419922, [(14 18 27)-(2 22 6)-(13 24 17)-(0 4 16)-(15 39 24)-(4 41 6)-(8 55 28)]
0.714, 0.5525300170898437, [(13 50 11)-(2 23 17)-(5 27 28)-(6 55 9)-(4 3 11)-(0 10 26)-(13 45 8)]
0.714, 0.552531997680664, [(0 33 11)-(11 8 7)-(5 48 0)-(4 53 28)-(6 19 11)-(8 20 8)-(4 46 17)]
0.7107000000000001, 0.5511097534179688, [(6 13 10)-(7 21 31)-(1 2 2)-(4 54 11)-(13 61 2)-(7 50 6)-(8 44 30)]
0.7141, 0.552715542602539, [(13 57 25)-(5 16 17)-(3 40 22)-(9 13 19)-(14 29 7)-(2 23 8)-(7 57 0)]
0.714, 0.55253173828125, [(13 21 26)-(1 17 5)-(3 49 2)-(11 42 27)-(14 58 13)-(11 54 10)-(4 8 7)]
0.714, 0.5525318389892578, [(13 51 30)-(11 22 16)-(2 54 29)-(8 23 4)-(11 36 11)-(6 39 7)-(14 49 15)]
0.7122999999999999, 0.5513854614257813, [(12 36 28)-(8 34 23)-(5 41 22)-(12 55 24)-(12 28 31)-(12 28 29)-(2 3 11)]
0.7142999999999999, 0.552294418334961, [(15 13 29)-(9 4 31)-(1 5 19)-(1 22 17)-(4 58 1)-(0 10 1)-(7 10 24)]
0.7133, 0.5528915985107422, [(12 63 28)-(0 16 9)-(4 51 29)-(8 61 15)-(6 38 11)-(13 43 27)-(8 17 21)]
0.714, 0.5525324401855469, [(11 61 23)-(10 39 15)-(3 23 8)-(13 50 28)-(15 27 6)-(1 17 10)-(6 49 7)]
0.714, 0.5525317260742187, [(10 62 11)-(9 23 1)-(12 43 23)-(10 20 0)-(8 2 27)-(9 49 28)-(15 58 15)]
0.714, 0.552549981689453, [(8 30 17)-(14 40 25)-(9 62 25)-(1 15 5)-(13 49 4)-(3 18 20)-(0 51 0)]
0.7142999999999999, 0.552618603515625, [(7 24 10)-(3 51 15)-(14 35 8)-(12 32 6)-(2 38 30)-(10 4 21)-(10 31 6)]
0.714, 0.5525330596923829, [(0 56 26)-(7 18 13)-(4 58 3)-(3 10 4)-(0 22 11)-(3 53 9)-(13 34 2)]
0.7134, 0.5525598907470703, [(13 6 25)-(6 56 24)-(9 5 0)-(15 58 20)-(1 17 5)-(11 15 21)-(15 48 22)]
0.7143999999999999, 0.5522961883544921, [(9 6 8)-(1 46 29)-(4 59 24)-(1 26 19)-(7 10 24)-(14 42 4)-(5 6 10)]
0.714, 0.5525317199707032, [(13 45 14)-(1 18 1)-(7 18 5)-(14 14 27)-(13 6 5)-(5 22 7)-(4 37 13)]
0.7135, 0.5523610198974609, [(1 43 1)-(10 62 9)-(12 33 1)-(9 26 26)-(3 13 24)-(8 53 4)-(13 8 2)]
0.7139, 0.552539047241211, [(13 49 14)-(3 12 12)-(8 42 17)-(9 12 21)-(8 15 14)-(1 14 29)-(8 7 1)]
0.7131000000000001, 0.5525305969238281, [(0 31 4)-(9 14 14)-(3 9 21)-(12 8 21)-(0 8 1)-(4 58 6)-(12 13 7)]
0.714, 0.5525317779541016, [(0 39 18)-(6 10 7)-(13 6 13)-(3 54 11)-(3 47 16)-(14 60 2)-(15 2 9)]
0.714, 0.5525317565917969, [(12 11 9)-(4 35 25)-(13 12 9)-(2 32 31)-(4 21 8)-(8 43 24)-(11 35 5)]
0.714, 0.5525317932128906, [(13 55 8)-(10 37 26)-(14 0 28)-(7 1 8)-(12 6 0)-(14 19 19)-(13 35 18)]
0.7021, 0.5423438018798827, [(8 17 31)-(1 20 16)-(9 22 1)-(2 6 14)-(1 58 26)-(13 48 10)-(9 11 13)]
0.7134, 0.5527118896484375, [(0 38 31)-(13 15 24)-(8 23 21)-(1 48 25)-(11 10 11)-(0 38 21)-(14 49 21)]
0.7118, 0.5552688842773438, [(13 46 30)-(9 43 7)-(1 62 7)-(11 37 23)-(10 22 19)-(3 9 26)-(11 5 24)]
0.7144999999999999, 0.5532976226806641, [(5 31 2)-(11 3 22)-(5 16 18)-(4 42 10)-(8 46 4)-(6 14 22)-(4 13 26)]
0.714, 0.5526978393554687, [(7 59 24)-(12 1 10)-(12 12 29)-(8 59 28)-(4 42 6)-(11 55 30)-(7 19 22)]
0.7138, 0.5526466491699218, [(8 38 7)-(4 54 4)-(0 53 16)-(5 10 4)-(2 55 12)-(5 29 22)-(1 29 24)]
0.7132000000000001, 0.5501554107666016, [(15 20 29)-(12 41 15)-(12 17 28)-(7 36 20)-(3 35 20)-(9 43 1)-(2 7 26)]
0.7103, 0.546713427734375, [(5 43 22)-(1 0 2)-(6 26 22)-(14 0 12)-(2 40 19)-(0 3 22)-(2 41 19)]
0.714, 0.5525322479248047, [(13 24 22)-(6 0 7)-(10 8 3)-(15 28 6)-(9 47 3)-(13 57 14)-(14 35 3)]
0.7003, 0.5506213409423828, [(6 44 7)-(9 3 8)-(5 49 2)-(6 32 25)-(13 56 20)-(6 17 25)-(9 37 25)]
0.714, 0.5525317169189453, [(11 33 20)-(4 63 19)-(3 45 20)-(2 54 28)-(13 7 29)-(5 42 16)-(14 34 1)]
0.714, 0.5525317321777343, [(8 38 23)-(10 32 1)-(7 55 8)-(13 47 4)-(4 41 2)-(8 31 6)-(1 31 15)]
0.5418, 0.5984321258544922, [(8 57 2)-(5 21 29)-(9 47 30)-(13 0 24)-(3 44 7)-(4 45 0)-(8 36 7)]
0.714, 0.5525303009033203, [(0 19 17)-(4 62 27)-(12 10 27)-(9 45 24)-(11 54 7)-(1 62 21)-(0 36 10)]
0.714, 0.5525317230224609, [(14 38 16)-(15 56 13)-(10 45 14)-(7 36 2)-(1 42 18)-(7 6 6)-(0 15 29)]
0.7144, 0.5525063293457031, [(8 29 7)-(3 27 6)-(9 40 2)-(11 18 23)-(15 48 18)-(8 9 15)-(15 2 9)]
0.095, 0.0, [(8 19 30)-(5 45 28)-(0 31 5)-(1 56 2)-(12 55 24)-(9 3 1)-(8 1 26)]
0.714, 0.552530581665039, [(3 57 23)-(13 23 30)-(10 49 12)-(13 22 6)-(5 24 3)-(12 55 21)-(9 8 17)]
0.7146, 0.5535350067138671, [(13 38 4)-(3 55 4)-(14 47 12)-(9 2 26)-(0 23 22)-(3 35 15)-(10 26 0)]
0.714, 0.5525267974853516, [(3 12 6)-(3 63 17)-(14 34 31)-(5 20 12)-(0 36 21)-(6 14 0)-(4 8 18)]
0.7141, 0.5526179565429687, [(9 38 31)-(13 33 1)-(2 10 8)-(9 13 18)-(3 48 11)-(3 50 17)-(1 37 2)]
0.6906, 0.5446602584838867, [(9 21 14)-(1 28 7)-(0 2 31)-(0 58 15)-(14 57 3)-(8 55 0)-(7 59 29)]
0.6986, 0.5467581329345703, [(6 45 7)-(11 9 26)-(13 53 14)-(9 58 23)-(1 1 22)-(6 23 13)-(3 31 16)]
0.714, 0.5525317230224609, [(3 34 13)-(4 44 30)-(14 47 5)-(2 34 30)-(1 37 27)-(10 31 21)-(4 62 15)]
0.7139, 0.5525863677978515, [(7 0 14)-(10 16 11)-(12 33 15)-(8 41 13)-(9 57 27)-(13 22 28)-(13 14 12)]
0.714, 0.5525307006835938, [(0 15 13)-(14 59 14)-(7 16 3)-(13 33 13)-(15 51 7)-(12 24 16)-(9 8 17)]
0.714, 0.5525313110351562, [(7 40 5)-(0 12 14)-(13 33 9)-(6 16 3)-(10 52 19)-(7 43 13)-(13 15 13)]
0.7134, 0.5527960052490235, [(1 10 0)-(2 7 28)-(13 54 4)-(6 14 19)-(12 3 28)-(15 8 8)-(0 61 21)]
0.714, 0.5525317291259766, [(13 10 10)-(10 55 20)-(15 21 15)-(9 55 17)-(12 22 2)-(12 24 26)-(9 63 14)]
0.714, 0.5525292022705077, [(13 10 8)-(7 28 1)-(9 17 17)-(15 28 5)-(15 40 13)-(1 37 21)-(2 60 30)]
0.7133, 0.5525217803955078, [(6 59 10)-(0 19 4)-(5 22 26)-(10 8 28)-(4 25 17)-(9 15 5)-(7 45 30)]
0.707, 0.5482648559570312, [(12 16 25)-(6 36 3)-(9 55 22)-(0 5 22)-(2 37 24)-(9 8 1)-(15 28 18)]
0.7135, 0.5524728057861328, [(3 0 1)-(10 23 18)-(11 53 1)-(5 41 2)-(2 7 18)-(13 0 1)-(0 0 9)]
0.7139, 0.5518310638427735, [(1 30 15)-(6 10 31)-(15 38 9)-(10 39 14)-(8 43 23)-(13 13 14)-(11 24 9)]
0.7141, 0.5524205444335938, [(5 53 31)-(4 9 21)-(14 51 29)-(6 45 27)-(13 34 22)-(8 18 9)-(0 49 20)]
0.7139, 0.5525247375488281, [(8 14 18)-(2 6 10)-(1 58 29)-(3 32 15)-(15 4 29)-(2 5 27)-(5 4 3)]
0.7131000000000001, 0.5526131805419923, [(10 55 13)-(9 9 2)-(15 63 22)-(1 5 24)-(8 41 4)-(9 4 5)-(8 39 23)]
0.7078, 0.5530451568603516, [(4 54 14)-(15 58 7)-(6 57 8)-(2 37 19)-(1 25 24)-(3 29 15)-(1 15 4)]
0.7139, 0.5525498321533203, [(12 21 9)-(0 62 20)-(1 52 21)-(2 57 6)-(3 61 15)-(14 49 9)-(12 9 19)]
0.714, 0.5525316192626952, [(4 29 14)-(7 32 25)-(0 34 1)-(7 37 26)-(14 18 16)-(6 62 27)-(4 30 25)]
0.714, 0.5525317291259766, [(15 29 24)-(12 33 14)-(2 41 11)-(1 39 18)-(5 37 28)-(9 27 0)-(13 21 1)]
0.714, 0.55253173828125, [(14 16 29)-(6 32 18)-(3 57 28)-(10 5 0)-(11 56 0)-(14 6 9)-(13 9 26)]
0.714, 0.5525317169189452, [(14 36 15)-(6 58 13)-(0 58 6)-(14 56 20)-(10 23 6)-(9 34 1)-(11 30 10)]
0.7137, 0.5522300537109375, [(15 3 19)-(6 35 1)-(5 51 16)-(14 52 3)-(2 18 21)-(15 22 23)-(2 6 0)]
0.714, 0.5525317260742187, [(2 56 24)-(13 17 10)-(12 61 1)-(10 62 9)-(10 8 29)-(7 37 1)-(3 37 14)]
0.7123999999999999, 0.5521242767333985, [(4 53 10)-(6 11 15)-(7 8 23)-(2 24 9)-(13 36 23)-(15 23 2)-(9 48 9)]
0.714, 0.5525339050292968, [(10 49 26)-(9 1 1)-(12 21 14)-(3 35 10)-(14 20 16)-(7 4 15)-(7 51 8)]
0.7141, 0.5524980865478515, [(15 4 15)-(7 20 15)-(5 7 7)-(1 60 15)-(12 5 18)-(11 49 26)-(5 8 8)]
0.714, 0.5525320312499999, [(3 30 3)-(4 47 14)-(6 17 11)-(7 60 21)-(10 33 1)-(6 7 9)-(4 38 28)]
0.7136, 0.5531375701904298, [(12 8 19)-(0 25 24)-(5 27 28)-(6 35 26)-(12 33 10)-(2 38 10)-(7 28 10)]
0.7116, 0.5485589263916015, [(4 6 25)-(15 55 6)-(4 26 16)-(11 36 20)-(9 31 0)-(0 42 20)-(2 50 11)]
0.7141, 0.5524285461425782, [(4 24 0)-(12 13 1)-(12 40 2)-(8 12 24)-(9 53 20)-(0 47 28)-(7 55 18)]
0.714, 0.5525316162109375, [(15 33 15)-(5 15 12)-(9 28 7)-(8 55 4)-(0 14 14)-(9 40 14)-(15 33 9)]
0.714, 0.5525317321777343, [(2 33 17)-(2 46 5)-(12 19 27)-(10 4 2)-(14 20 15)-(13 42 29)-(0 36 31)]
0.0825, 0.0, [(8 41 12)-(4 45 31)-(8 54 27)-(11 55 17)-(2 62 10)-(12 6 30)-(14 57 28)]
0.714, 0.5525317199707032, [(6 6 29)-(8 47 19)-(2 52 8)-(2 12 1)-(7 56 25)-(0 25 2)-(9 30 30)]
0.7135, 0.552533935546875, [(0 8 15)-(12 59 5)-(12 58 25)-(13 1 26)-(7 22 20)-(10 22 5)-(8 15 13)]
0.714, 0.5525309844970703, [(9 15 18)-(4 22 13)-(0 18 19)-(5 19 1)-(12 41 3)-(2 18 7)-(12 41 15)]
0.7138, 0.5525950225830079, [(2 0 15)-(4 32 17)-(5 52 24)-(15 7 0)-(4 3 12)-(14 52 16)-(13 32 0)]
0.7139, 0.5521982482910156, [(12 2 8)-(14 40 24)-(11 29 24)-(2 23 21)-(8 63 15)-(7 63 1)-(11 45 30)]
0.7124999999999999, 0.5508925354003906, [(10 48 18)-(9 17 24)-(10 19 28)-(13 1 5)-(4 28 15)-(1 56 15)-(9 8 23)]
0.7030000000000001, 0.5440793304443359, [(13 28 13)-(15 11 30)-(12 1 26)-(5 17 22)-(7 5 7)-(7 3 11)-(11 44 22)]
0.7091000000000001, 0.5488304931640625, [(8 55 5)-(2 41 27)-(1 3 7)-(12 47 18)-(5 40 18)-(7 55 11)-(1 25 31)]
0.4416, 0.5945604797363282, [(10 58 10)-(1 3 24)-(2 55 2)-(3 31 31)-(5 30 15)-(5 46 29)-(6 48 13)]
0.714, 0.5525316802978515, [(9 5 8)-(5 5 10)-(5 54 29)-(6 62 4)-(3 10 7)-(4 39 26)-(9 2 1)]
0.6355999999999999, 0.5519494873046875, [(2 2 20)-(11 1 23)-(5 34 29)-(9 16 1)-(7 38 17)-(9 8 5)-(7 13 26)]
0.5025999999999999, 0.48362571868896487, [(3 24 28)-(13 56 26)-(11 52 5)-(5 61 8)-(3 49 0)-(7 35 24)-(3 1 24)]
0.1, 0.0, [(10 31 22)-(14 0 30)-(14 3 2)-(14 55 29)-(1 57 17)-(5 28 25)-(14 63 18)]
0.7139, 0.5525402923583984, [(9 15 21)-(11 37 26)-(10 31 29)-(12 53 12)-(15 48 30)-(6 41 7)-(12 49 7)]
0.7138, 0.5519946533203125, [(5 54 1)-(15 25 18)-(9 37 1)-(6 2 23)-(1 61 9)-(9 17 19)-(15 40 29)]
0.6936, 0.5524243286132813, [(10 18 17)-(4 62 9)-(11 17 13)-(9 7 23)-(12 56 23)-(11 8 25)-(14 60 21)]
0.7134, 0.5525395172119141, [(2 34 16)-(7 35 13)-(2 29 28)-(15 19 16)-(14 43 26)-(7 10 23)-(9 51 2)]
0.714, 0.5525317016601563, [(3 53 16)-(15 43 12)-(15 56 5)-(1 38 30)-(8 13 8)-(5 54 21)-(0 38 15)]
0.0787, 0.0, [(3 41 30)-(5 4 3)-(15 51 5)-(15 18 15)-(12 50 3)-(4 21 30)-(0 32 2)]
0.714, 0.5525317230224609, [(0 56 25)-(6 56 16)-(9 60 29)-(8 47 15)-(3 3 9)-(9 51 25)-(1 52 4)]
0.7141, 0.5525677703857421, [(3 5 1)-(2 0 4)-(15 55 16)-(2 53 28)-(14 6 2)-(2 28 18)-(6 48 19)]
0.7129000000000001, 0.5525284088134765, [(14 58 26)-(1 16 4)-(5 39 30)-(10 9 27)-(15 13 4)-(15 48 30)-(2 45 9)]
0.7129, 0.5541982696533203, [(8 57 3)-(9 41 16)-(5 4 24)-(3 61 8)-(12 0 4)-(7 43 24)-(10 11 3)]
0.7141, 0.552554852294922, [(5 61 5)-(12 26 13)-(2 34 20)-(0 40 3)-(3 60 0)-(1 6 17)-(2 33 0)]
0.714, 0.552550112915039, [(14 47 7)-(7 13 2)-(6 1 6)-(14 41 16)-(6 13 19)-(12 11 13)-(13 19 29)]
0.7027, 0.5454163604736328, [(14 33 3)-(13 34 25)-(11 10 13)-(8 43 27)-(3 2 22)-(5 51 17)-(0 37 31)]
0.714, 0.5525309967041016, [(10 36 9)-(3 58 9)-(3 17 10)-(4 15 28)-(4 48 26)-(1 59 10)-(6 16 15)]
0.7142, 0.5526338897705079, [(9 22 26)-(4 1 17)-(11 40 7)-(7 37 29)-(6 22 15)-(6 13 21)-(4 21 3)]
0.7136, 0.5525790832519532, [(14 43 21)-(6 62 4)-(14 48 21)-(6 9 15)-(12 46 5)-(4 28 28)-(8 21 20)]
0.7141, 0.5525287780761718, [(0 49 1)-(5 52 5)-(1 26 19)-(6 42 18)-(1 38 24)-(9 29 19)-(11 62 19)]
0.7139, 0.5521442138671875, [(0 24 24)-(10 25 10)-(8 25 20)-(14 17 0)-(15 58 11)-(4 4 6)-(3 14 1)]
0.7139, 0.5525251190185547, [(3 44 10)-(6 56 11)-(13 33 24)-(11 31 25)-(8 14 18)-(11 55 2)-(9 23 9)]
0.714, 0.5525317260742187, [(15 23 11)-(13 38 29)-(11 41 28)-(8 28 5)-(7 36 25)-(14 18 22)-(6 57 6)]
0.7138, 0.5529901916503907, [(13 13 3)-(9 47 28)-(12 12 20)-(9 13 20)-(8 51 9)-(14 10 29)-(9 43 2)]
0.7078, 0.5500347106933594, [(6 23 18)-(12 4 13)-(12 32 0)-(3 7 2)-(10 28 25)-(6 51 18)-(8 50 22)]
0.7136, 0.5530475402832031, [(10 30 25)-(6 8 27)-(7 26 23)-(13 3 2)-(12 50 26)-(1 21 6)-(4 58 30)]
0.714, 0.552534132385254, [(11 60 12)-(2 5 1)-(12 16 14)-(5 24 13)-(1 21 9)-(15 40 20)-(9 5 5)]
0.7132000000000001, 0.5523354583740234, [(14 4 14)-(12 22 3)-(2 5 19)-(12 49 4)-(5 13 24)-(11 22 3)-(13 6 23)]
0.7141, 0.5528425872802734, [(15 2 20)-(7 31 16)-(3 63 26)-(10 32 5)-(2 56 27)-(5 30 14)-(7 4 31)]
0.318, 0.8334280700683594, [(6 30 27)-(15 44 21)-(14 53 8)-(0 47 9)-(3 8 30)-(15 49 19)-(3 57 14)]
0.7138, 0.5524870574951172, [(8 8 19)-(15 19 18)-(14 51 27)-(15 9 1)-(2 62 27)-(13 38 9)-(6 42 31)]
0.714, 0.5525317077636719, [(9 38 22)-(0 47 17)-(4 16 8)-(13 56 6)-(0 57 10)-(5 18 29)-(15 49 6)]
0.714, 0.5525328063964843, [(6 42 13)-(2 50 19)-(9 37 13)-(13 60 26)-(5 15 15)-(1 1 6)-(4 47 8)]
0.714, 0.5525315856933594, [(11 45 1)-(3 50 18)-(3 44 23)-(5 39 26)-(4 24 16)-(12 54 27)-(1 4 28)]
0.714, 0.5525376953125, [(9 36 15)-(9 7 28)-(4 15 19)-(6 14 13)-(9 44 7)-(0 26 9)-(15 59 1)]
0.7078, 0.5459284118652343, [(6 40 16)-(9 60 10)-(8 12 25)-(10 31 20)-(14 9 29)-(1 35 18)-(12 33 23)]
0.7144, 0.5517717712402344, [(4 18 6)-(8 40 23)-(10 24 25)-(9 12 15)-(0 38 10)-(5 12 12)-(6 31 2)]
0.7139, 0.5502088958740234, [(9 14 14)-(10 11 18)-(8 51 6)-(12 7 10)-(6 8 22)-(9 36 20)-(4 33 4)]
0.5179, 0.53406103515625, [(3 28 23)-(10 59 13)-(0 16 26)-(5 36 15)-(1 15 9)-(13 21 11)-(2 1 25)]
0.7054, 0.5706688201904297, [(4 60 2)-(7 0 22)-(14 25 25)-(6 45 25)-(5 30 20)-(3 8 20)-(11 46 12)]
0.7134, 0.5524289581298828, [(2 55 22)-(10 51 27)-(12 43 9)-(2 31 6)-(12 29 6)-(1 35 3)-(3 20 23)]
0.7052, 0.5542415374755859, [(3 3 24)-(3 55 0)-(6 14 3)-(3 28 2)-(7 42 8)-(5 33 17)-(4 34 20)]
0.714, 0.5525415222167969, [(5 58 7)-(12 2 28)-(11 16 19)-(10 8 7)-(12 45 0)-(6 13 27)-(0 53 4)]
0.714, 0.5525317840576172, [(15 39 13)-(8 26 27)-(12 11 7)-(3 53 11)-(5 33 9)-(11 17 3)-(0 22 10)]
0.714, 0.5525311798095702, [(15 14 5)-(0 63 18)-(6 18 15)-(0 11 6)-(13 42 0)-(0 46 15)-(0 37 19)]
0.48819999999999997, 0.41960811157226563, [(13 15 4)-(3 3 19)-(10 19 29)-(1 51 8)-(1 0 31)-(5 34 13)-(15 26 17)]
0.714, 0.552537271118164, [(5 61 29)-(2 51 28)-(15 23 5)-(12 43 5)-(1 13 19)-(12 52 6)-(15 12 28)]
0.7083999999999999, 0.5495326232910156, [(2 4 28)-(0 13 5)-(6 20 31)-(4 20 17)-(13 11 12)-(8 48 27)-(5 60 13)]
0.714, 0.5525331451416016, [(3 43 30)-(1 30 6)-(10 54 2)-(8 26 3)-(10 58 11)-(13 0 9)-(6 37 9)]
0.7138, 0.5539375732421875, [(2 4 13)-(10 8 3)-(6 35 15)-(15 0 6)-(15 50 17)-(6 19 23)-(7 60 12)]
0.7138, 0.5526421203613281, [(0 53 21)-(1 0 7)-(8 24 23)-(3 32 5)-(0 57 30)-(4 5 26)-(15 51 12)]
0.6896, 0.5059832244873047, [(3 19 19)-(13 1 25)-(3 40 21)-(2 8 2)-(9 51 27)-(8 6 27)-(14 34 22)]
0.7138, 0.5525761474609375, [(0 35 5)-(11 11 20)-(15 29 6)-(8 52 31)-(13 46 29)-(14 6 27)-(5 47 23)]
0.7115, 0.5488981018066406, [(8 3 23)-(10 50 19)-(1 27 29)-(3 18 21)-(15 12 0)-(8 9 1)-(9 53 20)]
0.7136, 0.5522844482421876, [(12 38 28)-(6 20 22)-(2 52 7)-(10 16 14)-(13 16 2)-(5 43 6)-(5 1 0)]
0.714, 0.5525315032958984, [(5 0 8)-(11 45 23)-(3 61 22)-(5 11 15)-(14 42 10)-(10 31 14)-(13 9 15)]
0.714, 0.5525318756103516, [(7 17 12)-(11 33 2)-(2 52 3)-(7 61 17)-(8 40 20)-(2 34 23)-(6 50 25)]
0.714, 0.5520442199707032, [(8 31 4)-(12 27 9)-(5 55 12)-(4 10 31)-(14 9 7)-(12 54 24)-(14 34 8)]
0.714, 0.5525316070556641, [(12 32 11)-(11 8 13)-(13 51 10)-(11 10 12)-(13 55 5)-(9 27 6)-(1 54 28)]
0.7083, 0.5487570190429687, [(1 46 24)-(10 7 8)-(13 27 20)-(3 17 3)-(3 18 31)-(13 44 27)-(5 38 20)]
0.0999, 0.0, [(8 24 18)-(2 7 28)-(5 45 11)-(0 0 7)-(5 19 30)-(12 41 6)-(10 40 23)]
0.714, 0.5525317687988281, [(14 24 3)-(13 17 26)-(0 42 12)-(11 40 9)-(6 17 6)-(7 61 31)-(8 25 10)]
0.7091000000000001, 0.5494798278808594, [(13 11 4)-(7 8 5)-(0 3 8)-(14 33 5)-(1 39 16)-(12 12 25)-(4 5 5)]
0.714, 0.5525333374023438, [(10 31 14)-(9 9 12)-(7 12 15)-(1 27 6)-(4 59 19)-(12 17 11)-(7 9 16)]
0.714, 0.5525317001342773, [(1 60 31)-(13 39 25)-(11 33 19)-(3 54 7)-(0 26 9)-(8 0 28)-(0 37 3)]
0.7127, 0.5537350616455079, [(10 25 21)-(8 59 13)-(11 50 29)-(4 48 11)-(11 0 5)-(7 11 23)-(6 30 10)]
0.714, 0.5525315979003906, [(6 13 27)-(3 37 30)-(6 22 10)-(0 12 6)-(15 28 15)-(6 54 6)-(1 51 3)]
0.6426, 0.5257249969482423, [(8 25 3)-(3 45 17)-(5 60 2)-(1 1 23)-(5 44 30)-(3 37 17)-(12 56 0)]
0.714, 0.5525317321777343, [(1 11 6)-(6 57 26)-(7 36 22)-(10 19 0)-(6 59 22)-(1 2 1)-(1 59 7)]
0.714, 0.5525315765380859, [(14 32 6)-(2 50 19)-(12 58 21)-(8 47 16)-(4 33 9)-(6 60 21)-(6 7 11)]
0.714, 0.5525317230224609, [(1 46 27)-(3 50 0)-(4 43 27)-(11 31 28)-(13 27 20)-(4 33 8)-(7 10 28)]
0.7136, 0.5525566467285157, [(5 48 15)-(10 0 9)-(0 26 29)-(13 33 31)-(8 19 19)-(14 15 10)-(1 58 27)]
0.714, 0.5525304382324219, [(6 56 5)-(0 31 2)-(9 28 29)-(14 53 26)-(11 10 15)-(15 45 21)-(1 34 12)]
0.7139, 0.5525753967285156, [(0 9 1)-(8 0 14)-(13 41 14)-(1 30 1)-(6 31 31)-(11 2 27)-(8 43 31)]
0.714, 0.5525334747314453, [(2 18 6)-(3 45 7)-(11 7 8)-(15 3 29)-(8 19 14)-(8 28 13)-(2 50 28)]
0.7141, 0.5525250366210938, [(2 2 15)-(12 62 22)-(10 47 14)-(5 61 22)-(5 55 0)-(3 11 28)-(11 18 11)]
0.714, 0.5519945068359375, [(5 18 18)-(5 63 16)-(5 16 24)-(14 37 0)-(3 3 4)-(0 29 17)-(4 13 6)]
0.714, 0.5525317321777343, [(9 47 8)-(5 62 12)-(13 27 0)-(2 17 3)-(4 60 14)-(8 51 1)-(1 55 21)]
0.714, 0.5525194305419923, [(0 6 29)-(4 13 20)-(4 59 14)-(6 30 7)-(11 45 6)-(13 14 18)-(15 39 4)]
0.714, 0.5525335113525391, [(10 5 2)-(15 5 14)-(12 50 26)-(10 63 18)-(11 27 16)-(1 45 7)-(12 57 17)]
0.714, 0.5525318115234374, [(11 40 27)-(2 28 2)-(7 19 12)-(6 2 29)-(13 27 24)-(3 34 28)-(12 16 1)]
0.1, 0.0, [(0 0 29)-(5 15 26)-(8 52 30)-(4 31 11)-(14 46 17)-(11 0 30)-(9 43 26)]
0.0993, 0.0, [(1 61 29)-(13 13 1)-(12 43 31)-(4 43 10)-(10 57 0)-(7 1 30)-(3 41 25)]
0.714, 0.5525324127197265, [(4 34 7)-(0 25 13)-(15 28 26)-(0 32 29)-(15 8 5)-(11 39 30)-(2 63 26)]
0.714, 0.5525322723388673, [(3 32 16)-(12 22 16)-(13 4 21)-(11 56 23)-(11 31 14)-(13 23 12)-(15 60 7)]
0.6856, 0.5484523925781251, [(14 25 24)-(11 59 25)-(13 43 29)-(8 28 28)-(7 5 25)-(8 53 30)-(1 51 11)]
0.714, 0.5525295928955078, [(13 32 15)-(1 1 3)-(9 17 17)-(15 17 17)-(9 12 9)-(4 0 7)-(15 63 20)]
0.6967000000000001, 0.542127294921875, [(13 0 0)-(2 28 23)-(6 47 27)-(6 5 31)-(15 2 24)-(5 55 8)-(0 6 28)]
0.7138, 0.5531161682128907, [(8 16 20)-(13 2 29)-(1 0 17)-(6 35 18)-(1 27 29)-(5 38 22)-(12 13 16)]
0.714, 0.5525317169189453, [(14 12 26)-(13 51 12)-(1 62 28)-(6 42 21)-(15 43 22)-(6 44 2)-(9 62 19)]
0.7057, 0.5482905670166016, [(8 52 30)-(12 11 20)-(5 10 25)-(5 37 31)-(9 18 8)-(11 34 29)-(14 3 8)]
0.7133, 0.5528407379150391, [(11 16 24)-(14 59 21)-(5 30 3)-(12 15 16)-(12 12 8)-(1 13 1)-(9 38 1)]
0.7129, 0.5521676208496094, [(15 37 6)-(2 20 10)-(0 51 8)-(12 27 0)-(8 57 16)-(13 51 9)-(7 15 23)]
0.7125, 0.5526117645263672, [(7 14 11)-(4 0 7)-(7 29 11)-(10 34 27)-(12 58 13)-(12 23 23)-(14 50 7)]
0.7138, 0.5554042694091796, [(14 4 15)-(7 58 14)-(11 45 9)-(6 19 31)-(11 48 4)-(6 59 21)-(12 44 19)]
0.7128, 0.5509472961425781, [(15 21 22)-(11 40 24)-(10 20 31)-(14 44 10)-(2 4 6)-(9 11 2)-(8 47 26)]
0.7135, 0.5527118835449218, [(8 59 21)-(2 40 12)-(7 29 23)-(15 15 14)-(13 13 7)-(15 22 5)-(14 14 5)]
0.7128, 0.5526594116210938, [(14 2 5)-(9 34 26)-(12 36 1)-(11 26 21)-(12 27 15)-(0 32 9)-(0 5 13)]
0.7087, 0.5445257293701171, [(12 7 15)-(6 12 17)-(3 53 24)-(6 9 26)-(12 22 25)-(1 24 17)-(15 22 7)]
0.714, 0.5525318542480468, [(12 24 15)-(1 20 8)-(5 25 5)-(14 60 26)-(4 28 3)-(13 35 22)-(15 54 4)]
0.714, 0.5525317291259766, [(13 47 4)-(2 35 25)-(15 59 12)-(12 59 5)-(4 54 2)-(9 53 21)-(12 1 28)]
0.7121999999999999, 0.552838232421875, [(3 10 25)-(13 30 7)-(14 20 21)-(14 5 25)-(7 55 5)-(15 61 5)-(6 37 20)]
0.714, 0.5525317230224609, [(1 56 13)-(2 32 29)-(1 55 15)-(7 3 27)-(3 40 31)-(14 34 29)-(13 49 30)]
0.7131000000000001, 0.5527124847412109, [(8 18 19)-(15 49 16)-(11 4 19)-(15 60 30)-(12 42 14)-(12 43 31)-(12 21 3)]
0.7121999999999999, 0.55402060546875, [(11 12 23)-(5 1 19)-(5 17 21)-(13 35 4)-(0 44 12)-(12 10 25)-(4 52 12)]
0.714, 0.5525317321777343, [(9 22 9)-(0 4 26)-(1 59 18)-(11 44 8)-(10 24 5)-(13 19 12)-(1 51 10)]
0.714, 0.55253154296875, [(4 55 5)-(14 8 12)-(2 14 4)-(6 29 14)-(3 53 12)-(0 30 17)-(5 57 13)]
0.7087, 0.5422047912597656, [(2 52 22)-(14 34 4)-(3 32 20)-(10 62 11)-(9 17 29)-(6 1 26)-(10 21 20)]
0.7138, 0.5535634857177734, [(0 59 11)-(9 40 11)-(8 58 15)-(7 39 0)-(2 47 4)-(3 38 2)-(2 16 22)]
0.7136, 0.5519901641845704, [(14 18 3)-(5 26 23)-(5 58 8)-(2 53 13)-(4 45 26)-(4 3 20)-(15 8 29)]
0.714, 0.55253173828125, [(7 50 11)-(7 0 0)-(7 37 28)-(12 29 26)-(15 22 20)-(2 52 3)-(0 47 5)]
0.1001, 0.0, [(0 13 15)-(12 62 7)-(7 16 1)-(10 6 18)-(6 1 30)-(2 55 1)-(12 24 11)]
0.714, 0.5525316864013672, [(15 10 29)-(11 53 18)-(0 29 13)-(5 39 9)-(15 57 25)-(12 26 28)-(1 50 9)]
0.714, 0.5525317169189452, [(15 53 10)-(10 39 17)-(9 41 18)-(11 37 20)-(2 58 0)-(13 39 19)-(14 11 21)]
0.714, 0.5525334472656249, [(9 4 0)-(10 44 5)-(9 19 29)-(12 47 22)-(5 63 18)-(0 25 15)-(6 13 0)]
0.714, 0.5525317199707032, [(4 62 28)-(2 30 25)-(5 52 2)-(8 54 31)-(1 5 6)-(2 38 31)-(3 37 9)]
0.714, 0.5525317230224609, [(1 37 16)-(13 49 8)-(7 25 28)-(11 33 23)-(8 51 10)-(10 32 17)-(15 26 4)]
0.7142999999999999, 0.5514436218261718, [(5 25 4)-(14 19 24)-(14 0 2)-(2 4 23)-(5 4 1)-(11 48 5)-(14 59 30)]
0.714, 0.552835546875, [(8 7 14)-(14 63 18)-(8 30 28)-(8 63 12)-(5 12 16)-(12 21 2)-(4 19 23)]
0.714, 0.5525318084716797, [(6 21 10)-(15 41 6)-(3 42 1)-(5 43 4)-(12 61 29)-(1 48 5)-(4 9 0)]
0.1305, 0.0, [(11 60 16)-(3 20 30)-(1 42 19)-(9 10 12)-(11 12 5)-(7 28 16)-(5 63 5)]
0.7105, 0.5519519989013673, [(14 8 29)-(12 9 4)-(11 42 28)-(11 56 18)-(9 6 25)-(13 43 5)-(11 7 4)]
0.714, 0.5525329528808594, [(7 43 7)-(6 40 10)-(2 33 27)-(9 24 4)-(10 39 18)-(13 29 30)-(9 22 19)]
0.7133, 0.552849771118164, [(8 32 0)-(13 55 12)-(13 0 0)-(2 1 15)-(9 26 23)-(10 28 13)-(11 56 16)]
0.714, 0.5525341766357422, [(11 58 21)-(9 47 4)-(7 25 17)-(5 21 10)-(13 4 13)-(7 17 10)-(10 49 4)]
0.7139, 0.5525132019042969, [(6 25 18)-(13 41 11)-(3 41 17)-(14 36 9)-(8 61 2)-(8 43 7)-(6 58 29)]
0.714, 0.55253173828125, [(1 38 28)-(3 60 9)-(1 34 8)-(1 19 2)-(6 39 30)-(10 52 0)-(14 31 26)]
0.7141, 0.5525238983154297, [(9 45 0)-(12 3 17)-(12 42 15)-(5 43 15)-(13 2 7)-(5 24 12)-(11 58 28)]
0.7123999999999999, 0.5513486877441407, [(0 63 17)-(14 3 26)-(12 55 3)-(4 25 24)-(1 5 10)-(9 33 9)-(6 54 18)]
0.714, 0.5525318176269531, [(13 11 4)-(4 32 15)-(12 37 17)-(12 5 28)-(7 62 11)-(12 6 13)-(11 24 6)]
0.7136, 0.5525424133300781, [(9 5 10)-(7 23 5)-(0 53 0)-(8 60 10)-(15 20 13)-(0 9 0)-(11 26 16)]
0.6621, 0.5758158935546875, [(8 1 27)-(0 17 30)-(8 11 22)-(13 4 10)-(7 31 2)-(7 0 22)-(15 12 11)]
0.7126, 0.5502230834960937, [(11 50 17)-(0 50 27)-(4 9 31)-(3 15 7)-(6 2 7)-(4 37 23)-(1 28 8)]
0.714, 0.5525307373046875, [(4 24 19)-(15 18 20)-(10 50 15)-(9 44 20)-(3 54 24)-(0 18 27)-(14 37 7)]
0.7141, 0.5525358184814453, [(2 39 21)-(0 51 21)-(3 6 15)-(6 39 3)-(4 50 4)-(8 61 23)-(14 39 6)]
0.714, 0.5525317474365234, [(6 27 29)-(11 0 4)-(13 40 24)-(10 17 28)-(14 38 13)-(12 41 7)-(7 33 3)]
0.714, 0.5525550323486328, [(12 37 10)-(14 44 21)-(10 14 18)-(2 57 10)-(9 0 29)-(5 50 10)-(8 44 3)]
0.714, 0.5525316680908203, [(2 6 28)-(15 38 12)-(9 8 13)-(14 5 15)-(1 35 7)-(3 50 4)-(9 36 22)]
0.6802, 0.5392806671142578, [(13 44 12)-(6 51 24)-(1 31 11)-(2 30 26)-(5 5 25)-(7 33 12)-(15 21 22)]
0.714, 0.552532974243164, [(13 44 6)-(2 36 28)-(10 26 19)-(6 26 28)-(14 46 10)-(3 33 13)-(10 16 12)]
0.0939, 0.0, [(11 11 2)-(6 5 26)-(3 54 4)-(10 6 30)-(5 13 13)-(9 13 14)-(8 42 9)]
0.6931, 0.5524120727539062, [(6 61 14)-(2 11 2)-(3 27 24)-(9 9 6)-(13 61 7)-(12 20 26)-(1 11 15)]
0.09970000000000001, 0.8998897186279298, [(0 7 30)-(1 4 15)-(14 60 6)-(6 4 2)-(2 55 31)-(12 63 8)-(11 42 0)]
0.714, 0.5525319824218751, [(10 44 28)-(6 62 0)-(3 31 15)-(6 34 7)-(0 8 3)-(7 0 6)-(13 46 5)]
0.714, 0.5525432800292969, [(12 37 17)-(10 0 27)-(12 55 21)-(11 19 19)-(4 52 29)-(3 42 20)-(6 57 11)]
0.7127, 0.552588296508789, [(7 43 16)-(8 38 2)-(14 8 22)-(2 50 0)-(15 59 0)-(3 11 21)-(3 47 25)]
0.7134, 0.5523874328613281, [(7 6 22)-(5 2 10)-(13 13 3)-(1 25 5)-(13 21 31)-(12 26 12)-(7 58 21)]
0.7139, 0.5532802062988281, [(2 15 19)-(13 12 22)-(3 26 15)-(11 1 0)-(7 34 17)-(11 33 13)-(8 20 23)]
0.714, 0.5525317291259766, [(7 33 1)-(10 60 14)-(2 39 20)-(7 61 14)-(13 8 22)-(3 32 9)-(12 60 16)]
0.14400000000000002, 0.971412515258789, [(10 53 8)-(3 39 30)-(13 44 10)-(7 24 16)-(9 12 31)-(5 29 30)-(0 32 16)]
0.714, 0.5525361938476563, [(9 16 16)-(11 62 7)-(3 34 20)-(2 22 5)-(6 12 12)-(1 54 18)-(6 59 1)]
0.714, 0.5525317230224609, [(3 33 24)-(11 58 12)-(4 53 16)-(15 11 25)-(13 31 23)-(4 32 5)-(3 36 30)]
0.714, 0.5525317260742187, [(14 12 20)-(2 58 28)-(2 18 31)-(6 55 27)-(9 42 16)-(2 13 6)-(8 34 2)]
0.7136, 0.5523899932861328, [(0 12 23)-(15 51 7)-(14 53 30)-(3 18 7)-(11 27 29)-(9 27 10)-(5 55 6)]
0.714, 0.55253173828125, [(14 19 13)-(9 25 10)-(9 26 10)-(3 39 24)-(0 37 18)-(8 6 9)-(8 42 6)]
0.7141, 0.5527252899169921, [(7 46 20)-(4 42 10)-(0 48 23)-(13 12 23)-(8 0 5)-(4 23 18)-(9 16 20)]
0.714, 0.5525513000488281, [(8 59 0)-(2 15 12)-(12 11 17)-(10 50 14)-(9 40 28)-(12 58 19)-(8 30 0)]
0.1154, 0.0, [(11 28 30)-(4 37 0)-(7 22 17)-(15 41 21)-(1 57 20)-(5 29 18)-(7 24 16)]
0.714, 0.5525317138671875, [(1 40 13)-(5 49 3)-(5 44 2)-(13 43 18)-(2 33 14)-(14 27 31)-(11 10 27)]
0.2721, 0.8933259307861328, [(9 19 19)-(9 19 6)-(8 51 8)-(2 46 12)-(0 25 30)-(2 28 5)-(15 56 25)]
0.714, 0.5525317260742187, [(9 55 8)-(2 26 7)-(0 61 28)-(7 47 7)-(6 15 5)-(13 40 3)-(1 46 4)]
0.6404, 0.5382393646240234, [(14 1 24)-(7 44 14)-(2 5 28)-(2 48 0)-(6 9 11)-(14 7 21)-(7 45 5)]
0.08660000000000001, 0.0, [(11 18 12)-(0 0 6)-(13 34 21)-(9 0 3)-(1 9 30)-(12 59 19)-(9 26 5)]
0.7139, 0.5525515502929688, [(7 27 16)-(9 15 19)-(1 20 12)-(10 33 24)-(12 2 16)-(4 5 9)-(4 30 12)]
0.7131, 0.552900210571289, [(9 55 21)-(6 31 9)-(9 46 12)-(3 36 3)-(14 0 18)-(12 59 21)-(4 13 4)]
0.714, 0.5525325592041015, [(9 63 18)-(14 38 24)-(9 46 18)-(2 31 31)-(10 56 31)-(6 46 6)-(7 27 15)]
0.7139, 0.5526505187988281, [(11 0 13)-(10 22 15)-(2 6 29)-(7 51 27)-(1 21 9)-(10 32 14)-(4 26 18)]
0.714, 0.5525317474365234, [(12 61 13)-(8 42 20)-(1 50 9)-(12 7 9)-(11 52 15)-(12 56 14)-(5 31 8)]
0.7132000000000001, 0.552678515625, [(1 16 8)-(8 23 15)-(7 35 31)-(7 39 11)-(1 22 17)-(12 18 21)-(0 53 20)]
0.714, 0.5525317169189453, [(1 36 9)-(13 47 31)-(5 62 2)-(7 35 29)-(5 34 12)-(15 54 23)-(2 50 28)]
0.714, 0.5525317291259766, [(14 6 31)-(1 30 0)-(7 53 0)-(0 56 14)-(0 31 11)-(5 58 24)-(8 41 1)]
0.714, 0.5525319915771485, [(0 61 14)-(15 46 30)-(9 0 7)-(3 43 28)-(14 9 19)-(7 31 17)-(7 61 12)]
0.692, 0.5372728912353515, [(6 10 11)-(10 55 23)-(7 2 1)-(11 59 28)-(8 56 23)-(15 1 31)-(4 39 15)]
0.7131, 0.5503286437988282, [(7 15 15)-(14 4 29)-(4 36 5)-(12 51 14)-(3 51 12)-(6 3 22)-(13 17 13)]
0.714, 0.5525319946289062, [(13 4 18)-(10 50 4)-(8 30 0)-(0 3 6)-(10 15 10)-(6 30 31)-(0 17 10)]
0.7138, 0.5523124938964843, [(14 51 19)-(4 18 24)-(5 22 22)-(2 37 15)-(2 1 12)-(3 57 13)-(12 60 25)]
0.714, 0.5525330169677735, [(1 18 27)-(7 24 16)-(13 28 30)-(15 33 25)-(2 0 3)-(4 34 5)-(15 19 28)]
0.7137, 0.5524675811767579, [(15 36 6)-(8 23 9)-(1 31 30)-(0 39 0)-(9 3 22)-(7 7 15)-(14 35 27)]
0.7139, 0.5522993865966797, [(4 31 11)-(8 29 23)-(2 39 27)-(11 43 26)-(3 5 12)-(13 21 17)-(10 50 15)]
0.7142, 0.5525071746826171, [(11 32 1)-(9 47 5)-(13 35 23)-(1 28 18)-(12 56 4)-(8 27 12)-(4 53 5)]
0.1237, 0.7899090942382813, [(10 51 4)-(13 59 19)-(11 38 14)-(6 13 23)-(3 17 30)-(13 3 4)-(10 25 28)]
0.714, 0.552536181640625, [(5 6 0)-(13 22 4)-(9 31 21)-(4 49 23)-(3 55 4)-(5 3 21)-(13 58 11)]
0.7134, 0.5523122375488281, [(11 31 31)-(1 45 13)-(0 18 22)-(8 60 17)-(15 31 26)-(12 14 26)-(8 27 28)]
0.714, 0.5525313262939453, [(5 51 8)-(13 46 30)-(10 33 30)-(11 61 0)-(4 6 15)-(3 49 23)-(1 43 15)]
0.7117, 0.5517058410644531, [(11 48 20)-(1 34 18)-(1 29 2)-(5 5 31)-(2 28 13)-(2 46 24)-(4 7 27)]
0.7141, 0.5525494934082031, [(11 60 21)-(1 46 26)-(13 55 2)-(7 47 4)-(0 21 16)-(1 9 17)-(1 39 14)]
0.7136, 0.5525696777343749, [(5 57 4)-(6 10 22)-(5 19 1)-(7 44 31)-(5 43 0)-(4 42 5)-(13 33 16)]
0.714, 0.55253251953125, [(4 30 29)-(7 14 14)-(8 15 13)-(14 1 7)-(0 57 13)-(13 33 8)-(1 28 8)]
0.7086, 0.5722980499267578, [(12 52 29)-(9 21 24)-(11 21 20)-(14 19 7)-(9 20 3)-(0 0 22)-(5 61 1)]
0.714, 0.5525317138671875, [(8 39 14)-(9 56 30)-(4 37 4)-(11 17 29)-(12 55 2)-(10 56 22)-(5 44 29)]
0.7131000000000001, 0.5532354949951173, [(6 15 22)-(6 57 19)-(13 57 10)-(5 56 4)-(6 37 19)-(10 47 2)-(15 54 6)]
0.714, 0.5525317230224609, [(14 18 2)-(1 62 4)-(9 56 25)-(5 36 6)-(11 55 7)-(10 18 27)-(7 48 15)]
0.6791, 0.5407223480224609, [(2 43 22)-(0 42 10)-(10 30 26)-(2 4 31)-(1 6 0)-(12 14 24)-(3 63 2)]
0.714, 0.5525317810058594, [(3 4 4)-(14 14 31)-(8 41 23)-(3 29 13)-(14 31 23)-(12 41 8)-(13 7 4)]
0.7137, 0.5526365753173827, [(0 21 14)-(14 27 21)-(5 13 8)-(10 18 21)-(1 37 7)-(5 3 11)-(9 52 16)]
0.714, 0.5525413208007812, [(11 5 18)-(0 54 23)-(0 15 2)-(14 3 14)-(9 49 19)-(0 41 12)-(8 53 27)]
0.714, 0.5525317352294922, [(14 16 17)-(8 39 26)-(13 41 29)-(0 27 29)-(7 58 11)-(9 9 28)-(13 52 16)]
0.714, 0.5525317779541015, [(1 45 18)-(1 4 29)-(7 35 29)-(5 62 27)-(13 43 29)-(7 5 9)-(8 7 29)]
0.714, 0.5525317230224609, [(4 23 29)-(15 56 7)-(2 35 10)-(11 61 6)-(1 37 26)-(4 38 11)-(6 38 21)]
0.7118, 0.5572735382080078, [(12 6 20)-(1 4 18)-(2 31 6)-(7 0 21)-(11 43 17)-(4 15 24)-(2 16 29)]
0.714, 0.5525317230224609, [(10 42 9)-(11 16 2)-(4 2 28)-(7 53 24)-(3 46 3)-(12 58 4)-(3 4 29)]
0.714, 0.5525320037841797, [(14 8 1)-(10 24 18)-(5 50 8)-(10 48 17)-(13 15 8)-(11 40 7)-(6 10 1)]
0.714, 0.5525317230224609, [(13 51 25)-(9 19 2)-(2 25 1)-(15 55 10)-(2 38 28)-(0 50 8)-(7 26 4)]
0.6806, 0.508370704650879, [(2 19 29)-(6 59 13)-(0 28 26)-(8 7 1)-(13 2 31)-(6 58 28)-(15 51 18)]
0.714, 0.5525290008544922, [(7 51 12)-(0 6 15)-(5 57 31)-(2 63 19)-(10 12 18)-(14 19 31)-(7 19 12)]
0.714, 0.5525313995361328, [(0 33 21)-(9 45 26)-(7 52 0)-(15 44 14)-(10 23 13)-(3 48 0)-(7 48 12)]
0.714, 0.5525317260742187, [(8 21 26)-(2 20 6)-(15 39 19)-(7 46 2)-(8 18 0)-(2 48 8)-(13 4 19)]
0.714, 0.5525317291259766, [(3 41 3)-(11 51 29)-(14 33 9)-(9 41 4)-(11 5 3)-(10 42 13)-(7 42 16)]
0.714, 0.5525303924560547, [(2 1 7)-(5 29 6)-(2 20 16)-(2 63 13)-(13 54 1)-(5 30 31)-(9 17 15)]
0.714, 0.5525317260742187, [(7 45 15)-(13 52 0)-(6 35 21)-(12 36 4)-(0 8 10)-(7 9 8)-(3 52 22)]
0.7143999999999999, 0.5531991668701172, [(12 42 11)-(6 25 27)-(15 22 7)-(6 31 25)-(15 9 11)-(6 31 22)-(2 16 21)]
0.7128, 0.5515311920166015, [(5 56 15)-(3 18 11)-(14 58 18)-(11 59 2)-(15 22 22)-(12 5 23)-(15 52 1)]
0.7049, 0.552333187866211, [(15 63 5)-(6 34 10)-(7 35 5)-(1 19 11)-(10 26 15)-(10 14 25)-(8 13 13)]
0.5297000000000001, 0.5476368408203125, [(2 29 1)-(13 2 3)-(9 51 23)-(13 61 27)-(3 18 25)-(14 36 25)-(11 51 28)]
0.6987, 0.5375632400512695, [(11 2 10)-(5 48 24)-(3 30 21)-(11 60 6)-(2 37 12)-(12 5 25)-(15 15 22)]
0.714, 0.5525276214599609, [(6 24 18)-(2 20 3)-(0 26 15)-(14 20 10)-(5 10 0)-(10 9 15)-(7 35 18)]
0.7138, 0.5525244781494141, [(14 63 6)-(9 8 11)-(15 13 20)-(7 8 18)-(15 41 25)-(11 42 28)-(4 40 22)]
0.709, 0.5503507049560548, [(12 7 25)-(5 24 28)-(0 15 12)-(3 13 31)-(9 17 0)-(3 20 17)-(15 46 24)]
0.7133, 0.5514493774414062, [(7 24 26)-(12 43 3)-(6 25 0)-(13 31 4)-(9 11 5)-(9 6 2)-(9 7 29)]
0.714, 0.5525363769531251, [(6 37 15)-(5 45 23)-(6 49 17)-(8 1 6)-(12 24 3)-(10 40 25)-(3 18 21)]
0.714, 0.5525317169189452, [(4 30 18)-(15 31 2)-(14 30 22)-(4 49 24)-(11 24 29)-(14 17 22)-(2 38 14)]
0.714, 0.5525324279785155, [(6 10 9)-(12 30 4)-(5 37 19)-(13 24 31)-(7 25 0)-(4 5 0)-(6 23 12)]
0.7139, 0.5525302246093751, [(15 53 20)-(1 40 20)-(12 21 6)-(2 54 28)-(11 36 6)-(2 21 2)-(11 25 20)]
0.7143999999999999, 0.5527090850830079, [(1 16 0)-(3 46 24)-(7 3 24)-(4 45 1)-(7 43 14)-(1 35 24)-(2 11 27)]
0.714, 0.55253173828125, [(0 2 4)-(14 42 24)-(4 61 13)-(13 30 23)-(3 50 18)-(4 32 10)-(9 36 30)]
0.7139, 0.5525229248046875, [(8 61 28)-(0 27 6)-(1 23 6)-(12 27 19)-(14 15 21)-(0 37 7)-(12 18 3)]
0.714, 0.5525317230224609, [(6 37 7)-(13 11 30)-(15 18 2)-(10 37 9)-(1 37 15)-(3 44 16)-(8 34 18)]
0.714, 0.5525333709716798, [(13 37 7)-(5 16 15)-(0 16 8)-(12 57 14)-(8 48 18)-(10 54 23)-(15 43 3)]
0.714, 0.552531689453125, [(2 30 17)-(12 44 3)-(13 51 0)-(1 19 12)-(1 3 28)-(7 41 8)-(3 46 22)]
0.7133, 0.5528380859375, [(15 58 2)-(9 39 28)-(10 62 25)-(5 27 19)-(12 44 21)-(5 21 14)-(14 19 11)]
0.714, 0.5525317779541016, [(8 27 11)-(4 59 16)-(7 18 26)-(8 46 31)-(13 14 21)-(15 27 18)-(15 53 10)]
0.715, 0.5524722839355469, [(4 31 18)-(10 18 25)-(5 11 18)-(9 52 3)-(0 26 21)-(6 6 0)-(7 7 31)]
0.714, 0.5525342559814453, [(14 5 21)-(4 52 30)-(12 32 16)-(2 58 30)-(4 11 14)-(6 23 16)-(12 5 9)]
0.6906, 0.54036171875, [(11 13 30)-(14 16 11)-(0 20 31)-(9 19 2)-(1 37 24)-(1 44 10)-(0 22 10)]
0.7139, 0.5523798583984375, [(5 52 4)-(9 56 0)-(10 43 0)-(1 49 21)-(5 49 15)-(10 42 1)-(12 5 20)]
0.714, 0.5525318267822266, [(8 5 10)-(6 36 0)-(7 19 29)-(10 14 0)-(11 54 4)-(10 34 15)-(4 60 20)]
0.714, 0.5525317260742187, [(4 24 28)-(8 24 3)-(12 45 1)-(7 22 29)-(2 51 3)-(12 63 5)-(15 26 18)]
0.714, 0.5525317230224609, [(1 7 28)-(14 13 11)-(2 35 1)-(7 63 31)-(5 48 18)-(11 5 2)-(8 42 15)]
0.714, 0.5525318084716797, [(0 31 25)-(12 8 11)-(6 36 20)-(8 59 29)-(3 41 10)-(12 55 29)-(3 36 20)]
0.714, 0.5525261138916016, [(8 54 23)-(10 33 9)-(5 59 4)-(12 20 16)-(0 41 12)-(1 23 5)-(4 20 24)]
0.7129, 0.5561994201660156, [(6 26 26)-(13 20 1)-(13 50 30)-(15 13 7)-(3 40 12)-(12 50 20)-(3 23 7)]
0.28659999999999997, 0.8576730438232423, [(6 56 23)-(7 14 30)-(15 29 11)-(0 40 24)-(2 62 21)-(13 56 2)-(8 51 30)]
0.1025, 0.9998325469970704, [(5 16 18)-(13 52 10)-(7 26 20)-(5 48 9)-(2 36 20)-(0 12 30)-(4 1 21)]
0.714, 0.5525320434570313, [(10 0 7)-(3 5 3)-(5 14 0)-(3 43 12)-(8 26 3)-(9 57 7)-(15 38 21)]
0.1127, 0.0, [(13 25 31)-(10 13 1)-(8 14 13)-(1 2 30)-(8 32 11)-(14 37 29)-(14 16 1)]
0.7081999999999999, 0.555178012084961, [(11 60 14)-(12 37 8)-(5 22 4)-(0 63 13)-(9 7 27)-(8 10 20)-(12 15 23)]
0.714, 0.5525327087402344, [(7 31 19)-(6 31 0)-(4 46 10)-(5 25 18)-(15 53 17)-(9 14 5)-(3 35 2)]
0.714, 0.5525317413330078, [(10 14 7)-(13 41 2)-(9 7 26)-(9 47 24)-(15 42 21)-(14 48 10)-(13 37 2)]
0.7138, 0.5525241943359376, [(3 4 18)-(3 30 17)-(0 22 18)-(9 53 24)-(12 54 30)-(14 57 17)-(1 29 10)]
0.7142, 0.5509892395019531, [(5 15 8)-(2 2 20)-(11 1 5)-(12 51 21)-(15 35 27)-(5 56 28)-(7 16 7)]
0.5142, 0.4783440841674805, [(10 25 4)-(0 2 25)-(8 35 31)-(7 29 14)-(14 63 0)-(3 58 10)-(5 55 17)]
0.6367, 0.5129989044189454, [(0 1 24)-(13 35 0)-(4 56 25)-(9 41 11)-(13 16 27)-(3 13 10)-(0 46 18)]
0.714, 0.5525317199707032, [(5 34 0)-(3 54 1)-(7 57 26)-(11 31 27)-(0 61 31)-(14 23 29)-(3 48 10)]
0.6886, 0.5180300903320312, [(14 62 24)-(0 27 1)-(15 62 30)-(2 36 14)-(9 61 14)-(2 21 31)-(0 36 14)]
0.7006, 0.55659296875, [(6 14 25)-(5 37 17)-(11 53 22)-(10 43 20)-(1 22 5)-(0 9 16)-(8 31 27)]
0.6848000000000001, 0.5346128158569337, [(12 3 24)-(0 30 29)-(11 43 1)-(0 60 20)-(8 23 29)-(10 2 13)-(14 0 20)]
0.7139, 0.5525834930419922, [(3 2 7)-(9 11 22)-(14 42 7)-(10 22 22)-(2 35 20)-(12 45 31)-(7 33 17)]
0.7112, 0.5556913848876953, [(2 51 11)-(4 42 8)-(15 56 16)-(11 16 25)-(6 12 13)-(13 45 31)-(10 34 17)]
0.7101999999999999, 0.5535756591796874, [(7 20 28)-(0 55 27)-(14 22 4)-(5 19 22)-(8 54 15)-(6 54 28)-(7 59 23)]
0.714, 0.5525329864501953, [(2 2 29)-(0 34 11)-(0 44 15)-(3 1 10)-(7 10 0)-(2 55 30)-(5 37 31)]
0.7137, 0.5520685028076171, [(11 33 5)-(5 11 13)-(15 0 12)-(3 3 7)-(4 6 31)-(0 8 0)-(2 56 31)]
0.714, 0.5525318511962891, [(13 56 5)-(1 13 14)-(5 46 21)-(4 31 6)-(4 28 8)-(15 27 10)-(5 54 15)]
0.714, 0.5525317260742187, [(13 62 7)-(0 42 22)-(7 43 29)-(3 60 26)-(2 20 4)-(4 45 8)-(14 50 6)]
0.714, 0.5525317779541016, [(5 42 8)-(12 17 0)-(15 34 15)-(15 41 11)-(12 39 1)-(2 60 19)-(4 15 10)]
0.7139, 0.5524832000732423, [(12 1 16)-(11 56 14)-(2 50 18)-(11 1 2)-(1 55 17)-(9 10 22)-(6 13 4)]
0.714, 0.5525958068847656, [(11 62 20)-(3 11 1)-(6 12 15)-(9 35 3)-(8 12 16)-(6 21 18)-(13 45 10)]
0.7142, 0.5536560180664063, [(0 0 18)-(2 38 26)-(1 31 7)-(6 63 25)-(15 56 12)-(5 6 10)-(5 56 30)]
0.6081, 0.517690364074707, [(5 16 6)-(3 23 2)-(6 0 6)-(5 34 16)-(9 1 25)-(9 2 5)-(7 26 21)]
0.714, 0.5525312683105469, [(12 20 2)-(0 9 27)-(12 51 6)-(8 29 16)-(10 59 21)-(2 43 21)-(13 61 28)]
0.7139, 0.5524304260253906, [(9 34 28)-(1 29 22)-(4 29 2)-(8 27 10)-(14 53 27)-(6 35 5)-(3 36 9)]
0.714, 0.5525317291259766, [(11 32 9)-(12 45 26)-(6 44 15)-(5 11 0)-(4 42 2)-(6 61 4)-(4 35 12)]
0.7125999999999999, 0.5527161315917969, [(6 11 4)-(5 27 17)-(9 28 23)-(3 19 24)-(14 40 22)-(9 23 0)-(13 55 5)]
0.7138, 0.5525406707763671, [(10 53 19)-(0 45 31)-(5 30 29)-(8 62 23)-(4 6 29)-(5 2 15)-(1 2 6)]
0.714, 0.5525317169189452, [(15 46 10)-(4 61 6)-(14 18 29)-(8 60 6)-(15 10 21)-(11 39 30)-(12 44 13)]
0.714, 0.5525322082519531, [(4 43 20)-(11 2 2)-(15 45 27)-(4 5 3)-(2 55 31)-(15 43 15)-(11 19 14)]
0.714, 0.5525317352294923, [(9 59 22)-(12 0 29)-(5 15 3)-(5 42 24)-(8 50 23)-(13 62 16)-(4 50 27)]
0.714, 0.5525317230224609, [(8 51 29)-(15 56 23)-(1 37 24)-(14 63 26)-(10 47 0)-(8 57 15)-(14 16 14)]
0.7092, 0.5518051696777344, [(15 15 27)-(10 5 9)-(8 46 15)-(14 38 18)-(7 53 31)-(6 15 25)-(1 29 2)]
0.7086, 0.5429477661132813, [(5 14 12)-(7 21 10)-(1 23 26)-(3 32 12)-(13 16 29)-(1 24 3)-(4 54 6)]
0.7138, 0.5525470245361328, [(14 15 5)-(5 9 17)-(6 52 9)-(4 13 4)-(8 46 27)-(13 3 21)-(7 61 10)]
0.714, 0.5525385681152344, [(1 54 23)-(2 54 9)-(13 17 0)-(0 0 11)-(13 62 2)-(14 8 23)-(4 32 30)]
0.7123999999999999, 0.5520872314453125, [(10 62 0)-(11 0 4)-(15 4 4)-(10 54 22)-(8 10 5)-(5 28 26)-(3 48 17)]
0.7130000000000001, 0.5526627685546875, [(8 46 21)-(5 8 27)-(0 13 21)-(8 29 24)-(2 6 4)-(11 12 20)-(6 35 10)]
0.708, 0.5476920257568358, [(6 27 18)-(3 4 25)-(10 54 30)-(13 53 19)-(9 6 14)-(2 55 19)-(9 60 4)]
0.714, 0.5525317321777343, [(12 4 31)-(14 16 2)-(1 52 23)-(2 34 10)-(12 39 1)-(4 44 10)-(2 51 16)]
0.7135, 0.5520666046142578, [(12 5 22)-(11 55 11)-(10 62 21)-(1 54 18)-(13 39 18)-(8 25 14)-(9 54 25)]
0.6897, 0.534960272216797, [(14 54 12)-(4 56 5)-(15 61 12)-(11 26 31)-(0 11 28)-(1 63 13)-(14 41 1)]
0.7154, 0.5514620697021484, [(15 11 29)-(2 11 23)-(8 14 14)-(8 26 9)-(11 60 21)-(6 34 26)-(3 60 4)]
0.714, 0.5525392456054687, [(9 30 11)-(2 28 15)-(13 11 13)-(9 56 3)-(14 56 11)-(10 39 24)-(5 43 25)]
0.714, 0.5525317260742187, [(3 30 8)-(14 58 18)-(1 17 28)-(7 35 15)-(5 56 13)-(4 40 31)-(13 12 16)]
0.7141, 0.5524918731689452, [(9 56 14)-(6 11 6)-(0 42 10)-(12 5 18)-(7 36 30)-(13 2 5)-(15 4 29)]
0.714, 0.5525318267822266, [(4 35 11)-(6 54 2)-(11 36 12)-(10 27 13)-(2 40 10)-(0 44 28)-(9 40 13)]
0.09809999999999999, 0.8, [(4 35 17)-(1 24 9)-(10 23 1)-(7 18 25)-(14 17 0)-(12 29 1)-(0 28 30)]
0.7142, 0.5525745239257812, [(8 33 26)-(15 11 18)-(2 34 22)-(6 44 29)-(7 24 22)-(9 18 17)-(5 29 23)]
0.7142999999999999, 0.5527191345214844, [(6 29 12)-(3 40 3)-(12 9 9)-(5 13 0)-(8 34 28)-(5 19 19)-(14 6 19)]
0.714, 0.5525304077148437, [(6 39 22)-(11 25 14)-(12 55 11)-(9 24 16)-(11 30 26)-(3 45 20)-(15 31 23)]
0.7143999999999999, 0.5526667724609375, [(7 23 21)-(11 23 18)-(7 26 21)-(4 34 13)-(8 53 26)-(13 28 4)-(10 53 12)]
0.714, 0.5525317260742187, [(1 48 17)-(13 48 16)-(0 47 8)-(8 35 31)-(0 59 9)-(15 24 2)-(9 50 18)]
0.714, 0.5525318084716797, [(12 32 16)-(12 9 12)-(9 42 25)-(11 63 17)-(15 52 12)-(2 35 15)-(7 39 2)]
0.7139, 0.5512278686523437, [(1 4 0)-(4 18 31)-(5 63 12)-(2 40 29)-(12 44 15)-(5 51 2)-(3 28 12)]
0.714, 0.5525317901611329, [(7 59 28)-(8 51 11)-(5 0 4)-(3 49 19)-(7 46 27)-(2 39 21)-(10 24 27)]
0.7135, 0.5526199157714844, [(4 10 14)-(12 13 22)-(8 17 10)-(1 13 10)-(0 46 3)-(15 32 31)-(13 46 12)]
0.714, 0.5525317260742187, [(14 8 26)-(8 41 0)-(7 14 0)-(2 63 7)-(9 55 15)-(15 5 24)-(15 30 28)]
0.714, 0.5525207427978516, [(9 23 31)-(7 50 23)-(10 56 6)-(14 59 8)-(6 8 14)-(15 41 15)-(14 55 27)]
0.7138, 0.5525755310058593, [(9 4 2)-(1 43 17)-(1 51 24)-(14 32 16)-(8 27 18)-(12 41 4)-(3 7 10)]
0.6289, 0.5051898178100587, [(1 13 27)-(13 59 19)-(12 17 30)-(12 7 14)-(8 53 22)-(8 28 8)-(6 50 3)]
0.4689, 0.5556060455322266, [(1 24 7)-(5 19 24)-(13 40 1)-(14 49 19)-(7 27 3)-(4 17 21)-(7 2 27)]
0.7153, 0.5525072143554688, [(12 33 3)-(10 18 25)-(13 35 18)-(10 7 7)-(1 31 13)-(2 56 6)-(12 26 18)]
0.7142, 0.5529070678710937, [(10 4 0)-(4 26 20)-(7 44 13)-(1 63 9)-(5 8 10)-(7 23 1)-(15 40 17)]
0.714, 0.5525298461914063, [(8 5 5)-(0 14 27)-(15 60 6)-(13 28 5)-(7 53 4)-(3 8 16)-(10 34 18)]
0.714, 0.5525317077636719, [(7 55 16)-(14 28 5)-(9 37 19)-(1 4 11)-(14 25 16)-(7 42 13)-(0 55 12)]
0.7121, 0.5532954650878906, [(1 9 23)-(11 47 28)-(10 25 20)-(5 12 27)-(13 7 13)-(0 3 18)-(4 12 2)]
0.7128, 0.5509462646484375, [(0 42 29)-(5 11 16)-(10 20 31)-(11 9 0)-(6 30 19)-(10 38 29)-(8 38 4)]
0.714, 0.5525313507080079, [(9 3 8)-(0 60 24)-(6 53 11)-(5 54 20)-(7 34 29)-(8 22 13)-(7 49 8)]
0.714, 0.5525317352294922, [(3 18 26)-(1 55 9)-(7 46 18)-(9 56 9)-(5 28 28)-(9 63 3)-(8 47 2)]
0.7125999999999999, 0.5528576293945313, [(5 33 22)-(14 45 21)-(0 39 10)-(15 29 14)-(6 41 30)-(11 12 22)-(5 24 22)]
0.7141, 0.552477764892578, [(6 5 5)-(0 24 16)-(11 39 15)-(8 1 17)-(12 6 18)-(4 48 22)-(11 31 20)]
0.714, 0.5525317352294922, [(8 18 5)-(3 41 31)-(13 29 21)-(9 53 10)-(10 62 27)-(14 17 12)-(10 24 9)]
0.714, 0.55253232421875, [(8 48 4)-(6 21 11)-(14 28 11)-(6 55 6)-(10 35 8)-(0 3 6)-(13 22 6)]
0.7141, 0.5526654266357423, [(9 43 28)-(6 58 5)-(13 63 23)-(11 62 14)-(8 52 24)-(5 19 18)-(6 8 0)]
0.714, 0.5525316772460938, [(9 35 5)-(3 5 13)-(14 46 11)-(1 46 27)-(2 37 21)-(5 54 8)-(13 4 20)]
0.6839999999999999, 0.5506194824218751, [(8 17 24)-(12 40 18)-(7 61 30)-(10 41 18)-(2 58 26)-(4 32 23)-(9 54 4)]
0.7136, 0.552507162475586, [(11 60 5)-(9 25 17)-(6 46 1)-(7 4 19)-(14 60 5)-(8 14 22)-(0 17 3)]
0.7136, 0.5525356018066406, [(8 3 6)-(0 32 0)-(7 17 28)-(12 25 20)-(10 39 10)-(9 26 4)-(11 53 18)]
0.714, 0.5525319885253906, [(0 52 5)-(7 56 15)-(7 29 11)-(10 49 21)-(1 46 5)-(6 43 14)-(11 17 13)]
0.0994, 0.15000000000000002, [(15 55 0)-(14 56 23)-(12 12 30)-(7 49 8)-(14 31 31)-(0 1 20)-(7 13 20)]
0.6588, 0.5566971221923829, [(0 3 16)-(0 6 3)-(3 51 10)-(3 60 14)-(4 21 25)-(4 44 1)-(1 15 27)]
0.08230000000000001, 0.0, [(0 56 27)-(8 44 31)-(2 9 30)-(13 7 26)-(12 21 11)-(0 1 26)-(13 36 17)]
0.714, 0.5525329483032226, [(8 32 16)-(7 18 13)-(14 47 0)-(8 60 15)-(11 48 7)-(1 21 13)-(10 62 27)]
0.714, 0.5525323944091798, [(5 46 19)-(3 38 28)-(5 41 6)-(9 44 8)-(1 17 11)-(4 35 8)-(13 10 6)]
0.7136, 0.5524055999755859, [(15 2 16)-(4 14 10)-(1 0 12)-(10 9 29)-(9 50 30)-(8 12 7)-(7 23 22)]
0.619, 0.5041647201538086, [(8 33 31)-(15 24 1)-(15 51 22)-(14 55 8)-(2 32 5)-(5 42 9)-(1 17 31)]
0.7129000000000001, 0.5519789459228516, [(6 55 0)-(3 19 11)-(1 44 27)-(0 43 15)-(0 1 21)-(14 43 30)-(8 56 14)]
0.7091000000000001, 0.54507412109375, [(8 19 22)-(4 14 21)-(1 4 16)-(9 55 17)-(3 55 7)-(7 11 31)-(4 15 10)]
0.7142, 0.552405517578125, [(12 5 20)-(13 43 7)-(10 27 20)-(15 31 0)-(8 21 18)-(15 51 14)-(10 1 29)]
0.714, 0.5525318481445312, [(3 24 14)-(2 59 17)-(12 23 14)-(11 10 2)-(4 31 25)-(14 30 1)-(7 53 26)]
0.6946, 0.5332797134399414, [(5 9 22)-(6 60 21)-(14 56 5)-(15 40 21)-(8 29 25)-(6 0 28)-(15 7 4)]
0.7123999999999999, 0.5556328765869141, [(6 26 19)-(11 47 29)-(14 29 18)-(8 56 8)-(10 0 20)-(5 63 21)-(7 17 27)]
0.7126, 0.5552603118896484, [(0 45 5)-(1 48 22)-(15 24 31)-(8 22 9)-(15 52 3)-(2 16 26)-(9 48 29)]
0.7137, 0.5522955047607422, [(6 35 24)-(2 6 3)-(9 61 11)-(12 20 15)-(11 22 21)-(0 4 21)-(11 26 5)]
0.714, 0.5525313613891601, [(10 31 11)-(8 31 17)-(14 50 8)-(6 9 3)-(6 19 1)-(14 21 13)-(8 29 13)]
0.714, 0.55253173828125, [(2 53 10)-(8 32 30)-(2 36 27)-(12 3 0)-(15 35 1)-(13 23 16)-(4 22 0)]
0.7117, 0.5508061767578125, [(6 18 15)-(3 20 8)-(1 1 16)-(11 26 27)-(12 31 12)-(11 61 26)-(7 10 25)]
0.714, 0.5525317169189453, [(15 46 25)-(8 36 9)-(8 37 19)-(4 30 21)-(0 30 22)-(8 46 25)-(15 20 1)]
0.714, 0.5525452728271485, [(14 49 14)-(2 9 15)-(10 26 14)-(13 5 31)-(12 21 1)-(1 55 6)-(8 50 14)]
0.6716, 0.5263898910522461, [(3 10 7)-(15 61 9)-(11 43 12)-(1 9 31)-(7 21 23)-(9 59 17)-(13 3 20)]
0.714, 0.5525285186767578, [(4 40 4)-(0 14 1)-(2 58 26)-(10 25 16)-(6 34 16)-(10 58 14)-(10 22 28)]
0.7008, 0.5438801849365233, [(10 5 17)-(9 52 5)-(4 24 21)-(9 12 19)-(1 44 11)-(3 14 29)-(1 11 31)]
0.6627000000000001, 0.5474637451171875, [(5 1 26)-(6 53 6)-(15 12 2)-(15 15 17)-(8 28 28)-(14 9 21)-(9 32 27)]
0.7139, 0.5524061706542969, [(5 38 31)-(7 6 20)-(8 9 11)-(5 1 15)-(14 55 26)-(15 49 23)-(8 22 22)]
0.7126, 0.5548903167724609, [(5 51 11)-(5 29 7)-(10 15 16)-(6 22 31)-(5 34 30)-(14 55 9)-(12 29 14)]
0.714, 0.5525317260742187, [(2 55 11)-(4 60 12)-(4 46 14)-(12 6 2)-(11 28 4)-(11 50 12)-(15 3 5)]
0.714, 0.5525317321777343, [(9 37 11)-(12 36 23)-(0 26 8)-(6 29 28)-(3 55 5)-(5 15 3)-(2 42 3)]
0.714, 0.5525318359375, [(14 7 2)-(7 9 12)-(3 46 30)-(12 59 8)-(4 49 8)-(0 38 8)-(0 13 10)]
0.714, 0.5525317230224609, [(4 31 2)-(9 9 4)-(2 52 23)-(8 22 7)-(2 29 4)-(6 32 15)-(11 33 18)]
0.714, 0.5525358673095704, [(6 42 25)-(0 31 19)-(7 49 6)-(11 6 8)-(12 2 13)-(13 43 28)-(13 53 8)]
0.6185, 0.47918550415039063, [(10 41 11)-(5 49 15)-(12 28 12)-(13 44 13)-(5 2 19)-(2 6 30)-(12 50 6)]
0.713, 0.5512396850585938, [(11 31 7)-(4 52 24)-(6 11 26)-(7 54 11)-(3 20 5)-(2 29 27)-(2 23 31)]
0.5177, 0.534479441833496, [(6 61 0)-(13 10 5)-(2 1 25)-(15 54 22)-(15 41 18)-(13 34 8)-(14 6 16)]
0.714, 0.5525274627685547, [(8 13 12)-(6 25 14)-(13 57 12)-(15 33 27)-(10 20 20)-(2 42 7)-(0 60 20)]
0.7137, 0.5525980010986329, [(0 15 21)-(9 29 26)-(10 55 0)-(12 38 2)-(5 28 0)-(0 32 0)-(12 17 7)]
0.714, 0.5525317321777343, [(4 0 28)-(4 58 3)-(12 1 1)-(14 21 6)-(14 15 30)-(7 57 3)-(13 8 27)]
0.7133, 0.5492941619873046, [(13 26 1)-(13 25 25)-(5 7 16)-(4 19 31)-(12 53 18)-(13 47 27)-(10 36 5)]
0.714, 0.5525317169189452, [(4 35 19)-(11 35 18)-(2 43 8)-(3 21 29)-(15 56 31)-(10 54 10)-(6 58 9)]
0.0928, 0.0, [(1 62 4)-(4 44 0)-(1 41 28)-(10 19 30)-(9 43 12)-(6 11 6)-(15 15 13)]
0.714, 0.5525323455810547, [(1 3 12)-(12 57 17)-(12 28 29)-(3 47 5)-(13 7 14)-(13 33 30)-(3 43 5)]
0.714, 0.5525316131591796, [(13 56 8)-(3 56 16)-(9 35 14)-(5 56 3)-(6 46 14)-(13 12 19)-(9 23 13)]
0.7133, 0.5527123748779297, [(15 47 30)-(9 28 22)-(13 5 10)-(9 42 14)-(6 57 13)-(10 26 15)-(11 5 0)]
0.714, 0.552531771850586, [(4 59 22)-(0 32 4)-(0 21 28)-(6 10 13)-(11 33 14)-(11 21 7)-(15 29 24)]
0.714, 0.5525307189941406, [(11 2 29)-(3 53 14)-(3 33 12)-(5 42 28)-(3 20 18)-(5 5 12)-(5 0 3)]
0.714, 0.5525317810058594, [(11 18 29)-(6 37 11)-(11 39 22)-(0 28 9)-(12 39 14)-(15 32 5)-(1 13 13)]
0.714, 0.5525317260742187, [(15 17 6)-(6 58 1)-(12 50 3)-(11 61 8)-(2 61 25)-(10 48 30)-(8 19 26)]
0.708, 0.5568647918701173, [(11 35 12)-(2 15 9)-(1 0 0)-(4 5 25)-(14 28 6)-(9 52 15)-(1 34 29)]
0.7134, 0.5525798065185548, [(12 40 8)-(0 53 24)-(1 16 23)-(12 19 18)-(8 53 14)-(7 41 20)-(3 40 2)]
0.714, 0.5525316894531249, [(14 31 12)-(15 1 27)-(2 50 4)-(10 7 14)-(14 44 22)-(11 15 2)-(1 19 1)]
0.714, 0.552441845703125, [(12 16 21)-(10 46 31)-(14 41 22)-(13 30 9)-(13 32 22)-(6 4 28)-(11 30 16)]
0.714, 0.5525317657470703, [(11 59 0)-(12 39 2)-(12 22 13)-(4 33 19)-(15 36 31)-(10 33 16)-(13 39 11)]
0.714, 0.5525317230224609, [(13 18 3)-(5 59 13)-(4 17 5)-(8 10 2)-(12 39 18)-(3 55 29)-(10 22 1)]
0.714, 0.5525317321777343, [(12 54 2)-(0 55 15)-(1 32 17)-(15 62 3)-(14 1 6)-(10 54 20)-(8 35 25)]
0.7137, 0.5528290069580077, [(14 47 7)-(3 28 11)-(6 0 16)-(13 13 24)-(15 46 21)-(9 51 4)-(3 18 18)]
0.7135, 0.5525729080200195, [(0 19 9)-(8 32 27)-(14 13 24)-(10 33 1)-(4 61 10)-(5 15 21)-(8 26 5)]
0.1001, 0.0, [(7 31 27)-(14 6 30)-(14 60 12)-(10 31 26)-(6 1 30)-(3 31 6)-(0 53 0)]
0.7133, 0.5515056427001953, [(4 38 12)-(8 25 26)-(4 23 18)-(2 17 22)-(3 13 20)-(12 49 28)-(4 23 14)]
0.7049, 0.5491138793945312, [(15 23 31)-(15 12 0)-(3 30 16)-(10 19 25)-(13 6 22)-(5 31 22)-(9 43 0)]
0.7139, 0.5525866424560546, [(7 49 12)-(9 51 20)-(11 0 14)-(10 14 18)-(11 42 4)-(7 56 20)-(3 12 8)]
0.7152000000000001, 0.5537647216796875, [(15 10 5)-(9 62 8)-(1 39 6)-(2 9 10)-(15 61 11)-(11 27 24)-(1 33 9)]
0.714, 0.5525362335205077, [(11 63 20)-(8 30 28)-(0 47 26)-(7 21 2)-(15 53 28)-(6 6 15)-(0 61 15)]
0.7128, 0.5525241424560547, [(1 2 26)-(13 36 30)-(11 8 13)-(1 15 0)-(4 20 19)-(10 9 27)-(1 46 10)]
0.11030000000000001, 0.991004312133789, [(13 23 17)-(11 55 0)-(14 48 21)-(13 51 4)-(11 30 5)-(5 18 30)-(6 55 20)]
0.714, 0.5526519897460938, [(10 36 9)-(0 6 0)-(6 44 30)-(1 18 29)-(15 6 15)-(12 60 21)-(5 4 20)]
0.7138, 0.5525937896728516, [(14 24 15)-(14 3 7)-(6 3 18)-(4 61 5)-(12 43 25)-(0 52 31)-(12 41 23)]
0.7136, 0.5529388793945312, [(10 51 13)-(15 30 26)-(8 5 22)-(15 29 26)-(2 43 3)-(14 29 22)-(10 5 11)]
0.6745, 0.5185846054077148, [(5 53 4)-(12 18 14)-(15 60 25)-(2 54 7)-(13 60 0)-(4 58 18)-(4 1 31)]
0.1328, 0.0, [(0 51 11)-(9 16 30)-(15 39 19)-(2 51 12)-(1 34 0)-(2 11 5)-(5 61 31)]
0.5427, 0.4997631866455078, [(2 63 30)-(4 37 13)-(11 49 30)-(8 1 24)-(9 15 19)-(14 51 31)-(10 43 21)]
0.714, 0.5525313140869141, [(11 34 14)-(5 35 17)-(13 9 27)-(1 24 13)-(9 59 10)-(6 48 1)-(3 59 18)]
0.714, 0.552532113647461, [(6 26 6)-(8 47 10)-(1 34 1)-(8 0 7)-(13 42 9)-(8 45 27)-(6 57 15)]
0.7131000000000001, 0.5524591033935546, [(15 30 29)-(4 3 12)-(5 14 23)-(14 4 16)-(0 10 12)-(9 55 9)-(1 34 14)]
0.714, 0.5525335815429687, [(11 42 2)-(9 19 1)-(5 41 30)-(10 23 16)-(3 18 21)-(5 12 5)-(11 30 8)]
0.7139, 0.5525195739746094, [(3 52 26)-(3 36 8)-(8 31 7)-(5 22 9)-(13 59 24)-(3 8 18)-(9 58 4)]
0.7135, 0.5522089294433594, [(0 15 10)-(6 4 22)-(2 53 29)-(2 62 19)-(14 49 24)-(7 42 8)-(10 25 5)]
0.714, 0.5525317230224609, [(14 3 2)-(15 36 19)-(0 30 15)-(4 32 1)-(11 3 7)-(13 58 16)-(11 55 0)]
0.7136, 0.5534643066406251, [(8 10 19)-(6 9 22)-(12 53 15)-(8 0 3)-(6 11 19)-(14 22 8)-(15 16 21)]
0.7053, 0.5392297424316406, [(6 59 26)-(8 21 22)-(2 15 25)-(6 43 19)-(10 47 17)-(13 28 21)-(14 11 30)]
0.7084, 0.5601261291503906, [(9 5 15)-(8 3 10)-(2 14 24)-(3 28 12)-(14 30 24)-(11 39 7)-(2 13 23)]
0.7139, 0.5522288208007813, [(6 27 29)-(8 60 0)-(6 31 14)-(2 19 14)-(2 22 22)-(7 51 21)-(3 48 27)]
0.714, 0.5525317169189453, [(0 35 0)-(7 38 30)-(5 2 1)-(10 18 1)-(6 63 13)-(4 5 6)-(8 22 28)]
0.099, 0.0, [(12 0 13)-(10 49 10)-(5 7 5)-(4 48 31)-(8 28 7)-(15 1 30)-(12 43 23)]
0.7132000000000001, 0.5515707641601563, [(11 61 8)-(3 39 27)-(7 55 23)-(12 12 31)-(5 10 9)-(4 40 26)-(12 4 26)]
0.714, 0.5525342193603515, [(3 39 1)-(7 61 13)-(12 58 24)-(1 14 26)-(8 14 8)-(0 21 8)-(9 18 15)]
0.714, 0.5525317138671875, [(2 55 0)-(15 38 25)-(1 42 24)-(5 35 28)-(4 57 0)-(13 7 12)-(9 34 18)]
0.714, 0.5525317138671875, [(10 19 29)-(7 47 11)-(7 34 12)-(8 36 31)-(11 47 1)-(11 43 22)-(10 48 15)]
0.08879999999999999, 0.0, [(3 13 27)-(3 28 30)-(1 41 1)-(0 55 30)-(11 13 2)-(15 13 4)-(0 19 16)]
0.1446, 0.0, [(3 22 23)-(2 45 14)-(11 23 13)-(2 56 11)-(13 22 13)-(12 20 30)-(5 12 12)]
0.714, 0.5525317291259766, [(14 15 23)-(14 60 25)-(6 63 16)-(12 58 0)-(14 49 2)-(15 27 0)-(3 63 24)]
0.7142999999999999, 0.5524478118896484, [(0 60 14)-(4 16 16)-(5 54 0)-(1 4 20)-(1 30 13)-(14 13 23)-(0 1 7)]
0.714, 0.5525311157226562, [(14 19 13)-(15 29 7)-(5 47 8)-(1 45 25)-(12 6 7)-(4 44 8)-(5 5 14)]
0.7131000000000001, 0.5526296508789063, [(14 36 12)-(4 59 5)-(10 48 22)-(12 41 16)-(9 6 31)-(8 13 24)-(3 37 22)]
0.7135, 0.5526319732666016, [(9 10 3)-(5 28 21)-(14 26 30)-(8 21 19)-(4 15 1)-(15 51 29)-(2 5 9)]
0.6117999999999999, 0.4885671371459961, [(11 56 19)-(11 15 5)-(3 44 29)-(8 44 17)-(5 50 6)-(15 54 11)-(12 1 31)]
0.714, 0.552536294555664, [(13 49 7)-(14 3 4)-(7 25 18)-(3 14 9)-(12 11 10)-(7 37 31)-(15 33 22)]
0.714, 0.552523779296875, [(15 18 0)-(6 21 5)-(9 51 14)-(0 8 20)-(11 51 29)-(7 62 10)-(6 42 20)]
0.7061, 0.5423398071289063, [(3 61 25)-(14 33 0)-(5 6 17)-(3 11 25)-(5 59 31)-(10 53 16)-(9 29 25)]
0.4149, 0.6552681335449219, [(12 0 21)-(5 2 24)-(11 16 28)-(3 14 12)-(4 14 12)-(2 37 10)-(15 5 3)]
0.714, 0.5525350402832032, [(11 16 17)-(7 22 2)-(10 2 28)-(10 27 8)-(10 59 13)-(0 59 14)-(10 5 27)]
0.7141, 0.5526601745605468, [(14 13 7)-(10 43 24)-(9 51 6)-(13 5 28)-(0 9 17)-(14 39 12)-(2 16 19)]
0.714, 0.5525167144775391, [(5 60 20)-(6 29 17)-(6 41 28)-(6 35 7)-(9 6 17)-(11 22 19)-(7 15 21)]
0.714, 0.5525247344970703, [(3 28 2)-(1 21 6)-(12 43 3)-(10 33 16)-(5 55 28)-(8 7 27)-(11 29 20)]
0.714, 0.5525317321777343, [(15 38 23)-(10 33 18)-(7 33 24)-(3 50 30)-(12 26 1)-(3 1 29)-(8 63 25)]
0.714, 0.5525317291259766, [(15 35 24)-(14 24 27)-(0 50 24)-(10 24 27)-(12 59 8)-(9 55 9)-(0 59 9)]
0.714, 0.5525353424072266, [(5 55 2)-(11 1 14)-(14 21 23)-(0 12 16)-(5 63 30)-(13 41 24)-(7 20 10)]
0.714, 0.5525317321777343, [(15 41 26)-(15 62 21)-(2 42 11)-(2 55 11)-(2 33 20)-(5 26 9)-(1 5 4)]
0.1125, 0.0, [(8 21 30)-(15 58 20)-(10 5 10)-(10 5 9)-(12 40 12)-(1 46 5)-(3 37 29)]
0.7125, 0.5513957489013672, [(14 7 24)-(11 2 16)-(12 20 14)-(8 25 12)-(3 12 31)-(4 43 11)-(10 21 9)]
0.714, 0.5525317504882812, [(13 4 9)-(15 47 19)-(3 30 15)-(1 17 6)-(9 17 1)-(11 46 22)-(7 51 13)]
0.7137, 0.552617007446289, [(5 19 5)-(4 39 29)-(6 28 20)-(0 60 24)-(10 23 7)-(4 23 19)-(5 50 24)]
0.714, 0.5525318054199219, [(10 45 20)-(6 46 18)-(1 13 29)-(5 26 7)-(11 58 28)-(10 19 11)-(9 61 11)]
0.7130000000000001, 0.5536566223144531, [(2 29 21)-(6 15 29)-(6 14 22)-(0 21 20)-(4 40 2)-(4 58 8)-(1 36 30)]
0.714, 0.5525328186035157, [(2 52 10)-(5 43 12)-(2 23 2)-(5 31 11)-(12 55 0)-(14 17 21)-(10 0 9)]
0.7141, 0.5543210906982422, [(0 0 19)-(11 62 31)-(0 1 5)-(0 29 10)-(8 33 29)-(7 58 31)-(10 26 10)]
0.7093, 0.5492151016235352, [(9 45 23)-(5 60 17)-(9 8 25)-(8 11 2)-(15 32 13)-(9 45 19)-(9 52 7)]
0.7138, 0.5525359039306641, [(3 51 7)-(1 53 21)-(13 15 12)-(1 12 6)-(3 27 14)-(0 35 21)-(11 7 18)]
0.6491, 0.5294755798339843, [(9 48 6)-(12 28 25)-(0 42 12)-(11 32 16)-(8 22 4)-(2 30 7)-(14 16 13)]
0.7139, 0.5525205078125, [(6 39 1)-(2 57 6)-(3 59 5)-(8 36 4)-(9 10 19)-(13 22 7)-(5 13 19)]
0.7126, 0.5512104553222656, [(8 29 6)-(5 21 23)-(1 63 6)-(2 44 1)-(13 22 5)-(5 33 15)-(1 29 4)]
0.6910000000000001, 0.540918228149414, [(8 24 5)-(5 42 5)-(9 16 1)-(15 2 24)-(9 27 26)-(10 25 27)-(14 44 26)]
0.6711, 0.530418180847168, [(11 4 7)-(7 19 22)-(0 14 26)-(15 28 13)-(7 27 25)-(4 47 30)-(10 19 13)]
0.7138, 0.5524984344482422, [(0 4 8)-(2 42 21)-(3 50 21)-(1 20 8)-(8 12 22)-(15 47 27)-(0 38 7)]
0.7134, 0.5521557647705078, [(6 46 11)-(2 61 31)-(5 27 9)-(1 17 28)-(9 4 25)-(0 8 0)-(10 21 6)]
0.7137, 0.5524928527832031, [(3 17 10)-(13 19 8)-(10 26 19)-(11 32 16)-(6 4 19)-(12 44 25)-(3 49 6)]
0.7138, 0.5525234283447266, [(8 0 11)-(13 32 28)-(5 59 8)-(12 52 2)-(9 15 7)-(12 1 17)-(15 26 24)]
0.7132000000000001, 0.5531694183349609, [(7 48 15)-(14 13 14)-(9 39 5)-(14 37 12)-(14 28 2)-(6 26 11)-(7 16 22)]
0.7138, 0.5525371887207031, [(4 7 6)-(3 5 4)-(5 24 20)-(4 43 15)-(11 27 4)-(7 57 13)-(9 42 29)]
0.714, 0.5525317230224609, [(10 33 1)-(3 47 16)-(15 44 14)-(12 44 28)-(4 17 0)-(3 21 13)-(14 63 7)]
0.7136, 0.5527795349121094, [(4 58 25)-(1 52 15)-(0 34 4)-(10 14 21)-(15 43 3)-(15 11 18)-(7 50 19)]
0.7142, 0.5527341827392578, [(13 52 6)-(5 61 6)-(6 11 12)-(9 13 4)-(7 26 22)-(5 42 11)-(11 44 2)]
0.1608, 0.9294755493164062, [(8 3 30)-(7 5 25)-(9 20 13)-(7 50 25)-(4 9 8)-(14 26 27)-(14 36 2)]
0.714, 0.5525316162109375, [(12 53 25)-(10 40 24)-(13 4 4)-(10 63 13)-(2 18 11)-(6 63 17)-(5 62 5)]
0.714, 0.5521988433837891, [(15 54 23)-(9 54 28)-(10 38 15)-(1 42 13)-(11 62 28)-(1 40 16)-(2 4 22)]
0.7133, 0.5525598541259765, [(9 27 12)-(1 16 4)-(3 13 21)-(11 52 28)-(8 5 5)-(14 60 14)-(14 3 1)]
0.5869, 0.5651794128417968, [(3 61 11)-(8 20 25)-(6 24 23)-(10 18 28)-(2 4 29)-(6 23 8)-(1 50 13)]
0.714, 0.5525317169189453, [(11 10 29)-(6 41 14)-(5 34 23)-(13 10 26)-(0 57 9)-(13 9 31)-(5 18 4)]
0.714, 0.552544515991211, [(2 12 13)-(6 38 18)-(6 28 17)-(0 16 17)-(6 61 5)-(14 55 14)-(13 9 4)]
0.7139, 0.5525235076904297, [(9 15 24)-(10 63 22)-(5 5 18)-(4 45 6)-(4 20 1)-(14 7 20)-(7 36 17)]
0.714, 0.552531753540039, [(7 57 0)-(12 47 0)-(9 41 10)-(5 16 1)-(7 0 3)-(14 21 5)-(10 46 4)]
0.7117, 0.5580535034179688, [(13 49 13)-(7 0 21)-(4 34 13)-(14 50 20)-(6 36 11)-(12 7 17)-(8 8 20)]
0.7139, 0.5523941284179688, [(6 25 20)-(2 13 13)-(13 16 6)-(7 10 5)-(5 56 11)-(9 25 7)-(13 61 26)]
0.7141, 0.5525201507568359, [(9 55 28)-(7 25 31)-(6 4 8)-(6 30 1)-(3 36 14)-(7 46 3)-(4 3 20)]
0.1173, 0.0, [(12 4 1)-(8 26 30)-(3 38 6)-(2 21 26)-(12 19 24)-(13 14 24)-(2 2 8)]
0.7106, 0.5488913208007813, [(4 14 24)-(11 46 11)-(1 26 21)-(8 25 10)-(10 29 8)-(14 20 24)-(7 13 12)]
0.714, 0.5525759307861329, [(10 8 9)-(7 11 13)-(11 15 8)-(10 52 18)-(10 31 7)-(6 17 14)-(4 23 19)]
0.714, 0.5525317199707032, [(0 31 10)-(4 34 5)-(1 18 3)-(7 45 26)-(12 57 29)-(1 56 9)-(2 50 21)]
0.714, 0.5525317504882812, [(0 17 8)-(8 62 9)-(8 58 16)-(14 63 8)-(10 47 2)-(8 15 4)-(15 32 14)]
0.714, 0.5525259368896485, [(3 62 29)-(13 35 26)-(7 60 9)-(1 50 20)-(5 6 0)-(3 16 16)-(9 28 9)]
0.714, 0.5525317230224609, [(6 33 17)-(13 49 27)-(9 32 4)-(3 61 21)-(13 63 12)-(5 25 12)-(9 7 1)]
0.7138, 0.5534462829589843, [(5 57 9)-(11 39 6)-(8 18 12)-(5 8 22)-(2 26 9)-(11 17 9)-(7 18 25)]
0.7082, 0.5484225646972656, [(2 28 16)-(5 18 11)-(3 18 27)-(4 60 26)-(11 29 0)-(5 62 0)-(1 8 24)]
0.7134, 0.5526542297363282, [(10 53 25)-(14 36 30)-(11 45 24)-(1 22 13)-(11 16 22)-(6 0 3)-(1 7 28)]
0.714, 0.5525317840576172, [(9 15 12)-(0 57 20)-(2 42 14)-(2 11 2)-(7 6 3)-(6 37 1)-(8 61 2)]
0.714, 0.5525317321777343, [(15 3 24)-(3 41 4)-(5 30 18)-(10 15 29)-(6 52 8)-(12 44 31)-(15 41 10)]
0.714, 0.5525326965332031, [(3 28 2)-(7 6 27)-(8 32 0)-(8 9 14)-(13 60 31)-(12 56 7)-(13 44 7)]
0.714, 0.5525319091796874, [(10 19 6)-(14 26 26)-(15 36 24)-(5 57 26)-(0 9 10)-(0 45 6)-(0 48 4)]
0.7136, 0.5527028015136719, [(6 23 21)-(1 18 19)-(15 16 13)-(2 62 27)-(3 60 22)-(0 53 8)-(9 34 7)]
0.7139, 0.5525180267333984, [(13 39 15)-(7 47 19)-(0 34 6)-(6 5 28)-(5 21 18)-(10 17 12)-(1 59 30)]
0.7081, 0.5492266540527344, [(8 2 22)-(8 10 10)-(11 22 19)-(2 7 4)-(7 62 18)-(15 52 5)-(0 28 10)]
0.7121, 0.5551476074218751, [(10 19 24)-(7 47 24)-(5 40 24)-(0 27 8)-(4 50 3)-(2 57 24)-(3 30 23)]
0.714, 0.5525317291259766, [(5 15 7)-(0 35 12)-(13 33 12)-(4 44 25)-(2 29 26)-(5 63 9)-(4 53 1)]
0.7104, 0.5513282806396484, [(9 12 20)-(15 28 1)-(14 6 8)-(13 37 30)-(7 33 23)-(6 18 26)-(8 14 13)]
0.714, 0.5525316833496094, [(3 45 6)-(7 60 9)-(10 33 7)-(1 8 10)-(4 47 12)-(14 16 5)-(14 4 13)]
0.7131000000000001, 0.5549482452392578, [(6 19 23)-(2 16 22)-(3 7 12)-(0 60 16)-(13 38 14)-(11 45 29)-(15 23 14)]
0.714, 0.5525317260742187, [(2 36 30)-(2 40 3)-(15 23 30)-(3 39 7)-(8 53 6)-(14 6 31)-(12 57 28)]
0.7143, 0.5524620391845703, [(10 40 23)-(8 46 23)-(4 31 14)-(13 22 4)-(13 1 19)-(1 36 2)-(1 54 25)]
0.7136, 0.5522442230224609, [(4 45 6)-(14 34 13)-(6 11 15)-(6 48 8)-(12 54 17)-(13 1 21)-(3 34 15)]
0.7139, 0.552498178100586, [(5 51 0)-(13 5 6)-(1 29 9)-(4 8 28)-(3 22 6)-(8 1 19)-(7 41 6)]
0.6758, 0.5494844268798829, [(2 46 21)-(3 19 17)-(2 19 5)-(3 45 5)-(7 0 12)-(4 44 5)-(8 9 26)]
0.6741999999999999, 0.5186098358154296, [(10 24 26)-(7 21 28)-(13 21 13)-(6 38 20)-(3 12 28)-(9 33 15)-(4 1 31)]
0.7139, 0.5524528625488281, [(6 46 31)-(6 1 17)-(2 43 4)-(15 35 11)-(8 47 26)-(13 17 1)-(3 27 11)]
0.7131000000000001, 0.5533272308349609, [(10 12 20)-(11 38 5)-(6 57 18)-(12 19 14)-(6 42 5)-(6 19 21)-(10 4 13)]
0.7081, 0.5394970718383789, [(4 31 7)-(9 47 12)-(14 25 22)-(6 13 20)-(7 57 13)-(2 4 26)-(11 25 1)]
0.712, 0.5559083587646485, [(11 52 14)-(2 48 6)-(9 32 6)-(9 56 20)-(5 19 1)-(0 25 13)-(14 2 23)]
0.7126, 0.5502566497802734, [(4 15 31)-(8 20 22)-(0 8 11)-(2 33 20)-(6 7 11)-(15 29 8)-(6 10 22)]
0.7142, 0.5523520660400391, [(5 18 22)-(2 4 12)-(11 50 15)-(0 32 2)-(6 17 13)-(7 22 31)-(5 46 10)]
0.714, 0.5525317687988281, [(4 62 22)-(9 49 10)-(14 40 4)-(4 31 28)-(14 53 26)-(4 15 12)-(2 38 25)]
0.7137, 0.5525767639160156, [(2 25 8)-(7 10 21)-(12 55 20)-(5 59 21)-(13 18 5)-(12 44 22)-(1 63 30)]
0.7137, 0.5527871017456054, [(13 3 8)-(4 31 6)-(8 9 20)-(1 53 3)-(0 62 28)-(8 19 21)-(9 6 11)]
0.7136, 0.5512587371826172, [(14 43 22)-(11 28 31)-(9 11 14)-(6 24 20)-(7 7 5)-(9 41 20)-(2 27 0)]
0.7135, 0.5525858978271485, [(14 38 6)-(3 0 16)-(4 17 10)-(9 63 3)-(5 50 0)-(6 58 26)-(15 48 27)]
0.7149000000000001, 0.5532064331054687, [(14 39 25)-(13 44 8)-(7 58 10)-(12 31 7)-(0 54 5)-(4 36 22)-(11 15 24)]
0.714, 0.55253173828125, [(11 48 12)-(10 1 28)-(0 59 2)-(10 32 21)-(10 18 1)-(2 1 3)-(8 5 2)]
0.7117, 0.5531176727294922, [(8 19 23)-(11 60 16)-(8 54 24)-(2 49 25)-(1 32 11)-(13 34 7)-(5 25 16)]
0.714, 0.5525105865478516, [(4 3 15)-(13 25 12)-(7 31 7)-(5 62 24)-(2 13 18)-(13 47 16)-(14 5 14)]
0.714, 0.552531903076172, [(12 33 13)-(3 18 13)-(15 28 23)-(0 14 27)-(7 35 18)-(12 50 2)-(3 32 16)]
0.714, 0.5525317291259766, [(0 26 6)-(3 62 11)-(11 13 6)-(15 15 14)-(5 30 20)-(5 51 23)-(0 34 3)]
0.7138, 0.5525231597900391, [(3 17 18)-(11 4 3)-(10 43 27)-(2 43 23)-(4 35 2)-(4 51 4)-(5 33 4)]
0.714, 0.5524718933105468, [(10 20 5)-(13 63 28)-(6 8 28)-(7 46 0)-(7 18 12)-(2 25 18)-(0 32 3)]
0.7121, 0.5530698303222656, [(5 32 10)-(3 25 17)-(15 44 3)-(14 1 23)-(5 10 19)-(5 29 19)-(1 60 31)]
0.7139, 0.5525246582031249, [(2 10 21)-(7 57 19)-(5 46 2)-(7 52 29)-(1 46 29)-(6 36 26)-(12 8 8)]
0.7137, 0.5524566864013671, [(2 18 18)-(7 55 7)-(9 13 17)-(8 26 12)-(0 10 15)-(9 29 22)-(2 51 9)]
0.7133, 0.5524051086425781, [(5 16 27)-(10 47 27)-(11 33 15)-(4 34 1)-(10 2 21)-(7 24 19)-(5 11 7)]
0.6402, 0.5558811401367187, [(8 18 24)-(12 16 28)-(11 12 9)-(12 52 31)-(13 43 1)-(6 32 15)-(14 48 1)]
0.714, 0.5525317230224609, [(15 59 0)-(15 18 24)-(14 32 22)-(0 42 14)-(1 58 3)-(2 44 29)-(15 17 19)]
0.7138, 0.5525901977539063, [(0 51 31)-(2 12 19)-(2 8 0)-(2 53 4)-(9 44 20)-(7 0 15)-(13 27 6)]
0.714, 0.55253173828125, [(1 53 28)-(8 26 9)-(1 60 15)-(12 34 13)-(7 63 1)-(9 15 4)-(1 47 19)]
0.714, 0.5525316375732422, [(15 55 27)-(14 55 10)-(11 12 3)-(2 53 19)-(3 20 12)-(15 4 11)-(10 55 7)]
0.6974, 0.5511132720947265, [(15 12 10)-(8 22 13)-(6 20 31)-(0 23 25)-(4 60 1)-(14 24 9)-(14 41 16)]
0.4944, 0.5589183837890626, [(7 15 28)-(14 28 31)-(6 12 11)-(7 1 24)-(12 29 19)-(9 58 7)-(13 22 16)]
0.7136, 0.5526480010986328, [(4 53 28)-(5 45 0)-(1 21 22)-(0 39 17)-(1 50 28)-(15 9 1)-(11 51 20)]
0.714, 0.5525317260742187, [(15 29 8)-(9 14 5)-(12 38 4)-(11 3 6)-(6 14 26)-(8 54 26)-(6 32 8)]
0.7131000000000001, 0.5529528045654297, [(14 18 16)-(12 22 26)-(7 1 28)-(5 52 17)-(8 29 8)-(7 7 6)-(15 29 22)]
0.7107, 0.5579470336914063, [(15 16 20)-(7 14 8)-(14 29 7)-(2 17 23)-(5 48 17)-(5 61 30)-(11 43 29)]
0.7047, 0.5548516052246094, [(4 17 6)-(6 23 13)-(4 11 15)-(3 46 8)-(7 16 25)-(13 10 13)-(1 55 15)]
0.7121999999999999, 0.5529579528808595, [(8 63 24)-(2 2 9)-(11 0 1)-(1 17 23)-(11 37 21)-(0 3 2)-(0 28 10)]
0.09809999999999999, 0.75, [(0 28 30)-(0 17 14)-(15 17 26)-(1 10 20)-(2 45 17)-(14 54 8)-(0 19 27)]
0.714, 0.5525344207763672, [(14 30 9)-(5 13 20)-(0 20 8)-(14 39 15)-(12 47 11)-(9 58 31)-(2 39 5)]
0.714, 0.552529150390625, [(15 11 27)-(4 1 14)-(9 4 2)-(2 49 26)-(4 46 25)-(11 8 7)-(12 40 7)]
0.7124, 0.5522411804199219, [(11 41 11)-(15 43 12)-(4 38 16)-(3 57 7)-(5 19 25)-(5 16 11)-(3 34 19)]
0.7121999999999999, 0.5533220703125, [(10 18 22)-(11 12 23)-(6 40 11)-(7 53 14)-(1 25 8)-(10 39 2)-(15 1 27)]
0.714, 0.5525315551757812, [(1 39 26)-(4 6 29)-(8 16 27)-(11 27 2)-(5 20 11)-(9 51 14)-(13 7 16)]
0.6951, 0.5388001388549805, [(15 45 27)-(0 42 26)-(6 40 23)-(5 38 10)-(2 10 0)-(9 21 30)-(4 11 3)]
0.1148, 0.0, [(14 19 19)-(8 4 8)-(14 9 14)-(0 39 19)-(4 14 30)-(7 61 18)-(9 11 15)]
0.6802, 0.5392873916625978, [(9 22 8)-(2 39 4)-(5 5 25)-(2 11 8)-(6 59 20)-(4 26 14)-(8 47 31)]
0.714, 0.5525317932128906, [(5 23 9)-(9 6 4)-(12 61 30)-(1 14 7)-(6 2 7)-(14 45 22)-(1 57 21)]
0.714, 0.552531869506836, [(15 28 4)-(1 3 7)-(12 24 17)-(14 0 5)-(9 43 7)-(8 41 9)-(2 18 1)]
0.7135, 0.5529116973876953, [(0 9 4)-(0 33 1)-(15 58 1)-(8 59 31)-(8 27 22)-(13 10 8)-(9 50 0)]
0.714, 0.5525329803466796, [(7 31 7)-(3 37 9)-(8 29 13)-(5 16 15)-(3 48 30)-(14 50 4)-(12 25 27)]
0.714, 0.5525317321777343, [(1 42 31)-(2 41 1)-(15 27 9)-(11 38 8)-(13 36 4)-(14 39 23)-(15 60 29)]
0.714, 0.5525317291259766, [(1 45 25)-(10 50 10)-(1 42 14)-(4 51 21)-(10 29 2)-(11 9 8)-(4 40 9)]
0.714, 0.5525367889404297, [(6 29 21)-(1 3 8)-(15 52 21)-(3 12 9)-(7 27 28)-(8 42 12)-(8 52 1)]
0.714, 0.5525317230224609, [(15 44 26)-(4 33 12)-(2 53 21)-(4 35 27)-(2 55 31)-(4 61 12)-(0 62 27)]
0.714, 0.5525317291259766, [(2 48 29)-(9 12 9)-(0 40 13)-(8 34 22)-(4 3 28)-(5 53 8)-(11 15 6)]
0.7142999999999999, 0.5525608001708985, [(6 20 1)-(6 21 15)-(8 38 31)-(10 59 28)-(11 14 19)-(13 26 27)-(15 62 11)]
0.7113, 0.5509837219238282, [(4 63 6)-(1 52 3)-(5 34 2)-(5 15 25)-(14 31 16)-(6 37 2)-(5 20 6)]
0.1694, 0.9603577514648438, [(4 4 18)-(10 61 7)-(6 21 30)-(15 41 4)-(10 46 27)-(4 59 4)-(3 55 18)]
0.714, 0.5525314422607421, [(12 30 29)-(9 26 10)-(2 31 19)-(0 45 25)-(9 45 26)-(3 14 14)-(4 16 9)]
0.7138, 0.5528841430664062, [(10 8 13)-(2 33 31)-(14 21 12)-(13 21 13)-(12 32 18)-(10 62 24)-(2 0 18)]
0.714, 0.5525317352294922, [(5 15 1)-(6 12 5)-(8 48 24)-(12 30 29)-(2 15 26)-(12 62 22)-(1 35 8)]
0.7139, 0.5489782531738281, [(1 29 8)-(1 62 21)-(4 3 13)-(13 44 4)-(8 31 1)-(6 26 8)-(11 29 26)]
0.7134, 0.5525480407714843, [(8 30 13)-(13 31 6)-(10 53 16)-(14 38 19)-(5 24 22)-(0 1 29)-(10 24 10)]
0.711, 0.5585338775634765, [(2 0 22)-(8 21 6)-(12 13 15)-(2 25 17)-(0 2 13)-(1 19 15)-(10 40 28)]
0.7139, 0.5525363403320313, [(2 35 16)-(1 1 29)-(4 7 29)-(3 56 23)-(6 3 26)-(13 38 26)-(10 1 16)]
0.6503, 0.5020351669311524, [(9 58 0)-(2 2 23)-(14 36 20)-(10 11 5)-(14 32 8)-(13 7 22)-(13 57 15)]
0.7133, 0.5525879913330078, [(14 6 7)-(5 55 9)-(7 58 19)-(0 8 24)-(14 5 9)-(14 19 29)-(11 56 24)]
0.5721, 0.4428338272094726, [(4 53 20)-(6 47 30)-(6 1 25)-(5 29 26)-(14 58 4)-(9 60 16)-(15 40 18)]
0.7139, 0.5512046936035156, [(15 61 19)-(5 24 24)-(14 13 6)-(14 55 31)-(15 26 18)-(6 50 22)-(1 55 0)]
0.2792, 0.7355387084960938, [(7 52 16)-(1 0 25)-(8 46 29)-(13 25 29)-(10 28 8)-(15 41 9)-(11 23 13)]
0.7137, 0.552655157470703, [(6 29 24)-(13 37 25)-(4 58 0)-(4 57 10)-(2 56 5)-(14 13 15)-(15 12 15)]
0.714, 0.5525274017333984, [(11 31 12)-(12 45 24)-(2 25 10)-(8 3 16)-(6 10 9)-(1 40 19)-(15 41 9)]
0.7139, 0.5511207366943359, [(15 34 28)-(1 10 7)-(9 15 31)-(4 29 9)-(11 56 1)-(11 3 21)-(10 4 4)]
0.714, 0.5525326995849609, [(10 2 14)-(15 29 14)-(12 36 14)-(11 43 26)-(0 14 0)-(15 40 13)-(5 5 27)]
0.7125999999999999, 0.5551189147949218, [(6 17 10)-(15 22 25)-(5 20 22)-(13 20 14)-(3 59 0)-(6 17 23)-(7 33 20)]
0.714, 0.5525317260742187, [(9 34 19)-(7 61 14)-(6 13 6)-(12 61 18)-(12 51 1)-(2 50 3)-(7 41 18)]
0.7141, 0.5525934539794921, [(11 8 11)-(8 21 17)-(5 0 27)-(11 57 13)-(12 22 24)-(7 26 1)-(13 18 6)]
0.7024, 0.5471281097412108, [(8 50 13)-(0 58 5)-(4 20 9)-(5 46 5)-(8 40 9)-(9 2 3)-(8 14 25)]
0.7138, 0.552877230834961, [(7 7 22)-(3 29 16)-(10 27 20)-(4 11 8)-(4 37 9)-(7 56 31)-(10 31 2)]
0.1005, 0.15000000000000002, [(0 37 7)-(0 10 8)-(1 16 25)-(5 12 31)-(14 51 31)-(2 26 30)-(14 55 13)]
0.7136, 0.5525205780029296, [(0 51 17)-(9 18 15)-(2 44 23)-(9 23 28)-(1 1 16)-(14 48 20)-(1 28 28)]
0.1789, 0.0, [(9 25 30)-(9 32 10)-(6 46 7)-(11 38 1)-(6 12 7)-(12 22 12)-(15 55 29)]
0.1259, 0.04941738586425781, [(12 50 17)-(13 13 31)-(6 9 19)-(0 44 17)-(2 14 26)-(1 0 14)-(10 20 30)]
0.5768, 0.4924118148803711, [(9 0 10)-(15 28 26)-(12 59 11)-(11 60 1)-(1 3 31)-(10 45 9)-(4 46 31)]
0.15839999999999999, 0.9473833038330077, [(5 55 15)-(13 42 30)-(11 35 9)-(6 2 21)-(5 45 3)-(5 23 30)-(3 21 27)]
0.6424, 0.5083573135375976, [(6 9 28)-(5 56 18)-(5 12 30)-(10 36 20)-(8 22 22)-(7 50 4)-(14 62 2)]
0.7139, 0.5529375122070312, [(3 15 1)-(13 52 7)-(3 34 12)-(3 44 28)-(2 22 7)-(0 9 31)-(1 18 27)]
0.7145, 0.5538131561279297, [(2 6 16)-(13 28 25)-(5 33 25)-(7 6 31)-(0 61 8)-(10 29 27)-(9 60 31)]
0.714, 0.5526530059814453, [(9 34 9)-(2 9 18)-(1 11 2)-(11 0 28)-(1 30 14)-(15 31 18)-(11 40 10)]
0.7138, 0.5526929748535157, [(2 48 5)-(9 40 8)-(12 47 30)-(0 39 16)-(11 31 15)-(10 13 26)-(13 3 11)]
0.7142, 0.5535313507080077, [(0 29 18)-(3 18 21)-(10 25 19)-(15 0 19)-(7 21 15)-(9 40 20)-(10 48 27)]
0.7091000000000001, 0.5495173065185547, [(2 19 26)-(0 39 22)-(3 14 25)-(3 8 10)-(8 5 24)-(8 49 5)-(0 0 8)]
0.714, 0.5525319946289062, [(13 63 21)-(9 16 12)-(1 57 25)-(0 29 6)-(15 34 5)-(0 3 8)-(12 32 4)]
0.7138, 0.5525546966552735, [(1 49 23)-(1 45 31)-(5 0 27)-(7 19 19)-(8 57 30)-(12 22 1)-(4 49 5)]
0.714, 0.5525318267822266, [(14 11 19)-(14 18 29)-(0 58 18)-(1 14 9)-(6 30 5)-(1 14 2)-(8 4 8)]
0.7127, 0.5518089324951172, [(1 58 0)-(1 40 27)-(11 5 12)-(9 63 25)-(8 14 24)-(4 21 1)-(12 3 22)]
0.714, 0.5525341949462891, [(15 41 2)-(7 13 16)-(4 28 11)-(10 30 10)-(11 13 4)-(14 51 16)-(14 35 27)]
0.6815, 0.5359267181396484, [(13 42 13)-(7 7 3)-(11 2 26)-(15 22 30)-(7 26 30)-(2 32 0)-(8 34 6)]
0.715, 0.5525720275878907, [(4 15 5)-(6 15 20)-(0 34 20)-(2 7 28)-(10 18 25)-(0 25 27)-(6 30 11)]
0.09759999999999999, 0.0, [(5 27 18)-(11 23 12)-(14 4 21)-(12 16 23)-(5 4 30)-(13 26 14)-(6 6 6)]
0.714, 0.5525318939208985, [(0 0 2)-(12 51 26)-(6 40 27)-(4 35 16)-(7 20 9)-(0 48 23)-(0 55 6)]
0.714, 0.5525333435058594, [(6 15 16)-(8 50 18)-(0 49 27)-(9 6 14)-(11 36 8)-(10 40 7)-(12 11 15)]
0.712, 0.5498108795166016, [(9 59 30)-(3 61 26)-(15 29 28)-(9 52 26)-(3 1 22)-(10 39 0)-(7 12 31)]
0.714, 0.5525282775878906, [(7 40 6)-(15 35 19)-(7 38 10)-(1 20 5)-(2 11 14)-(0 36 5)-(15 19 5)]
0.714, 0.55252958984375, [(6 45 11)-(2 6 13)-(13 8 3)-(0 22 14)-(2 57 18)-(2 15 28)-(9 33 13)]
0.714, 0.5525145263671876, [(4 61 18)-(11 26 29)-(2 4 3)-(6 16 11)-(5 33 14)-(4 28 0)-(2 5 18)]
0.7137, 0.5525555877685546, [(7 30 28)-(8 21 8)-(12 28 20)-(6 15 3)-(1 5 21)-(9 21 19)-(1 9 19)]
0.714, 0.5525317321777343, [(14 10 12)-(5 52 22)-(14 32 8)-(6 7 26)-(10 34 16)-(13 8 23)-(4 40 17)]
0.714, 0.5525317169189453, [(12 58 3)-(13 12 3)-(11 31 20)-(0 35 22)-(6 32 28)-(14 44 7)-(6 1 29)]
0.7142, 0.552024658203125, [(11 30 31)-(7 39 18)-(6 5 23)-(5 60 14)-(12 43 2)-(2 50 14)-(1 5 5)]
0.7139, 0.5525530334472657, [(12 28 17)-(1 41 2)-(4 4 15)-(15 44 31)-(5 10 14)-(15 17 20)-(1 3 16)]
0.6507000000000001, 0.5628742675781251, [(13 1 5)-(10 61 15)-(8 34 10)-(6 37 11)-(4 15 25)-(11 27 15)-(2 42 25)]
0.7077, 0.5465273864746094, [(10 60 27)-(2 2 4)-(2 37 18)-(11 29 25)-(12 44 23)-(14 11 3)-(11 27 26)]
0.7118, 0.5565093200683593, [(10 0 14)-(6 9 31)-(7 7 1)-(14 47 15)-(15 54 9)-(3 61 16)-(13 60 25)]
0.7137, 0.5525574798583984, [(1 46 31)-(2 45 4)-(3 38 6)-(14 21 18)-(9 27 14)-(1 25 19)-(1 16 20)]
0.593, 0.5671594512939453, [(4 26 25)-(3 27 17)-(8 31 28)-(11 17 22)-(11 5 15)-(0 21 3)-(9 51 23)]
0.714, 0.5525316802978515, [(6 8 3)-(6 59 6)-(4 32 8)-(3 8 8)-(5 8 14)-(3 18 6)-(7 32 15)]
0.1194, 0.0, [(14 21 25)-(10 24 25)-(13 49 31)-(5 62 10)-(1 16 30)-(11 11 28)-(7 20 2)]
0.6738, 0.5119541412353515, [(10 53 27)-(10 43 13)-(2 53 19)-(8 58 25)-(12 17 20)-(2 24 30)-(13 45 10)]
0.556, 0.5808125915527345, [(1 0 9)-(8 49 13)-(11 23 11)-(14 0 26)-(11 45 8)-(2 6 0)-(6 53 28)]
0.7133, 0.5528017639160157, [(14 43 5)-(6 29 31)-(15 16 10)-(15 56 24)-(5 43 6)-(2 63 13)-(2 38 26)]
0.714, 0.5525323547363281, [(7 45 6)-(0 24 10)-(5 39 16)-(9 48 26)-(11 56 26)-(9 5 12)-(11 2 7)]
0.7141, 0.550638916015625, [(6 46 1)-(4 21 5)-(6 8 21)-(15 34 20)-(15 40 20)-(0 34 17)-(4 1 21)]
0.714, 0.55253173828125, [(8 26 11)-(1 19 9)-(0 15 27)-(12 37 26)-(12 46 2)-(8 35 27)-(11 49 14)]
0.49920000000000003, 0.5289399108886719, [(4 5 24)-(9 0 31)-(4 13 13)-(4 59 25)-(14 54 3)-(5 34 27)-(1 30 12)]
0.714, 0.5525322357177734, [(6 49 24)-(14 14 30)-(8 4 7)-(13 49 15)-(5 29 28)-(11 11 13)-(6 58 8)]
0.714, 0.5525317291259766, [(10 43 30)-(0 38 0)-(11 1 3)-(4 23 4)-(11 63 27)-(4 32 2)-(2 61 23)]
0.7138, 0.5525479660034179, [(1 10 21)-(10 33 18)-(15 0 11)-(10 31 13)-(2 26 1)-(15 24 1)-(10 59 25)]
0.714, 0.5525317291259766, [(12 36 5)-(6 39 11)-(13 59 15)-(8 27 3)-(2 61 21)-(1 58 3)-(0 37 5)]
0.6990000000000001, 0.5459245544433594, [(10 40 26)-(4 9 13)-(12 13 14)-(10 1 31)-(12 16 18)-(1 5 20)-(2 59 17)]
0.7136, 0.5499028778076172, [(1 19 19)-(1 4 29)-(2 15 13)-(11 13 24)-(15 7 11)-(7 53 18)-(13 49 10)]
0.714, 0.5525318634033203, [(15 11 30)-(8 1 1)-(13 37 13)-(13 48 2)-(6 51 5)-(3 11 11)-(5 41 14)]
0.15889999999999999, 0.9632530273437501, [(10 23 2)-(11 26 2)-(8 48 23)-(14 43 15)-(10 20 28)-(7 46 7)-(4 10 30)]
0.7135, 0.5525998199462892, [(0 11 19)-(4 37 25)-(9 9 29)-(1 44 11)-(4 17 20)-(8 49 6)-(14 56 29)]
0.714, 0.5525317413330078, [(9 31 20)-(9 42 3)-(9 0 2)-(15 51 7)-(9 59 13)-(11 50 1)-(11 17 28)]
0.714, 0.5525316833496094, [(12 47 23)-(13 3 21)-(1 18 9)-(6 51 18)-(12 27 27)-(5 36 3)-(13 43 21)]
0.7139, 0.5525614715576173, [(14 59 27)-(11 62 26)-(9 24 28)-(5 41 14)-(0 29 22)-(13 14 28)-(3 54 19)]
0.112, 0.0, [(1 25 30)-(0 16 30)-(3 1 18)-(14 44 31)-(5 29 10)-(0 18 2)-(9 11 27)]
0.7137, 0.5520982666015625, [(14 6 21)-(6 16 13)-(3 48 1)-(2 13 3)-(0 56 15)-(4 11 23)-(13 45 31)]
0.714, 0.5525317352294922, [(12 63 12)-(11 62 11)-(8 53 15)-(3 47 25)-(9 18 29)-(2 46 16)-(6 2 28)]
0.714, 0.5525405883789063, [(15 25 1)-(4 48 3)-(9 20 16)-(10 49 8)-(12 58 20)-(9 49 13)-(13 24 30)]
0.7036, 0.5440674926757813, [(13 19 27)-(9 21 22)-(8 27 31)-(13 15 15)-(2 1 2)-(6 10 11)-(2 56 21)]
0.714, 0.5525317260742187, [(4 36 1)-(6 38 11)-(3 21 1)-(4 43 8)-(15 44 22)-(8 38 16)-(13 10 5)]
0.7135, 0.552172250366211, [(8 53 24)-(2 33 28)-(12 37 20)-(2 25 22)-(2 41 30)-(14 62 24)-(4 10 2)]
0.714, 0.5525317199707032, [(11 19 9)-(13 42 29)-(7 25 5)-(4 30 9)-(2 5 4)-(2 30 20)-(12 1 27)]
0.7145, 0.5516106903076172, [(12 12 14)-(4 20 4)-(11 39 31)-(7 46 7)-(13 35 7)-(2 22 23)-(4 20 10)]
0.714, 0.5525308044433594, [(2 23 14)-(13 21 14)-(6 11 13)-(1 18 27)-(10 21 18)-(5 37 13)-(5 13 2)]
0.714, 0.5525317291259766, [(10 52 19)-(8 9 9)-(0 38 11)-(9 23 10)-(13 26 2)-(6 12 3)-(10 54 31)]
0.714, 0.5525317169189453, [(11 40 6)-(10 55 27)-(14 42 13)-(4 41 3)-(8 58 22)-(8 57 19)-(12 10 5)]
0.7123, 0.5499240692138672, [(11 6 24)-(4 31 18)-(14 63 4)-(8 38 31)-(12 53 22)-(7 46 21)-(4 43 29)]
0.7138, 0.5539379028320313, [(6 49 13)-(13 31 30)-(15 21 10)-(6 26 3)-(11 31 18)-(6 19 23)-(6 56 19)]
0.7135, 0.5534806091308593, [(15 24 17)-(12 5 8)-(1 55 23)-(3 18 9)-(0 10 24)-(0 4 10)-(3 29 14)]
0.7154, 0.5535057403564453, [(11 27 24)-(4 61 16)-(3 36 3)-(0 18 13)-(0 3 20)-(9 17 26)-(5 46 15)]
0.7044999999999999, 0.5470960311889649, [(10 55 15)-(6 58 13)-(5 4 26)-(3 42 6)-(2 59 12)-(15 61 12)-(14 38 5)]
0.7099, 0.5524210479736329, [(10 49 31)-(9 26 24)-(4 36 27)-(8 19 29)-(13 0 7)-(14 34 0)-(1 12 3)]
0.714, 0.5525300872802734, [(10 21 14)-(13 10 26)-(11 33 0)-(11 38 26)-(2 51 29)-(0 32 23)-(4 23 15)]
0.692, 0.5404480041503906, [(7 18 1)-(7 18 30)-(14 15 18)-(8 56 17)-(14 46 22)-(11 39 24)-(4 44 12)]
0.714, 0.5525316436767578, [(5 18 9)-(8 6 11)-(8 30 17)-(8 2 2)-(8 52 5)-(10 62 23)-(4 60 30)]
0.714, 0.5525315765380859, [(6 8 8)-(14 4 28)-(5 39 17)-(13 29 21)-(5 42 31)-(10 58 14)-(13 1 6)]
0.713, 0.5519576354980469, [(10 4 1)-(13 37 4)-(13 7 0)-(2 11 27)-(13 15 3)-(1 24 23)-(7 31 19)]
0.714, 0.5525324859619141, [(4 54 19)-(11 41 27)-(12 38 21)-(11 59 15)-(3 35 26)-(0 15 15)-(8 56 4)]
0.1349, 0.0, [(3 58 1)-(13 11 27)-(0 57 1)-(15 58 6)-(11 6 1)-(14 56 1)-(4 20 30)]
0.099, 0.0, [(11 6 9)-(13 32 15)-(9 41 6)-(9 11 31)-(8 56 12)-(14 25 13)-(2 8 30)]
0.7134, 0.5524704010009766, [(5 53 20)-(3 14 27)-(9 47 22)-(0 37 14)-(14 51 20)-(3 15 20)-(8 59 2)]
0.7, 0.5523930786132812, [(12 14 21)-(15 41 13)-(11 1 22)-(4 45 15)-(0 42 15)-(13 15 4)-(11 59 14)]
0.09759999999999999, 0.0, [(6 23 17)-(10 23 17)-(5 24 12)-(7 29 2)-(5 4 30)-(13 59 19)-(11 34 2)]
0.7142, 0.5527350891113281, [(7 26 22)-(12 42 27)-(9 13 27)-(12 42 10)-(2 41 9)-(6 37 30)-(2 63 16)]
0.0785, 0.0, [(8 43 14)-(1 23 30)-(11 7 18)-(2 0 15)-(5 6 17)-(1 59 10)-(12 15 7)]
0.714, 0.5525294616699219, [(2 62 30)-(15 17 3)-(14 4 24)-(1 24 28)-(4 46 7)-(15 38 26)-(6 20 15)]
0.714, 0.5525320648193359, [(5 17 5)-(13 26 15)-(11 19 13)-(12 50 27)-(13 46 12)-(6 22 15)-(0 28 3)]
0.714, 0.5527020874023438, [(7 19 22)-(0 38 13)-(0 7 7)-(9 20 15)-(11 31 10)-(5 58 20)-(14 18 3)]
0.7139, 0.5524336517333984, [(4 24 14)-(3 61 1)-(7 20 10)-(3 62 28)-(3 51 7)-(4 25 22)-(7 9 9)]
0.714, 0.55253173828125, [(0 33 9)-(13 0 1)-(0 52 5)-(9 49 21)-(7 30 31)-(12 56 5)-(1 55 26)]
0.7072, 0.5531330749511718, [(7 5 24)-(4 41 1)-(6 49 15)-(7 32 19)-(3 40 30)-(4 38 29)-(6 14 8)]
0.714, 0.5525317199707032, [(12 47 11)-(14 17 18)-(8 10 7)-(5 50 5)-(9 9 7)-(3 48 2)-(3 30 9)]
0.1763, 0.0, [(12 27 5)-(14 5 0)-(8 14 17)-(14 21 14)-(6 10 30)-(3 10 4)-(5 6 25)]
0.714, 0.5524944396972655, [(2 38 16)-(11 22 2)-(13 5 27)-(8 10 19)-(15 49 3)-(12 47 26)-(13 40 26)]
0.714, 0.5525226654052735, [(1 9 4)-(5 56 2)-(12 15 12)-(13 1 15)-(13 41 27)-(12 18 1)-(2 35 14)]
0.7139, 0.5522618072509766, [(14 7 12)-(6 21 16)-(1 22 23)-(15 15 1)-(8 59 18)-(4 9 2)-(6 38 19)]
0.714, 0.5525317474365234, [(11 28 9)-(2 6 27)-(11 51 20)-(13 23 0)-(4 28 8)-(0 50 5)-(6 30 31)]
0.7129000000000001, 0.5536257171630858, [(15 62 30)-(15 26 16)-(5 32 30)-(7 48 7)-(12 8 5)-(2 19 7)-(4 28 23)]
0.7139, 0.5525076416015624, [(2 22 17)-(13 25 14)-(9 61 25)-(5 33 23)-(12 54 1)-(13 39 28)-(0 5 21)]
0.1848, 0.0, [(0 60 24)-(12 25 30)-(15 19 1)-(4 40 7)-(2 56 21)-(11 61 27)-(9 12 18)]
0.0787, 0.0, [(6 27 15)-(8 52 16)-(3 56 31)-(4 21 30)-(7 26 27)-(7 44 25)-(11 10 6)]
0.1259, 0.9814706512451172, [(1 57 30)-(0 9 22)-(9 26 3)-(10 15 31)-(3 29 30)-(11 2 9)-(11 34 30)]
0.7142, 0.552944760131836, [(11 19 23)-(11 52 24)-(7 29 13)-(4 27 8)-(4 52 16)-(0 42 4)-(5 22 11)]
0.7141, 0.5526944427490235, [(3 19 23)-(11 1 15)-(5 47 13)-(14 8 10)-(2 9 17)-(0 50 18)-(10 47 14)]
0.714, 0.5525317321777343, [(7 44 15)-(14 15 0)-(3 44 12)-(12 34 28)-(7 35 3)-(15 34 22)-(14 17 18)]
0.7134, 0.5520578094482422, [(2 47 31)-(5 2 4)-(1 55 13)-(9 3 8)-(4 34 7)-(6 12 4)-(6 25 22)]
0.714, 0.5525317260742187, [(14 46 9)-(9 23 3)-(12 50 12)-(1 36 29)-(9 52 23)-(15 43 30)-(13 46 28)]
0.714, 0.55250673828125, [(3 0 0)-(15 27 0)-(8 56 29)-(14 26 5)-(7 50 18)-(11 25 21)-(15 51 12)]
0.7136, 0.552217807006836, [(4 16 22)-(8 44 8)-(7 8 10)-(3 38 10)-(6 20 5)-(3 10 28)-(6 56 29)]
0.7113, 0.5498874542236328, [(14 37 27)-(11 21 14)-(1 62 10)-(15 17 22)-(5 5 12)-(13 3 22)-(1 20 26)]
0.5873999999999999, 0.6406913208007812, [(13 8 26)-(4 32 31)-(0 17 13)-(6 0 24)-(9 5 23)-(2 41 29)-(8 47 11)]
0.7142, 0.552236459350586, [(8 58 7)-(13 50 23)-(6 1 19)-(0 55 5)-(1 44 7)-(7 1 17)-(6 20 19)]
0.7148, 0.5521708099365235, [(2 57 4)-(7 5 26)-(7 45 13)-(9 55 17)-(15 13 28)-(7 12 29)-(8 33 1)]
0.714, 0.5525289154052735, [(11 19 12)-(8 56 20)-(15 47 25)-(11 31 27)-(8 3 15)-(0 4 6)-(6 28 3)]
0.7124999999999999, 0.5521282409667969, [(2 58 30)-(3 18 9)-(1 7 16)-(3 26 23)-(15 33 3)-(2 55 21)-(12 20 8)]
0.6986, 0.5665765533447266, [(12 48 27)-(9 9 9)-(8 12 2)-(7 7 3)-(5 4 2)-(11 0 23)-(3 4 11)]
0.134, 0.0, [(3 51 24)-(7 2 18)-(3 16 26)-(5 5 5)-(6 9 30)-(7 58 9)-(13 60 13)]
0.7066, 0.5625646331787109, [(10 0 22)-(14 35 26)-(13 43 14)-(7 35 30)-(5 58 15)-(14 57 30)-(11 48 24)]
0.7142, 0.5520314117431641, [(6 5 23)-(15 40 7)-(7 5 16)-(14 6 22)-(11 35 29)-(9 4 16)-(8 29 7)]
0.6972, 0.5415872955322265, [(2 55 14)-(9 18 6)-(12 29 22)-(10 56 24)-(9 27 24)-(5 24 25)-(5 12 8)]
0.7143999999999999, 0.5522482452392579, [(5 4 15)-(1 43 14)-(0 47 16)-(15 50 1)-(8 10 22)-(10 22 14)-(5 14 8)]
0.7139, 0.5525320587158203, [(12 36 24)-(1 44 1)-(5 53 9)-(2 35 29)-(0 11 15)-(10 6 18)-(6 47 31)]
0.3569, 0.6021126770019531, [(10 0 26)-(10 59 24)-(5 53 28)-(11 15 16)-(11 18 25)-(12 33 22)-(12 32 28)]
0.7142, 0.5527211029052734, [(0 17 8)-(7 54 17)-(11 60 1)-(11 38 31)-(12 4 20)-(12 11 5)-(5 10 4)]
0.714, 0.5525317169189452, [(10 7 2)-(4 32 19)-(4 51 26)-(6 33 15)-(15 24 22)-(10 43 4)-(11 61 31)]
0.714, 0.5525317291259766, [(0 51 20)-(0 36 29)-(3 22 8)-(9 45 7)-(14 44 4)-(9 63 20)-(9 43 25)]
0.7112, 0.5445749633789063, [(13 1 28)-(9 59 6)-(2 16 31)-(8 16 14)-(0 62 25)-(1 32 22)-(11 5 21)]
0.7134, 0.5522576171875, [(8 29 27)-(8 50 7)-(13 38 27)-(2 13 21)-(13 11 11)-(9 51 27)-(4 14 6)]
0.7130000000000001, 0.5534969604492188, [(11 57 10)-(14 2 21)-(2 15 22)-(4 31 24)-(0 25 3)-(0 35 28)-(3 49 22)]
0.7128, 0.5509535705566406, [(7 12 1)-(8 40 12)-(10 9 0)-(11 14 13)-(4 20 17)-(12 1 9)-(10 20 31)]
0.7137, 0.5526850921630859, [(2 1 2)-(11 34 30)-(14 38 11)-(8 11 8)-(12 19 20)-(7 47 12)-(2 60 18)]
0.6608, 0.5696756469726563, [(3 17 25)-(8 26 22)-(15 57 29)-(15 21 23)-(8 0 23)-(2 30 8)-(11 63 18)]
0.714, 0.5525317352294922, [(13 19 16)-(2 61 20)-(5 58 25)-(12 51 0)-(11 32 24)-(5 30 14)-(0 22 1)]
0.7133, 0.5531020782470704, [(7 48 7)-(5 2 13)-(0 25 24)-(0 59 18)-(10 26 15)-(11 51 11)-(2 46 1)]
0.7141, 0.5525709960937499, [(12 63 12)-(2 46 18)-(6 24 8)-(9 28 28)-(2 41 12)-(12 9 18)-(4 0 13)]
0.714, 0.5525550140380859, [(14 19 13)-(12 44 28)-(2 57 11)-(2 35 10)-(1 22 15)-(4 10 21)-(15 40 18)]
0.5659, 0.5775251983642578, [(8 57 24)-(2 8 24)-(3 50 15)-(7 55 31)-(15 24 25)-(13 30 31)-(9 62 9)]
0.7134, 0.5525871368408204, [(9 63 17)-(2 49 2)-(7 10 21)-(0 37 26)-(6 12 8)-(12 4 16)-(12 23 12)]
0.1036, 0.0, [(0 24 30)-(3 16 17)-(12 16 16)-(0 0 10)-(5 16 4)-(13 8 19)-(8 10 17)]
0.7135, 0.5522860168457031, [(1 2 7)-(6 3 21)-(3 57 28)-(15 44 8)-(6 17 19)-(4 63 4)-(7 48 4)]
0.6814, 0.5260161392211914, [(10 48 29)-(11 54 5)-(4 6 27)-(8 43 14)-(10 1 24)-(12 14 10)-(0 48 17)]
0.7136, 0.5519031066894531, [(3 11 18)-(6 2 22)-(13 25 1)-(2 42 31)-(6 14 12)-(6 59 22)-(9 2 1)]
0.7142, 0.551772265625, [(7 52 5)-(7 2 14)-(2 5 22)-(1 36 15)-(14 61 7)-(0 28 20)-(8 30 15)]
0.7131000000000001, 0.5527579895019532, [(11 18 24)-(1 48 10)-(0 52 9)-(6 20 7)-(5 23 11)-(13 63 23)-(10 47 19)]
0.714, 0.5525318603515625, [(11 6 28)-(13 37 28)-(5 15 14)-(5 57 10)-(15 8 1)-(2 34 18)-(5 45 10)]
0.7081, 0.5501929565429688, [(7 20 22)-(2 61 31)-(0 16 22)-(3 15 21)-(4 13 28)-(3 34 18)-(0 18 25)]
0.7138, 0.5525525909423827, [(0 2 17)-(14 37 18)-(14 43 29)-(1 49 16)-(1 33 24)-(11 49 9)-(5 60 11)]
0.7, 0.5430408569335938, [(3 17 25)-(14 0 9)-(9 45 8)-(11 39 30)-(10 22 8)-(5 18 12)-(15 52 20)]
0.7098, 0.5540124511718749, [(10 57 4)-(4 13 10)-(12 2 26)-(9 7 27)-(4 41 7)-(15 21 24)-(13 20 21)]
0.714, 0.5525319091796874, [(2 20 11)-(14 54 25)-(14 6 5)-(6 18 10)-(6 35 26)-(12 10 4)-(12 0 8)]
0.714, 0.5525319274902344, [(6 8 9)-(9 61 3)-(5 41 18)-(9 7 14)-(14 37 19)-(7 27 12)-(11 14 0)]
0.7135, 0.5521475372314453, [(12 39 30)-(12 8 11)-(3 14 4)-(4 16 1)-(5 11 21)-(8 19 28)-(3 37 30)]
0.6747000000000001, 0.5266633972167969, [(6 35 26)-(13 4 7)-(14 21 12)-(4 6 20)-(11 5 19)-(5 34 0)-(1 9 31)]
0.7117, 0.5527003631591797, [(4 18 26)-(4 48 11)-(4 7 26)-(13 49 17)-(15 52 18)-(0 60 24)-(6 0 8)]
0.714, 0.5525318237304687, [(6 10 1)-(7 36 25)-(0 11 9)-(8 57 22)-(6 42 14)-(13 59 26)-(13 21 28)]
0.7128, 0.5528801879882812, [(3 10 5)-(0 20 15)-(15 22 10)-(14 60 12)-(6 24 31)-(9 44 5)-(13 54 31)]
0.714, 0.5525196502685548, [(3 21 6)-(7 57 4)-(1 47 12)-(9 37 6)-(5 44 4)-(6 20 18)-(8 38 6)]
0.7123, 0.551468927001953, [(4 7 26)-(9 52 30)-(6 30 31)-(4 4 31)-(11 53 6)-(10 29 20)-(2 0 14)]
0.6137999999999999, 0.5218717407226563, [(13 22 23)-(9 21 18)-(12 23 30)-(2 25 8)-(15 51 8)-(6 43 9)-(2 11 8)]
0.714, 0.5525274566650391, [(12 3 16)-(1 3 6)-(8 51 3)-(6 40 12)-(1 33 6)-(12 60 10)-(11 49 2)]
0.7139, 0.5525272521972656, [(14 23 7)-(5 56 17)-(7 51 15)-(5 30 22)-(1 25 11)-(6 24 28)-(6 24 19)]
0.714, 0.5525282928466797, [(15 37 21)-(1 55 5)-(3 1 5)-(12 5 10)-(10 14 6)-(15 25 4)-(4 29 20)]
0.6073999999999999, 0.544582666015625, [(11 12 25)-(2 27 4)-(6 12 19)-(4 53 14)-(2 25 14)-(0 7 27)-(8 22 29)]
0.0964, 0.0, [(2 38 25)-(15 54 24)-(7 14 0)-(14 2 30)-(2 19 1)-(13 13 1)-(10 58 13)]
0.714, 0.5525317260742187, [(8 63 6)-(12 32 26)-(11 45 13)-(15 44 23)-(11 45 29)-(11 43 12)-(0 58 0)]
0.7136, 0.55264150390625, [(11 49 22)-(10 55 5)-(8 55 13)-(6 10 1)-(10 13 23)-(10 49 25)-(5 15 16)]
0.7131, 0.5538971069335938, [(3 58 13)-(9 32 12)-(5 34 24)-(6 23 26)-(4 14 28)-(15 47 21)-(5 22 16)]
0.10980000000000001, 0.0, [(11 25 13)-(9 39 6)-(6 12 30)-(12 26 24)-(5 56 23)-(12 58 16)-(3 23 23)]
0.714, 0.5525317260742187, [(2 50 24)-(11 15 1)-(14 51 2)-(3 46 16)-(11 6 28)-(13 63 10)-(2 43 8)]
0.714, 0.552530615234375, [(11 11 15)-(14 5 30)-(7 10 28)-(15 20 4)-(15 23 13)-(12 48 16)-(10 3 12)]
0.6972, 0.5596981353759765, [(6 1 29)-(4 36 31)-(5 22 17)-(2 26 7)-(12 27 23)-(4 12 25)-(11 48 25)]
0.7099, 0.5498584777832032, [(3 10 31)-(8 6 23)-(1 11 4)-(12 56 18)-(0 22 27)-(3 55 31)-(11 23 13)]
0.7025, 0.5545292755126954, [(6 13 1)-(1 51 28)-(11 20 25)-(5 23 1)-(5 17 2)-(9 50 1)-(3 51 3)]
0.4385, 0.562923208618164, [(7 21 19)-(8 4 3)-(8 13 27)-(1 9 14)-(8 27 25)-(9 34 14)-(8 33 29)]
0.714, 0.5525328063964844, [(9 46 8)-(14 63 25)-(3 3 15)-(1 47 30)-(7 55 29)-(2 61 21)-(6 56 5)]
0.708, 0.5469850646972656, [(5 7 28)-(2 23 4)-(14 33 16)-(9 23 25)-(12 48 20)-(9 49 10)-(5 11 9)]
0.714, 0.5525317291259766, [(11 26 5)-(13 54 23)-(7 46 0)-(4 36 16)-(4 62 26)-(2 57 25)-(0 47 31)]
0.7066, 0.5762962493896484, [(6 38 12)-(13 56 12)-(14 36 6)-(4 62 30)-(11 24 8)-(14 49 9)-(1 0 22)]
0.714, 0.5525317199707032, [(15 39 30)-(0 38 13)-(8 34 14)-(9 27 7)-(0 43 7)-(10 22 6)-(15 32 31)]
0.714, 0.5525320892333985, [(1 21 14)-(1 49 23)-(2 49 15)-(10 42 7)-(9 38 9)-(15 20 0)-(0 14 11)]
0.7111000000000001, 0.5538372375488281, [(2 21 17)-(5 2 21)-(0 19 22)-(2 43 10)-(5 62 15)-(3 52 9)-(14 15 8)]
0.1016, 0.0, [(8 43 24)-(10 15 30)-(13 38 18)-(12 50 0)-(9 0 25)-(4 13 27)-(1 0 1)]
0.714, 0.5525317321777343, [(3 32 22)-(10 54 18)-(1 34 0)-(15 44 11)-(10 56 31)-(1 31 24)-(3 37 13)]
0.6954, 0.5365270492553711, [(14 33 14)-(5 11 26)-(13 8 9)-(12 42 28)-(0 57 13)-(7 10 7)-(4 52 13)]
0.714, 0.5525306701660156, [(1 63 20)-(15 63 13)-(5 39 11)-(2 24 14)-(4 39 29)-(8 48 28)-(9 6 11)]
0.7134, 0.5522368194580078, [(3 23 28)-(1 21 23)-(6 7 3)-(4 21 7)-(8 21 11)-(15 52 21)-(5 11 13)]
0.7142999999999999, 0.5526942657470704, [(13 46 25)-(12 19 11)-(10 31 12)-(13 38 3)-(5 29 20)-(14 36 12)-(5 19 18)]
0.7128, 0.5516062377929687, [(1 1 15)-(10 15 31)-(3 28 28)-(6 60 15)-(0 11 29)-(0 60 21)-(7 15 0)]
0.7137, 0.5525329833984375, [(12 53 8)-(5 55 20)-(14 17 1)-(12 24 19)-(11 56 4)-(5 58 24)-(0 53 4)]
0.714, 0.552504296875, [(2 8 10)-(8 63 0)-(9 19 18)-(0 51 18)-(12 39 13)-(4 3 17)-(15 32 11)]
0.7137, 0.5525366088867187, [(8 40 9)-(15 12 23)-(11 33 9)-(13 26 31)-(13 9 6)-(11 9 21)-(4 1 15)]
0.7131000000000001, 0.5502377380371093, [(0 49 27)-(7 14 31)-(4 15 31)-(2 63 28)-(9 6 12)-(1 60 3)-(0 29 23)]
0.714, 0.5525294769287109, [(6 20 15)-(8 60 1)-(6 5 1)-(12 41 14)-(11 47 2)-(7 32 18)-(4 62 0)]
0.714, 0.5525317230224609, [(8 32 4)-(15 41 28)-(1 58 3)-(11 32 19)-(10 55 20)-(9 21 0)-(2 56 17)]
0.714, 0.5525317291259766, [(11 62 27)-(3 27 28)-(8 36 13)-(3 42 29)-(2 51 22)-(1 21 28)-(1 60 1)]
0.714, 0.552531674194336, [(5 41 31)-(13 16 23)-(0 3 7)-(14 41 18)-(11 55 10)-(11 58 17)-(3 62 31)]
0.714, 0.5525318359375, [(5 14 28)-(15 19 29)-(5 41 21)-(11 22 16)-(13 45 20)-(8 3 5)-(5 51 9)]
0.4882, 0.6634037841796875, [(6 40 21)-(2 5 30)-(13 46 24)-(11 25 29)-(11 53 24)-(10 57 6)-(2 13 21)]
0.7139, 0.5525890045166015, [(2 41 14)-(8 11 21)-(0 36 16)-(1 62 9)-(5 47 14)-(7 39 7)-(10 48 28)]
0.714, 0.5525317169189453, [(14 14 3)-(11 50 21)-(3 36 7)-(10 35 15)-(14 15 24)-(13 42 24)-(14 24 15)]
0.7139, 0.5525476959228516, [(6 21 19)-(10 2 11)-(7 24 23)-(10 21 13)-(9 25 9)-(4 58 22)-(12 18 3)]
0.7136, 0.5523582275390625, [(12 27 2)-(6 5 21)-(3 21 15)-(10 38 15)-(15 45 27)-(4 1 22)-(14 35 3)]
0.7099, 0.5542669647216797, [(13 38 21)-(2 17 29)-(10 41 3)-(8 4 14)-(15 57 0)-(7 11 24)-(13 5 7)]
0.7138, 0.5521831024169922, [(14 17 3)-(0 17 28)-(6 60 31)-(3 43 29)-(9 23 24)-(1 61 21)-(7 44 7)]
0.7091000000000001, 0.5494800506591797, [(2 48 14)-(14 0 5)-(11 58 16)-(11 35 24)-(12 12 25)-(2 48 20)-(0 14 3)]
0.714, 0.5525317321777343, [(6 27 2)-(13 25 11)-(10 49 11)-(2 44 8)-(13 31 21)-(12 42 8)-(13 63 26)]
0.7101999999999999, 0.5531622436523438, [(12 7 10)-(3 32 12)-(11 26 11)-(11 4 8)-(9 1 26)-(15 54 29)-(5 21 29)]
0.714, 0.5525323272705078, [(14 56 25)-(3 43 15)-(6 57 10)-(13 1 10)-(8 23 14)-(6 24 28)-(13 52 25)]
0.5153, 0.5461168395996094, [(7 3 26)-(0 61 21)-(1 35 21)-(13 26 20)-(9 14 6)-(9 49 5)-(7 22 6)]
0.7092, 0.5544399993896485, [(9 42 19)-(4 57 21)-(2 27 17)-(0 16 25)-(14 34 8)-(7 42 6)-(1 24 31)]
0.714, 0.5525317352294922, [(11 6 4)-(4 13 0)-(13 16 22)-(7 31 30)-(2 34 13)-(8 31 14)-(7 27 0)]
0.714, 0.5525317321777343, [(15 51 18)-(7 58 9)-(10 37 4)-(12 51 5)-(15 27 15)-(9 43 3)-(0 29 26)]
0.7109, 0.5574149719238282, [(11 47 24)-(10 56 6)-(9 8 10)-(6 19 24)-(7 47 10)-(13 27 31)-(5 45 5)]
0.714, 0.5527226654052735, [(15 52 26)-(13 62 2)-(12 14 13)-(8 0 16)-(7 37 2)-(3 43 18)-(9 15 7)]
0.714, 0.5525317321777343, [(8 63 16)-(10 34 23)-(1 4 28)-(15 26 29)-(3 36 30)-(4 13 11)-(15 4 7)]
0.714, 0.5525316162109375, [(11 52 17)-(9 37 4)-(10 32 1)-(12 2 29)-(0 16 7)-(9 50 29)-(2 22 10)]
0.714, 0.5525337036132812, [(8 50 15)-(6 9 13)-(0 20 2)-(6 30 23)-(10 33 2)-(9 56 24)-(9 44 13)]
0.714, 0.5543427490234375, [(15 0 20)-(13 23 29)-(12 59 10)-(6 30 3)-(6 54 2)-(9 26 14)-(5 56 9)]
0.714, 0.5525317321777343, [(1 41 0)-(13 3 29)-(1 54 2)-(7 25 9)-(7 0 2)-(4 48 28)-(7 8 3)]
0.7130000000000001, 0.5525724365234375, [(10 57 11)-(7 14 7)-(11 7 22)-(3 34 25)-(7 56 23)-(9 35 19)-(13 39 20)]
0.7133, 0.5525058319091797, [(5 9 4)-(12 63 19)-(10 18 1)-(4 60 23)-(7 33 27)-(3 8 20)-(14 45 7)]
0.7133, 0.552529702758789, [(5 26 21)-(2 44 18)-(12 25 4)-(7 24 20)-(14 44 6)-(11 23 13)-(8 9 15)]
0.7122999999999999, 0.5548435150146485, [(11 52 3)-(3 48 24)-(12 51 17)-(7 61 3)-(15 0 19)-(7 11 23)-(10 17 6)]
0.7138, 0.5528492401123046, [(8 62 27)-(13 12 14)-(0 2 10)-(8 51 16)-(0 9 21)-(14 42 7)-(14 56 28)]
0.7131, 0.5508535659790039, [(6 31 2)-(1 12 31)-(14 63 27)-(13 55 20)-(9 39 19)-(12 36 25)-(14 6 26)]
0.7141, 0.5525699523925781, [(7 14 21)-(5 46 27)-(10 33 27)-(6 6 1)-(2 25 1)-(14 53 28)-(2 11 15)]
0.7139, 0.5498872161865235, [(15 41 0)-(2 6 22)-(2 11 1)-(13 8 23)-(10 12 21)-(13 51 19)-(9 14 14)]
0.7142, 0.5525456390380858, [(3 58 27)-(13 63 23)-(2 32 20)-(2 31 22)-(5 43 22)-(7 13 19)-(13 60 18)]
0.0881, 0.0, [(5 35 16)-(9 53 11)-(8 19 16)-(5 32 20)-(7 37 30)-(11 21 30)-(13 58 2)]
0.7123, 0.5528734985351562, [(9 24 5)-(4 58 12)-(7 1 26)-(7 45 24)-(14 41 26)-(12 9 7)-(8 41 0)]
0.714, 0.552532421875, [(13 9 2)-(1 17 11)-(4 60 24)-(10 59 7)-(10 49 6)-(6 44 31)-(15 1 12)]
0.6774, 0.5339566986083985, [(2 6 28)-(2 40 29)-(7 23 25)-(2 44 20)-(2 17 1)-(4 14 27)-(0 33 3)]
0.7132000000000001, 0.5534326507568359, [(12 60 6)-(3 31 15)-(13 32 24)-(7 18 23)-(15 2 27)-(12 7 12)-(7 19 10)]
0.7139, 0.552513330078125, [(13 19 31)-(13 26 29)-(3 42 18)-(14 25 1)-(0 16 12)-(15 55 16)-(0 8 19)]
0.7126, 0.5529973327636719, [(9 38 25)-(10 14 23)-(13 19 6)-(1 43 5)-(12 41 5)-(1 42 29)-(9 6 8)]
0.714, 0.5525317230224609, [(15 49 21)-(4 50 29)-(10 32 2)-(8 48 9)-(4 51 18)-(14 61 1)-(13 5 14)]
0.7132000000000001, 0.5534324188232422, [(15 24 17)-(7 18 23)-(5 49 4)-(15 5 12)-(11 40 11)-(11 16 10)-(5 29 1)]
0.714, 0.5525191162109375, [(4 20 11)-(3 54 17)-(3 12 8)-(12 45 21)-(3 10 28)-(8 24 19)-(11 53 31)]
0.7124999999999999, 0.551303305053711, [(0 7 28)-(11 1 6)-(9 48 4)-(5 36 17)-(14 47 8)-(11 21 24)-(15 23 6)]
0.7151000000000001, 0.5531238525390625, [(0 45 10)-(1 36 7)-(14 51 30)-(8 39 21)-(9 29 5)-(9 56 6)-(11 14 23)]
0.7141, 0.5525366241455079, [(8 62 0)-(4 18 27)-(4 16 16)-(4 60 23)-(7 39 31)-(5 37 15)-(12 26 17)]
0.714, 0.5525317230224609, [(7 38 16)-(4 19 5)-(8 62 3)-(14 50 3)-(11 62 27)-(7 48 5)-(15 36 5)]
0.714, 0.5525317413330078, [(11 37 23)-(15 47 2)-(3 7 28)-(7 37 17)-(11 9 0)-(9 37 12)-(12 14 10)]
0.7133, 0.552334701538086, [(11 28 11)-(13 55 28)-(8 24 22)-(1 14 8)-(1 63 24)-(2 34 6)-(4 8 18)]
0.09870000000000001, 0.0, [(10 35 26)-(0 63 26)-(1 39 26)-(12 25 24)-(10 3 30)-(12 7 1)-(12 19 15)]
0.714, 0.5525317291259766, [(13 44 27)-(6 38 21)-(8 21 27)-(7 44 3)-(15 55 20)-(7 15 26)-(4 39 20)]
0.714, 0.5525224792480469, [(6 24 27)-(6 54 0)-(9 46 16)-(3 19 0)-(4 29 22)-(14 53 2)-(4 41 0)]
0.714, 0.5525317321777343, [(7 9 11)-(2 28 3)-(7 38 13)-(14 37 7)-(7 41 30)-(13 59 27)-(10 14 10)]
0.6958, 0.5468732299804688, [(14 31 23)-(12 12 8)-(13 6 25)-(9 29 9)-(5 6 26)-(11 2 12)-(3 14 19)]
0.7139, 0.5525452453613282, [(10 21 14)-(15 21 25)-(12 44 29)-(4 4 5)-(10 7 21)-(0 22 14)-(11 18 10)]
0.714, 0.5525447845458984, [(9 4 4)-(15 2 19)-(15 39 24)-(15 15 18)-(4 54 9)-(15 19 29)-(10 58 0)]
0.714, 0.5525453399658202, [(7 38 30)-(6 2 7)-(15 19 6)-(12 2 15)-(10 26 14)-(8 35 8)-(11 52 7)]
0.714, 0.5525317260742187, [(1 39 25)-(7 1 29)-(2 51 31)-(12 45 3)-(7 34 0)-(3 51 20)-(0 51 29)]
0.1081, 0.9498319915771485, [(13 40 0)-(10 12 30)-(6 19 28)-(0 39 4)-(3 15 7)-(11 28 5)-(14 17 20)]
0.0939, 0.0, [(6 50 2)-(14 11 25)-(0 24 28)-(11 17 5)-(10 14 30)-(2 32 16)-(1 4 27)]
0.4982, 0.48612305908203124, [(5 51 19)-(11 61 7)-(7 27 10)-(0 63 20)-(3 2 24)-(5 40 23)-(10 38 24)]
0.714, 0.5525322814941407, [(14 41 8)-(9 13 25)-(15 13 1)-(4 18 15)-(2 20 0)-(14 52 30)-(9 53 20)]
0.6896, 0.5349688125610352, [(6 53 3)-(9 12 16)-(3 3 17)-(11 26 31)-(13 51 8)-(0 2 18)-(5 26 29)]
0.714, 0.5525393859863281, [(6 3 16)-(6 59 12)-(13 32 22)-(11 29 7)-(10 3 27)-(1 60 12)-(5 61 2)]
0.7130000000000001, 0.5523092224121093, [(10 57 27)-(10 58 9)-(11 29 0)-(1 60 9)-(8 4 31)-(12 21 1)-(14 35 4)]
0.714, 0.5525270446777344, [(13 30 13)-(5 9 8)-(9 3 18)-(7 55 1)-(0 1 27)-(6 26 11)-(6 43 10)]
0.714, 0.5525317169189453, [(14 52 29)-(9 37 13)-(15 7 11)-(12 30 26)-(8 53 3)-(1 23 29)-(6 11 6)]
0.7137, 0.5529719055175781, [(11 15 12)-(15 60 8)-(1 51 22)-(4 52 11)-(8 44 14)-(8 27 22)-(2 0 15)]
0.714, 0.5525316040039062, [(12 52 12)-(10 36 12)-(9 29 2)-(10 62 11)-(5 17 5)-(5 8 12)-(9 51 14)]
0.7134, 0.5523248413085937, [(12 24 27)-(12 1 19)-(4 51 1)-(2 22 22)-(15 10 21)-(7 29 7)-(2 10 1)]
0.7138, 0.5525274353027344, [(14 35 28)-(2 24 3)-(11 37 28)-(11 34 31)-(6 24 23)-(13 56 31)-(7 46 2)]
0.714, 0.5525314666748047, [(7 43 5)-(14 12 29)-(14 19 29)-(6 17 2)-(11 7 27)-(7 6 6)-(3 24 15)]
0.714, 0.5525391143798828, [(5 0 27)-(5 16 1)-(8 39 1)-(11 16 18)-(1 7 7)-(6 6 7)-(11 16 27)]
0.6827, 0.5042510528564452, [(10 11 28)-(4 1 25)-(4 57 3)-(1 33 11)-(8 16 25)-(2 43 5)-(12 51 19)]
0.714, 0.5524613220214843, [(8 11 16)-(9 61 3)-(1 63 27)-(6 8 18)-(1 48 30)-(1 60 28)-(12 51 12)]
0.20479999999999998, 0.9267524169921875, [(3 4 30)-(7 63 18)-(7 19 13)-(10 56 20)-(7 43 5)-(7 46 4)-(0 43 12)]
0.7071000000000001, 0.5458450439453124, [(7 43 17)-(8 62 9)-(9 9 25)-(12 24 31)-(10 12 4)-(11 40 3)-(0 51 2)]
0.7135, 0.5525302459716797, [(15 57 7)-(7 22 20)-(1 60 9)-(1 51 10)-(3 35 11)-(0 4 15)-(9 8 1)]
0.714, 0.5525359954833984, [(8 37 30)-(14 58 25)-(15 49 4)-(3 53 8)-(2 37 2)-(0 53 10)-(10 4 16)]
0.7082999999999999, 0.5532115356445313, [(12 31 18)-(5 41 1)-(13 28 12)-(6 25 31)-(14 14 26)-(4 24 20)-(11 44 31)]
0.714, 0.5525918243408203, [(9 41 28)-(9 13 17)-(8 47 7)-(3 10 2)-(14 42 27)-(14 11 2)-(10 10 4)]
0.714, 0.5525337890625, [(14 46 25)-(15 17 9)-(13 35 11)-(10 42 25)-(14 17 19)-(10 26 9)-(5 14 15)]
0.714, 0.55253173828125, [(9 8 8)-(8 53 15)-(15 3 8)-(9 19 2)-(1 53 27)-(10 13 4)-(8 62 15)]
0.5891, 0.47506078948974606, [(13 18 9)-(9 5 5)-(8 3 1)-(9 50 30)-(8 1 25)-(15 53 2)-(2 55 8)]
0.714, 0.55252919921875, [(11 10 16)-(4 42 17)-(0 34 15)-(9 6 3)-(12 47 22)-(12 5 12)-(14 37 1)]
0.714, 0.5525317230224609, [(2 53 30)-(2 31 8)-(2 33 29)-(3 50 28)-(13 19 0)-(10 10 29)-(10 54 29)]
0.6927, 0.541246109008789, [(6 25 3)-(0 51 28)-(4 5 5)-(14 1 11)-(7 7 30)-(11 46 12)-(12 7 11)]
