0.714, 0.5525317260742186, []
0.714, 0.5525317264556885, []
0.714, 0.5525317287445068, []
0.714, 0.552531726360321, []
0.714, 0.5525317276000976, []
0.714, 0.5525317274093628, []
0.714, 0.5525317269325256, []
0.714, 0.5525317273139954, []
0.714, 0.5525317240715026, []
0.714, 0.552531724357605, []
0.714, 0.5525317276000976, []
0.714, 0.5525317262649536, []
0.714, 0.5525317279815674, []
0.714, 0.5525317272186279, []
0.714, 0.5525317321777343, []
0.714, 0.5525317258834839, []
0.714, 0.5525317235946655, []
0.714, 0.5525317281723022, []
0.714, 0.5525317266464234, []
0.714, 0.5525317276000976, []
0.714, 0.5525317291259766, []
0.714, 0.5525317321777343, []
0.714, 0.5525317138671875, []
0.714, 0.5525317199707032, []
0.714, 0.5525317199707032, []
0.714, 0.5525317199707032, []
0.714, 0.5525317321777343, []
0.714, 0.5525317352294922, []
0.714, 0.5525317260742187, []
0.714, 0.5525317260742187, []
0.714, 0.5525317291259766, []
0.714, 0.5525317321777343, []
0.714, 0.5525317321777343, []
0.714, 0.5525317321777343, []
0.714, 0.5525317230224609, []
0.714, 0.5525317108154297, []
0.714, 0.5525317230224609, []
0.714, 0.5525317291259766, []
0.714, 0.5525317230224609, []
0.714, 0.5525317199707032, []
0.714, 0.5525317413330078, []
0.714, 0.5525317260742187, []
0.714, 0.5525317230224609, []
0.714, 0.5525317108154297, []
0.714, 0.5525317413330078, []
0.714, 0.5525317352294922, []
0.714, 0.5525317413330078, []
0.714, 0.5525317291259766, []
0.714, 0.5525317230224609, []
0.714, 0.5525317291259766, []
0.714, 0.5525317169189453, []
0.714, 0.5525317291259766, []
0.714, 0.5525317108154297, []
0.714, 0.5525317306518555, []
0.714, 0.552531721496582, []
0.714, 0.55253173828125, []
0.714, 0.5525317184448242, []
0.714, 0.5525317230224609, []
0.714, 0.5525317169189453, []
0.714, 0.5525317169189453, []
0.714, 0.5525317230224609, []
0.714, 0.5525317199707032, []
0.714, 0.5525317321777343, []
0.714, 0.5525317321777343, []
0.714, 0.5525317352294923, []
0.714, 0.5525317199707032, []
0.714, 0.55253173828125, []
0.714, 0.5525317260742187, []
0.714, 0.5525317291259766, []
0.714, 0.5525317321777343, []
0.714, 0.5525317230224609, []
0.714, 0.5525317260742187, []
0.714, 0.5525317199707032, []
0.714, 0.5525317199707032, []
0.714, 0.5525317291259766, []
0.714, 0.552531721496582, []
0.714, 0.5525317230224609, []
0.714, 0.5525317413330078, []
0.714, 0.5525317291259766, []
0.714, 0.5525317260742187, []
0.714, 0.5525317230224609, []
0.714, 0.5525317138671875, []
0.714, 0.5525317321777343, []
0.714, 0.5525317291259766, []
0.714, 0.5525317230224609, []
0.714, 0.5525317230224609, []
0.714, 0.5525317291259766, []
0.714, 0.5525317077636719, []
0.714, 0.5525317138671875, []
0.714, 0.5525317199707032, []
0.714, 0.5525317230224609, []
0.714, 0.5525317230224609, []
0.714, 0.5525317291259766, []
0.714, 0.5525317230224609, []
0.714, 0.5525317169189453, []
0.714, 0.552531704711914, []
0.714, 0.5525317260742187, []
0.714, 0.5525317230224609, []
0.714, 0.5525317199707032, []
0.714, 0.5525317230224609, []
0.714, 0.5525317230224609, []
0.714, 0.5525317199707032, []
0.714, 0.5525317260742187, []
0.714, 0.5525317138671875, []
0.714, 0.5525317169189453, []
0.714, 0.5525317260742187, []
0.714, 0.5525317138671875, []
0.714, 0.5525317199707032, []
0.714, 0.5525317260742187, []
0.714, 0.5525317352294923, []
0.714, 0.5525317138671875, []
0.714, 0.5525317352294923, []
0.714, 0.5525317199707032, []
0.714, 0.5525317291259766, []
0.714, 0.5525317199707032, []
0.714, 0.5525317199707032, []
0.714, 0.5525317169189453, []
0.714, 0.5525317199707032, []
0.714, 0.5525317169189453, []
0.714, 0.5525317230224609, []
0.714, 0.5525317413330078, []
0.714, 0.5525317169189452, []
0.714, 0.5525317291259766, []
0.714, 0.5525317260742187, []
0.714, 0.5525317138671875, []
0.714, 0.5525317199707032, []
0.714, 0.5525317153930664, []
0.714, 0.5525317199707032, []
0.714, 0.5525317321777343, []
0.714, 0.5525317321777343, []
0.714, 0.5525317199707032, []
0.714, 0.5525317321777343, []
0.714, 0.5525317321777343, []
0.714, 0.5525317321777343, []
0.714, 0.5525317352294922, []
0.714, 0.5525317260742187, []
0.714, 0.5525317291259766, []
0.714, 0.5525317230224609, []
0.714, 0.5525317108154297, []
0.714, 0.5525317291259766, []
0.714, 0.5525317199707032, []
0.714, 0.5525317230224609, []
0.714, 0.5525317321777343, []
0.714, 0.5525317199707032, []
0.714, 0.5525317260742187, []
0.714, 0.55253173828125, []
0.714, 0.5525317260742187, []
0.714, 0.5525317199707032, []
0.714, 0.5525317108154297, []
0.714, 0.5525317321777343, []
0.714, 0.5525317199707032, []
0.714, 0.5525317230224609, []
0.714, 0.5525317230224609, []
0.714, 0.5525317321777343, []
0.714, 0.5525317230224609, []
0.714, 0.5525317230224609, []
0.714, 0.5525317199707032, []
0.714, 0.5525317291259766, []
0.714, 0.5525317352294922, []
0.714, 0.5525317199707032, []
0.714, 0.5525317260742187, []
0.714, 0.5525317443847656, []
0.714, 0.5525317321777343, []
0.714, 0.5525317352294923, []
0.714, 0.5525317352294922, []
0.714, 0.5525317291259766, []
0.714, 0.5525317260742187, []
0.714, 0.5525317291259766, []
0.714, 0.5525317230224609, []
0.714, 0.5525317321777343, []
0.714, 0.5525317260742187, []
0.714, 0.5525317352294922, []
0.714, 0.5525317138671875, []
0.714, 0.5525317291259766, []
0.714, 0.5525317199707032, []
0.714, 0.5525317260742187, []
0.714, 0.5525317230224609, []
0.714, 0.5525317321777343, []
0.714, 0.5525317291259766, []
0.714, 0.5525317291259766, []
0.714, 0.5525317260742187, []
0.714, 0.5525317260742187, []
0.714, 0.5525317260742187, []
0.714, 0.5525317260742187, []
0.714, 0.5525317321777343, []
0.714, 0.5525317260742187, []
0.714, 0.5525317260742187, []
0.714, 0.5525317291259766, []
0.714, 0.5525317352294922, []
0.714, 0.5525317230224609, []
0.714, 0.5525317199707032, []
0.714, 0.5525317291259766, []
0.714, 0.5525317260742187, []
0.714, 0.5525317291259766, []
0.714, 0.5525317321777343, []
0.714, 0.5525317260742187, []
0.714, 0.5525317169189452, []
0.714, 0.5525317230224609, []
0.714, 0.5525317291259766, []
0.714, 0.5525317230224609, []
0.714, 0.5525317230224609, []
0.714, 0.5525317199707032, []
0.714, 0.5525317291259766, []
0.714, 0.5525317291259766, []
0.714, 0.5525317291259766, []
0.714, 0.5525317230224609, []
0.714, 0.5525317291259766, []
0.714, 0.5525317260742187, []
0.714, 0.5525317352294922, []
0.714, 0.5525317291259766, []
0.714, 0.5525317321777343, []
0.714, 0.5525317169189453, []
0.714, 0.5525317199707032, []
0.714, 0.5525317230224609, []
0.714, 0.5525317260742187, []
0.714, 0.5525317260742187, []
0.714, 0.5525317230224609, []
0.714, 0.5525317230224609, []
0.714, 0.5525317230224609, []
0.714, 0.5525317230224609, []
0.714, 0.5525317199707032, []
0.714, 0.5525317321777343, []
0.714, 0.5525317199707032, []
0.714, 0.5525317260742187, []
0.714, 0.5525317291259766, []
0.714, 0.5525317169189453, []
0.714, 0.5525317443847656, []
0.714, 0.5525317184448242, []
0.714, 0.5525317413330078, []
0.714, 0.5525317260742187, []
0.714, 0.55253173828125, []
0.714, 0.5525317199707032, []
0.714, 0.5525317199707032, []
0.714, 0.5525317260742187, []
0.714, 0.5525317321777343, []
0.714, 0.5525317260742187, []
0.714, 0.5525317352294922, []
0.714, 0.5525317260742187, []
0.714, 0.5525317291259766, []
0.714, 0.5525317260742187, []
0.714, 0.5525317138671875, []
0.714, 0.5525317291259766, []
0.714, 0.5525317199707032, []
0.714, 0.5525317169189453, []
0.714, 0.5525317138671875, []
0.714, 0.5525317260742187, []
0.714, 0.5525317291259766, []
0.714, 0.5525317199707032, []
0.714, 0.5525317138671875, []
0.714, 0.5525317230224609, []
0.714, 0.5525317199707032, []
0.714, 0.5525317230224609, []
0.714, 0.5525317199707032, []
0.714, 0.5525317138671875, []
0.714, 0.5525317352294922, []
0.714, 0.5525317138671875, []
0.714, 0.5525317108154297, []
0.714, 0.5525317260742187, []
0.714, 0.5525317291259766, []
0.714, 0.5525317199707032, []
0.714, 0.5525317199707032, []
0.714, 0.5525317260742187, []
0.714, 0.5525317321777343, []
0.714, 0.5525317321777343, []
0.714, 0.5525317138671875, []
0.714, 0.5525317291259766, []
0.714, 0.5525317199707032, []
0.714, 0.5525317291259766, []
0.714, 0.5525317108154297, []
0.714, 0.5525317138671875, []
0.714, 0.5525317352294922, []
0.714, 0.5525317230224609, []
0.714, 0.5525317321777343, []
0.714, 0.5525317169189453, []
0.714, 0.5525317260742187, []
0.714, 0.5525317169189452, []
0.714, 0.5525317260742187, []
0.714, 0.5525317199707032, []
0.714, 0.55253173828125, []
0.714, 0.55253173828125, []
0.714, 0.5525317199707032, []
0.714, 0.5525317108154297, []
0.714, 0.5525317352294923, []
0.714, 0.5525317352294923, []
0.714, 0.5525317199707032, []
0.714, 0.5525317352294922, []
0.714, 0.5525317260742187, []
0.714, 0.5525317169189453, []
0.714, 0.5525317230224609, []
0.714, 0.5525317260742187, []
0.714, 0.5525317413330078, []
0.714, 0.5525317199707032, []
0.714, 0.5525317138671875, []
0.714, 0.5525317352294923, []
0.714, 0.55253173828125, []
0.714, 0.5525317260742187, []
0.714, 0.5525317138671875, []
0.714, 0.5525317230224609, []
0.714, 0.5525317199707032, []
0.714, 0.5525317291259766, []
0.714, 0.5525317199707032, []
0.714, 0.5525317260742187, []
0.714, 0.5525317230224609, []
0.714, 0.5525317169189452, []
0.714, 0.5525317199707032, []
0.714, 0.5525317291259766, []
0.714, 0.5525317260742187, []
0.714, 0.5525317291259766, []
0.714, 0.5525317230224609, []
0.714, 0.5525317108154297, []
0.714, 0.5525317230224609, []
0.714, 0.5525317352294923, []
0.714, 0.5525317199707032, []
0.714, 0.5525317199707032, []
0.714, 0.5525317199707032, []
0.714, 0.5525317169189453, []
0.714, 0.5525317291259766, []
0.714, 0.5525317169189453, []
0.714, 0.5525317321777343, []
0.714, 0.5525317291259766, []
0.714, 0.5525317260742187, []
0.714, 0.5525317260742187, []
0.714, 0.5525317169189453, []
0.714, 0.5525317260742187, []
0.714, 0.5525317291259766, []
0.714, 0.5525317138671875, []
0.714, 0.5525317169189452, []
0.714, 0.5525317199707032, []
0.714, 0.5525317291259766, []
0.714, 0.5525317199707032, []
0.714, 0.5525317199707032, []
0.714, 0.5525317199707032, []
0.714, 0.5525317169189453, []
0.714, 0.5525317260742187, []
0.714, 0.5525317138671875, []
0.714, 0.5525317230224609, []
0.714, 0.5525317230224609, []
0.714, 0.5525317413330078, []
0.714, 0.5525317291259766, []
0.714, 0.5525317230224609, []
0.714, 0.5525317199707032, []
0.714, 0.5525317138671875, []
0.714, 0.5525317138671875, []
0.714, 0.5525317169189452, []
0.714, 0.5525317169189453, []
0.714, 0.5525317291259766, []
0.714, 0.5525317413330078, []
0.714, 0.5525317260742187, []
0.714, 0.5525317138671875, []
0.714, 0.5525317230224609, []
0.714, 0.5525317230224609, []
0.714, 0.5525317291259766, []
0.714, 0.5525317321777343, []
0.714, 0.5525317260742187, []
0.714, 0.5525317260742187, []
0.714, 0.5525317138671875, []
0.714, 0.5525317291259766, []
0.714, 0.5525317291259766, []
0.714, 0.5525317230224609, []
0.714, 0.5525317230224609, []
0.714, 0.5525317230224609, []
0.714, 0.5525317321777343, []
0.714, 0.5525317199707032, []
0.714, 0.5525317291259766, []
0.714, 0.5525317230224609, []
0.714, 0.5525317138671875, []
0.714, 0.5525317321777343, []
0.714, 0.5525317230224609, []
0.714, 0.5525317230224609, []
0.714, 0.5525317291259766, []
0.714, 0.5525317230224609, []
0.714, 0.5525317260742187, []
0.714, 0.5525317199707032, []
0.714, 0.5525317199707032, []
0.714, 0.5525317291259766, []
0.714, 0.5525317230224609, []
0.714, 0.5525317260742187, []
0.714, 0.5525317291259766, []
0.714, 0.5525317352294922, []
0.714, 0.5525317199707032, []
0.714, 0.5525317199707032, []
0.714, 0.5525317260742187, []
0.714, 0.5525317169189453, []
0.714, 0.5525317199707032, []
0.714, 0.5525317260742187, []
0.714, 0.5525317260742187, []
0.714, 0.5525317260742187, []
0.714, 0.5525317260742187, []
0.714, 0.5525317230224609, []
0.714, 0.5525317260742187, []
0.714, 0.5525317321777343, []
0.714, 0.5525317260742187, []
0.714, 0.5525317077636718, []
0.714, 0.5525317321777343, []
0.714, 0.5525317230224609, []
0.714, 0.5525317199707032, []
0.714, 0.5525317230224609, []
0.714, 0.5525317230224609, []
0.714, 0.5525317260742187, []
0.714, 0.5525317230224609, []
0.714, 0.5525317321777343, []
0.714, 0.5525317230224609, []
0.714, 0.5525317306518555, []
0.714, 0.5525317291259766, []
0.714, 0.5525317230224609, []
0.714, 0.5525317230224609, []
0.714, 0.5525317169189453, []
0.714, 0.5525317260742187, []
0.714, 0.5525317260742187, []
0.714, 0.5525317108154297, []
0.714, 0.5525317169189453, []
0.714, 0.5525317199707032, []
0.714, 0.5525317230224609, []
0.714, 0.5525317169189452, []
0.714, 0.5525317260742187, []
0.714, 0.5525317260742187, []
0.714, 0.5525317230224609, []
0.714, 0.5525317138671875, []
0.714, 0.5525317169189452, []
0.714, 0.5525317260742187, []
0.714, 0.5525317169189453, []
0.714, 0.5525317230224609, []
0.714, 0.5525317199707032, []
0.714, 0.5525317291259766, []
0.714, 0.5525317291259766, []
0.714, 0.5525317291259766, []
0.714, 0.5525317199707032, []
0.714, 0.5525317291259766, []
0.714, 0.5525317321777343, []
0.714, 0.5525317199707032, []
0.714, 0.5525317260742187, []
0.714, 0.55253173828125, []
0.714, 0.5525317138671875, []
0.714, 0.5525317260742187, []
0.714, 0.5525317352294922, []
0.714, 0.5525317199707032, []
0.714, 0.5525317199707032, []
0.714, 0.5525317245483399, []
0.714, 0.5525317199707032, []
0.714, 0.5525317199707032, []
0.714, 0.5525317199707032, []
0.714, 0.5525317230224609, []
0.714, 0.5525317260742187, []
0.714, 0.5525317230224609, []
0.714, 0.5525317230224609, []
0.714, 0.5525317138671875, []
0.714, 0.5525317199707032, []
0.714, 0.5525317337036133, []
0.714, 0.5525317138671875, []
0.714, 0.5525317199707032, []
0.714, 0.5525317321777343, []
0.714, 0.5525317260742187, []
0.714, 0.5525317321777343, []
0.714, 0.5525317352294922, []
0.714, 0.5525317291259766, []
0.714, 0.5525317352294922, []
0.714, 0.5525317184448242, []
0.714, 0.5525317199707032, []
0.714, 0.5525317260742187, []
0.714, 0.5525317291259766, []
0.714, 0.5525317260742187, []
0.714, 0.5525317199707032, []
0.714, 0.5525317199707032, []
0.714, 0.5525317138671875, []
0.714, 0.5525317199707032, []
0.714, 0.5525317199707032, []
0.714, 0.5525317260742187, []
0.714, 0.5525317321777343, []
0.714, 0.5525317291259766, []
0.714, 0.5525317169189453, []
0.714, 0.5525317260742187, []
0.714, 0.5525317291259766, []
0.714, 0.55253173828125, []
0.714, 0.5525317291259766, []
0.714, 0.5525317230224609, []
0.714, 0.5525317291259766, []
0.714, 0.55253173828125, []
0.714, 0.5525317443847656, []
0.714, 0.5525317260742187, []
0.714, 0.5525317230224609, []
0.714, 0.5525317260742187, []
0.714, 0.5525317352294923, []
0.714, 0.5525317291259766, []
0.714, 0.5525317321777343, []
0.714, 0.5525317230224609, []
0.714, 0.5525317260742187, []
0.714, 0.5525317260742187, []
0.714, 0.5525317260742187, []
0.714, 0.5525317260742187, []
0.714, 0.55253173828125, []
0.714, 0.5525317260742187, []
0.714, 0.5525317230224609, []
0.714, 0.5525317138671875, []
0.714, 0.5525317260742187, []
0.714, 0.5525317260742187, []
0.714, 0.5525317291259766, []
0.714, 0.5525317321777343, []
0.714, 0.5525317230224609, []
0.714, 0.5525317230224609, []
0.714, 0.5525317199707032, []
0.714, 0.5525317260742187, []
0.714, 0.5525317260742187, []
0.714, 0.5525317260742187, []
0.714, 0.5525317199707032, []
0.714, 0.5525317108154297, []
0.714, 0.5525317199707032, []
0.714, 0.5525317413330078, []
0.714, 0.5525317321777343, []
0.714, 0.55253173828125, []
0.714, 0.5525317260742187, []
0.714, 0.5525317352294922, []
0.714, 0.5525317321777343, []
0.714, 0.5525317260742187, []
0.714, 0.5525317291259766, []
0.714, 0.5525317230224609, []
0.714, 0.5525317260742187, []
0.714, 0.5525317260742187, []
0.714, 0.5525317321777343, []
0.714, 0.5525317169189452, []
0.714, 0.5525317230224609, []
0.714, 0.5525317169189453, []
0.714, 0.5525317260742187, []
0.714, 0.5525317260742187, []
0.714, 0.5525317199707032, []
0.714, 0.5525317352294922, []
0.714, 0.5525317230224609, []
0.714, 0.5525317199707032, []
0.714, 0.5525317199707032, []
0.714, 0.552531721496582, []
0.714, 0.5525317199707032, []
0.714, 0.5525317260742187, []
0.714, 0.5525317352294922, []
0.714, 0.5525317169189453, []
0.714, 0.5525317352294923, []
0.714, 0.5525317260742187, []
0.714, 0.5525317169189453, []
0.714, 0.5525317230224609, []
0.714, 0.5525317352294923, []
0.714, 0.5525317230224609, []
0.714, 0.5525317291259766, []
0.714, 0.5525317291259766, []
0.714, 0.5525317260742187, []
0.714, 0.5525317260742187, []
0.714, 0.5525317260742187, []
0.714, 0.5525317260742187, []
0.714, 0.5525317169189452, []
0.714, 0.5525317153930664, []
0.714, 0.5525317291259766, []
0.714, 0.5525317260742187, []
0.714, 0.5525317199707032, []
0.714, 0.5525317291259766, []
0.714, 0.5525317260742187, []
0.714, 0.5525317260742187, []
0.714, 0.5525317291259766, []
0.714, 0.5525317321777343, []
0.714, 0.5525317199707032, []
0.714, 0.5525317321777343, []
0.714, 0.5525317230224609, []
0.714, 0.5525317321777343, []
0.714, 0.5525317199707032, []
0.714, 0.5525317291259766, []
0.714, 0.5525317352294923, []
0.714, 0.5525317260742187, []
0.714, 0.5525317260742187, []
0.714, 0.5525317230224609, []
0.714, 0.5525317321777343, []
0.714, 0.5525317169189453, []
0.714, 0.5525317199707032, []
0.714, 0.5525317260742187, []
0.714, 0.5525317291259766, []
0.714, 0.5525317169189453, []
0.714, 0.5525317260742187, []
0.714, 0.5525317199707032, []
0.714, 0.5525317260742187, []
0.714, 0.5525317138671875, []
0.714, 0.5525317291259766, []
0.714, 0.5525317260742187, []
0.714, 0.5525317108154297, []
0.714, 0.5525317230224609, []
0.714, 0.5525317291259766, []
0.714, 0.5525317260742187, []
0.714, 0.5525317108154297, []
0.714, 0.5525317291259766, []
0.714, 0.5525317352294922, []
0.714, 0.5525317291259766, []
0.714, 0.5525317245483399, []
0.714, 0.5525317260742187, []
0.714, 0.5525317291259766, []
0.714, 0.5525317169189453, []
0.714, 0.5525317260742187, []
0.714, 0.5525317199707032, []
0.714, 0.5525317321777343, []
0.714, 0.5525317291259766, []
0.714, 0.5525317291259766, []
0.714, 0.5525317230224609, []
0.714, 0.5525317291259766, []
0.714, 0.5525317199707032, []
0.714, 0.5525317199707032, []
0.714, 0.5525317291259766, []
0.714, 0.5525317169189453, []
0.714, 0.5525317321777343, []
0.714, 0.5525317169189452, []
0.714, 0.5525317260742187, []
0.714, 0.5525317169189453, []
0.714, 0.5525317169189453, []
0.714, 0.5525317230224609, []
0.714, 0.5525317230224609, []
0.714, 0.5525317169189452, []
0.714, 0.5525317230224609, []
0.714, 0.5525317199707032, []
0.714, 0.5525317260742187, []
0.714, 0.5525317291259766, []
0.714, 0.5525317230224609, []
0.714, 0.5525317321777343, []
0.714, 0.5525317260742187, []
0.714, 0.5525317199707032, []
0.714, 0.5525317321777343, []
0.714, 0.5525317321777343, []
0.714, 0.5525317291259766, []
0.714, 0.5525317230224609, []
0.714, 0.5525317291259766, []
0.714, 0.5525317169189453, []
0.714, 0.5525317077636718, []
0.714, 0.5525317291259766, []
0.714, 0.5525317291259766, []
0.714, 0.5525317291259766, []
0.714, 0.5525317230224609, []
0.714, 0.5525317077636719, []
0.714, 0.5525317321777343, []
0.714, 0.5525317352294922, []
0.714, 0.5525317169189453, []
0.714, 0.5525317321777343, []
0.714, 0.5525317230224609, []
0.714, 0.5525317199707032, []
0.714, 0.5525317230224609, []
0.714, 0.5525317230224609, []
0.714, 0.5525317230224609, []
0.714, 0.5525317291259766, []
0.714, 0.5525317169189453, []
0.714, 0.5525317230224609, []
0.714, 0.5525317169189452, []
0.714, 0.5525317169189453, []
0.714, 0.5525317260742187, []
0.714, 0.5525317230224609, []
0.714, 0.5525317291259766, []
0.714, 0.5525317230224609, []
0.714, 0.5525317321777343, []
0.714, 0.5525317321777343, []
0.714, 0.5525317291259766, []
0.714, 0.5525317108154297, []
0.714, 0.55253173828125, []
0.714, 0.5525317230224609, []
0.714, 0.5525317230224609, []
0.714, 0.5525317291259766, []
0.714, 0.5525317260742187, []
0.714, 0.5525317260742187, []
0.714, 0.5525317260742187, []
0.714, 0.5525317230224609, []
0.714, 0.5525317138671875, []
0.714, 0.5525317169189453, []
0.714, 0.5525317230224609, []
0.714, 0.5525317291259766, []
0.714, 0.5525317169189452, []
0.714, 0.5525317260742187, []
0.714, 0.5525317260742187, []
0.714, 0.5525317230224609, []
0.714, 0.5525317199707032, []
0.714, 0.5525317260742187, []
0.714, 0.5525317291259766, []
0.714, 0.5525317321777343, []
0.714, 0.5525317260742187, []
0.714, 0.5525317199707032, []
0.714, 0.5525317291259766, []
0.714, 0.5525317230224609, []
0.714, 0.5525317138671875, []
0.714, 0.5525317352294923, []
0.714, 0.5525317260742187, []
0.714, 0.5525317169189452, []
0.714, 0.5525317352294922, []
0.714, 0.5525317321777343, []
0.714, 0.5525317413330078, []
0.714, 0.5525317169189453, []
0.714, 0.5525317321777343, []
0.714, 0.5525317199707032, []
0.714, 0.5525317138671875, []
0.714, 0.5525317352294922, []
0.714, 0.5525317291259766, []
0.714, 0.5525317352294922, []
0.714, 0.5525317138671875, []
0.714, 0.5525317230224609, []
0.714, 0.5525317260742187, []
0.714, 0.5525317321777343, []
0.714, 0.5525317260742187, []
0.714, 0.5525317291259766, []
0.714, 0.5525317291259766, []
0.714, 0.5525317199707032, []
0.714, 0.5525317321777343, []
0.714, 0.5525317199707032, []
0.714, 0.5525317260742187, []
0.714, 0.5525317291259766, []
0.714, 0.5525317291259766, []
0.714, 0.5525317199707032, []
0.714, 0.5525317199707032, []
0.714, 0.5525317352294923, []
0.714, 0.5525317199707032, []
0.714, 0.5525317230224609, []
0.714, 0.5525317138671875, []
0.714, 0.5525317169189452, []
0.714, 0.5525317291259766, []
0.714, 0.5525317230224609, []
0.714, 0.5525317199707032, []
0.714, 0.5525317108154297, []
0.714, 0.5525317230224609, []
0.714, 0.5525317199707032, []
0.714, 0.5525317260742187, []
0.714, 0.5525317230224609, []
0.714, 0.5525317321777343, []
0.714, 0.5525317260742187, []
0.714, 0.5525317199707032, []
0.714, 0.5525317138671875, []
0.714, 0.5525317138671875, []
0.714, 0.5525317260742187, []
0.714, 0.5525317260742187, []
0.714, 0.5525317230224609, []
0.714, 0.5525317230224609, []
0.714, 0.5525317169189453, []
0.714, 0.5525317199707032, []
0.714, 0.5525317291259766, []
0.714, 0.5525317260742187, []
0.714, 0.5525317260742187, []
0.714, 0.5525317291259766, []
0.714, 0.55253173828125, []
0.714, 0.5525317260742187, []
0.714, 0.5525317199707032, []
0.714, 0.5525317291259766, []
0.714, 0.5525317230224609, []
0.714, 0.5525317230224609, []
0.714, 0.5525317352294923, []
0.714, 0.5525317199707032, []
0.714, 0.5525317291259766, []
0.714, 0.5525317169189452, []
0.714, 0.5525317291259766, []
0.714, 0.5525317291259766, []
0.714, 0.5525317352294923, []
0.714, 0.5525317291259766, []
0.714, 0.5525317321777343, []
0.714, 0.5525317321777343, []
0.714, 0.5525317199707032, []
0.714, 0.5525317321777343, []
0.714, 0.5525317108154297, []
0.714, 0.5525317169189453, []
0.714, 0.5525317138671875, []
0.714, 0.5525317321777343, []
0.714, 0.5525317321777343, []
0.714, 0.5525317260742187, []
0.714, 0.5525317230224609, []
0.714, 0.5525317230224609, []
0.714, 0.5525317230224609, []
0.714, 0.5525317138671875, []
0.714, 0.5525317230224609, []
0.714, 0.5525317291259766, []
0.714, 0.5525317321777343, []
0.714, 0.5525317291259766, []
0.714, 0.5525317352294923, []
0.714, 0.5525317199707032, []
0.714, 0.5525317291259766, []
0.714, 0.5525317230224609, []
0.714, 0.5525317260742187, []
0.714, 0.5525317260742187, []
0.714, 0.5525317230224609, []
0.714, 0.5525317291259766, []
0.714, 0.5525317321777343, []
0.714, 0.5525317413330078, []
0.714, 0.5525317230224609, []
0.714, 0.5525317260742187, []
0.714, 0.5525317260742187, []
0.714, 0.5525317291259766, []
0.714, 0.5525317169189453, []
0.714, 0.5525317260742187, []
0.714, 0.5525317230224609, []
0.714, 0.5525317199707032, []
0.714, 0.5525317230224609, []
0.714, 0.5525317260742187, []
0.714, 0.5525317199707032, []
0.714, 0.5525317260742187, []
0.714, 0.5525317321777343, []
0.714, 0.5525317260742187, []
0.714, 0.5525317291259766, []
0.714, 0.5525317291259766, []
0.714, 0.5525317352294922, []
0.714, 0.5525317321777343, []
0.714, 0.5525317230224609, []
0.714, 0.5525317321777343, []
0.714, 0.5525317260742187, []
0.714, 0.5525317169189453, []
0.714, 0.55253173828125, []
0.714, 0.5525317169189453, []
0.714, 0.5525317199707032, []
0.714, 0.5525317199707032, []
0.714, 0.5525317169189452, []
0.714, 0.5525317230224609, []
0.714, 0.5525317260742187, []
0.714, 0.5525317230224609, []
0.714, 0.5525317230224609, []
0.714, 0.5525317230224609, []
0.714, 0.5525317169189452, []
0.714, 0.5525317199707032, []
0.714, 0.5525317291259766, []
0.714, 0.5525317260742187, []
0.714, 0.5525317169189453, []
0.714, 0.5525317352294922, []
0.714, 0.5525317321777343, []
0.714, 0.5525317260742187, []
0.714, 0.5525317321777343, []
0.714, 0.5525317260742187, []
0.714, 0.5525317260742187, []
0.714, 0.5525317108154297, []
0.714, 0.5525317321777343, []
0.714, 0.5525317169189453, []
0.714, 0.5525317352294923, []
0.714, 0.5525317230224609, []
0.714, 0.5525317321777343, []
0.714, 0.5525317230224609, []
0.714, 0.5525317138671875, []
0.714, 0.5525317291259766, []
0.714, 0.5525317321777343, []
0.714, 0.5525317108154297, []
0.714, 0.5525317230224609, []
0.714, 0.5525317169189453, []
0.714, 0.5525317291259766, []
0.714, 0.5525317199707032, []
0.714, 0.5525317108154297, []
0.714, 0.5525317138671875, []
0.714, 0.5525317230224609, []
0.714, 0.5525317199707032, []
0.714, 0.5525317199707032, []
0.714, 0.5525317169189453, []
0.714, 0.5525317260742187, []
0.714, 0.5525317321777343, []
0.714, 0.5525317230224609, []
0.714, 0.5525317199707032, []
0.714, 0.5525317199707032, []
0.714, 0.5525317169189453, []
0.714, 0.5525317260742187, []
0.714, 0.5525317199707032, []
0.714, 0.5525317321777343, []
0.714, 0.5525317321777343, []
0.714, 0.5525317260742187, []
0.714, 0.5525317337036133, []
0.714, 0.5525317291259766, []
0.714, 0.5525317291259766, []
0.714, 0.5525317230224609, []
0.714, 0.5525317260742187, []
0.714, 0.5525317230224609, []
0.714, 0.5525317199707032, []
0.714, 0.5525317199707032, []
0.714, 0.5525317138671875, []
0.714, 0.5525317199707032, []
0.714, 0.55253173828125, []
0.714, 0.5525317291259766, []
0.714, 0.5525317306518556, []
0.714, 0.5525317260742187, []
0.714, 0.5525317138671875, []
0.714, 0.5525317230224609, []
0.714, 0.5525317199707032, []
0.714, 0.5525317260742187, []
0.714, 0.5525317260742187, []
0.714, 0.5525317352294922, []
0.714, 0.5525317260742187, []
0.714, 0.5525317138671875, []
0.714, 0.5525317291259766, []
0.714, 0.5525317230224609, []
0.714, 0.5525317291259766, []
0.714, 0.5525317443847656, []
0.714, 0.5525317321777343, []
0.714, 0.5525317230224609, []
0.714, 0.55253173828125, []
0.714, 0.5525317260742187, []
0.714, 0.5525317169189453, []
0.714, 0.5525317230224609, []
0.714, 0.5525317321777343, []
0.714, 0.55253173828125, []
0.714, 0.5525317260742187, []
0.714, 0.5525317169189452, []
0.714, 0.5525317138671875, []
0.714, 0.5525317291259766, []
0.714, 0.5525317169189453, []
0.714, 0.5525317199707032, []
0.714, 0.5525317199707032, []
0.714, 0.5525317291259766, []
0.714, 0.5525317230224609, []
0.714, 0.5525317169189452, []
0.714, 0.5525317230224609, []
0.714, 0.5525317260742187, []
0.714, 0.5525317291259766, []
0.714, 0.5525317260742187, []
0.714, 0.5525317169189453, []
0.714, 0.5525317260742187, []
0.714, 0.5525317199707032, []
0.714, 0.5525317260742187, []
0.714, 0.5525317230224609, []
0.714, 0.5525317260742187, []
0.714, 0.5525317169189453, []
0.714, 0.5525317321777343, []
0.714, 0.5525317321777343, []
0.714, 0.5525317321777343, []
0.714, 0.5525317230224609, []
0.714, 0.5525317260742187, []
0.714, 0.5525317260742187, []
0.714, 0.5525317230224609, []
0.714, 0.5525317291259766, []
0.714, 0.5525317230224609, []
0.714, 0.5525317291259766, []
0.714, 0.5525317291259766, []
0.714, 0.5525317291259766, []
0.714, 0.5525317352294922, []
0.714, 0.5525317291259766, []
0.714, 0.5525317260742187, []
0.714, 0.5525317230224609, []
0.714, 0.5525317199707032, []
0.714, 0.5525317199707032, []
0.714, 0.5525317199707032, []
0.714, 0.5525317260742187, []
0.714, 0.5525317260742187, []
0.714, 0.5525317260742187, []
0.714, 0.5525317077636718, []
0.714, 0.5525317199707032, []
0.714, 0.5525317291259766, []
0.714, 0.5525317291259766, []
0.714, 0.5525317230224609, []
0.714, 0.5525317291259766, []
0.714, 0.5525317230224609, []
0.714, 0.5525317291259766, []
0.714, 0.5525317260742187, []
0.714, 0.5525317199707032, []
0.714, 0.5525317169189452, []
0.714, 0.5525317230224609, []
0.714, 0.5525317230224609, []
0.714, 0.5525317260742187, []
0.714, 0.5525317260742187, []
0.714, 0.5525317230224609, []
0.714, 0.5525317169189452, []
0.714, 0.5525317169189453, []
0.714, 0.5525317199707032, []
0.714, 0.5525317291259766, []
0.714, 0.5525317291259766, []
0.714, 0.5525317260742187, []
0.714, 0.5525317291259766, []
0.714, 0.552531721496582, []
0.714, 0.5525317169189453, []
0.714, 0.5525317199707032, []
0.714, 0.5525317352294922, []
0.714, 0.5525317352294922, []
0.714, 0.5525317321777343, []
0.714, 0.5525317291259766, []
0.714, 0.5525317321777343, []
0.714, 0.5525317077636719, []
0.714, 0.5525317138671875, []
0.714, 0.5525317352294923, []
0.714, 0.5525317321777343, []
0.714, 0.5525317169189453, []
0.714, 0.5525317230224609, []
0.714, 0.5525317260742187, []
0.714, 0.5525317230224609, []
0.714, 0.5525317291259766, []
0.714, 0.5525317138671875, []
0.714, 0.5525317199707032, []
0.714, 0.5525317291259766, []
0.714, 0.5525317199707032, []
0.714, 0.5525317230224609, []
0.714, 0.5525317169189452, []
0.714, 0.5525317199707032, []
0.714, 0.5525317260742187, []
0.714, 0.5525317199707032, []
0.714, 0.5525317260742187, []
0.714, 0.5525317474365234, []
0.714, 0.5525317199707032, []
0.714, 0.5525317199707032, []
0.714, 0.5525317352294923, []
0.714, 0.5525317108154297, []
0.714, 0.5525317352294923, []
0.714, 0.5525317108154297, []
0.714, 0.5525317230224609, []
0.714, 0.5525317199707032, []
0.714, 0.5525317199707032, []
0.714, 0.5525317291259766, []
0.714, 0.5525317199707032, []
0.714, 0.5525317169189452, []
0.714, 0.5525317352294922, []
0.714, 0.5525317230224609, []
0.714, 0.5525317321777343, []
0.714, 0.5525317199707032, []
0.714, 0.5525317321777343, []
0.714, 0.5525317138671875, []
0.714, 0.5525317230224609, []
0.714, 0.5525317260742187, []
0.714, 0.5525317230224609, []
0.714, 0.5525317260742187, []
0.714, 0.5525317230224609, []
0.714, 0.5525317199707032, []
