0.7133, 0.5526702423095704, [(14 1 29)-(9 1 19)-(3 17 21)-(1 16 2)-(3 17 5)-(11 29 12)-(15 21 14)-(4 39 1)-(0 60 15)-(1 0 4)]
0.7139, 0.5525273040771485, [(15 29 21)-(14 13 2)-(5 41 29)-(7 50 3)-(13 26 19)-(12 56 20)-(9 19 18)-(6 16 29)-(7 8 5)-(10 22 3)]
0.6982999999999999, 0.5401405181884765, [(15 53 18)-(0 18 25)-(11 48 28)-(9 25 17)-(2 50 8)-(7 23 25)-(2 14 1)-(6 63 15)-(8 62 0)-(3 63 0)]
0.714, 0.5525317626953126, [(11 31 15)-(0 14 9)-(10 19 3)-(6 48 25)-(1 3 7)-(5 51 25)-(8 61 19)-(9 60 28)-(3 29 7)-(11 38 27)]
0.7141, 0.5524809143066407, [(0 22 27)-(14 9 31)-(12 33 14)-(15 32 4)-(14 43 29)-(14 9 11)-(7 33 31)-(5 12 0)-(14 20 9)-(12 58 22)]
0.5845, 0.4675727111816406, [(2 30 23)-(6 8 21)-(4 38 16)-(8 58 23)-(1 5 13)-(11 49 4)-(10 49 3)-(14 27 21)-(6 1 24)-(2 30 18)]
0.7139, 0.552593881225586, [(14 24 12)-(2 34 1)-(2 59 18)-(1 32 16)-(6 24 28)-(9 56 28)-(7 52 26)-(11 28 8)-(8 23 19)-(3 59 8)]
0.7135, 0.5520724822998047, [(11 4 4)-(12 33 14)-(12 2 5)-(2 24 22)-(8 51 13)-(15 23 26)-(5 53 12)-(8 36 0)-(13 11 8)-(1 45 5)]
0.6628000000000001, 0.0, [(4 8 18)-(4 41 0)-(11 9 27)-(12 43 12)-(10 63 13)-(14 44 2)-(14 35 20)-(4 25 30)-(0 16 3)-(5 8 9)]
0.7132000000000001, 0.5576264068603516, [(11 19 17)-(5 0 20)-(12 40 3)-(8 6 20)-(1 42 4)-(6 55 23)-(8 48 8)-(12 25 10)-(7 19 24)-(13 1 6)]
0.7118, 0.5508542938232421, [(12 45 4)-(6 13 0)-(0 18 24)-(8 15 0)-(7 14 4)-(13 48 9)-(13 26 9)-(2 35 25)-(2 49 11)-(14 57 9)]
0.29410000000000003, 0.0, [(5 48 13)-(2 20 30)-(7 54 17)-(2 41 18)-(1 36 0)-(13 24 5)-(15 50 8)-(5 34 5)-(2 40 27)-(2 28 21)]
0.7050000000000001, 0.544522314453125, [(1 19 25)-(5 54 4)-(8 63 0)-(11 56 29)-(7 35 26)-(12 50 18)-(10 1 15)-(14 44 14)-(6 31 11)-(6 50 17)]
0.714, 0.5525317321777343, [(12 2 28)-(5 20 29)-(10 1 8)-(9 62 4)-(14 36 23)-(15 60 17)-(13 26 13)-(3 54 27)-(10 10 10)-(6 9 3)]
0.7041999999999999, 0.5650849395751953, [(2 8 22)-(13 16 12)-(5 12 8)-(5 56 9)-(12 9 6)-(10 32 2)-(1 54 17)-(11 0 22)-(11 42 9)-(1 31 3)]
0.7133, 0.552543765258789, [(9 47 5)-(11 42 10)-(9 26 2)-(10 61 24)-(2 39 28)-(7 13 0)-(15 63 11)-(2 51 0)-(9 38 27)-(1 19 21)]
0.687, 0.5251777694702149, [(1 36 23)-(14 26 15)-(1 23 2)-(11 49 22)-(6 22 25)-(12 10 1)-(8 26 9)-(14 21 19)-(13 41 5)-(15 19 26)]
0.714, 0.5525633758544921, [(12 40 0)-(7 28 31)-(9 47 25)-(5 42 21)-(8 8 13)-(6 44 16)-(8 30 29)-(0 31 14)-(5 33 22)-(10 22 3)]
0.7117, 0.5526473937988281, [(11 3 23)-(6 36 29)-(12 31 14)-(6 31 31)-(13 27 16)-(3 63 1)-(5 46 30)-(8 35 7)-(9 25 23)-(15 6 4)]
0.1527, 0.0, [(1 10 30)-(5 0 11)-(6 14 15)-(3 30 4)-(15 7 0)-(15 31 10)-(0 12 27)-(11 38 12)-(1 30 15)-(12 57 22)]
0.7123999999999999, 0.5524932830810547, [(5 12 24)-(12 34 1)-(9 20 23)-(2 2 8)-(5 16 3)-(7 45 27)-(7 23 8)-(12 2 28)-(11 21 29)-(6 63 27)]
0.714, 0.5525317291259766, [(8 13 1)-(5 61 1)-(10 43 1)-(4 41 31)-(10 33 13)-(8 48 17)-(9 52 31)-(14 30 29)-(0 22 10)-(11 54 8)]
0.714, 0.5525358520507813, [(6 22 1)-(15 18 22)-(11 47 23)-(8 46 19)-(12 47 16)-(9 2 3)-(7 59 18)-(12 22 19)-(4 56 13)-(5 40 4)]
0.7145, 0.5529313140869141, [(0 52 15)-(10 9 28)-(3 6 21)-(11 21 3)-(3 19 20)-(6 27 28)-(14 50 3)-(5 45 9)-(6 52 20)-(5 50 11)]
0.7134, 0.5525560729980469, [(10 21 11)-(12 14 2)-(0 50 4)-(3 22 15)-(5 2 16)-(3 33 27)-(15 60 9)-(8 3 8)-(13 19 2)-(15 9 2)]
0.714, 0.5525339416503906, [(14 48 30)-(14 16 30)-(13 18 30)-(8 60 16)-(15 21 21)-(6 55 24)-(12 40 9)-(15 4 27)-(9 17 13)-(7 24 18)]
0.6013999999999999, 0.5318969635009765, [(12 13 22)-(2 42 22)-(7 13 24)-(15 45 7)-(1 33 24)-(2 40 12)-(7 34 15)-(10 3 19)-(8 26 18)-(5 19 24)]
0.714, 0.5525322265625, [(8 28 12)-(11 61 30)-(9 63 6)-(8 10 3)-(15 9 18)-(15 8 13)-(10 41 26)-(8 54 5)-(14 51 24)-(15 5 8)]
0.6447, 0.5658344299316407, [(2 19 24)-(11 16 14)-(8 34 8)-(11 10 22)-(14 13 11)-(12 60 28)-(2 27 2)-(1 20 8)-(0 20 6)-(8 23 16)]
0.714, 0.5525342987060546, [(3 45 28)-(10 23 15)-(9 27 12)-(7 0 10)-(7 11 1)-(4 63 8)-(13 6 18)-(14 9 20)-(6 30 6)-(5 59 16)]
0.714, 0.5525317321777343, [(2 43 27)-(3 38 13)-(4 34 3)-(3 36 7)-(12 51 25)-(8 57 24)-(8 51 1)-(14 7 25)-(12 58 27)-(13 8 23)]
0.714, 0.5525317199707032, [(4 52 19)-(15 61 23)-(15 23 3)-(15 63 11)-(0 59 8)-(14 33 0)-(1 31 3)-(14 40 13)-(9 29 7)-(0 12 10)]
0.714, 0.5525319458007812, [(9 6 10)-(7 19 1)-(0 1 5)-(6 58 28)-(1 9 10)-(8 44 6)-(4 52 17)-(12 34 9)-(10 32 18)-(7 61 22)]
0.714, 0.5526408050537109, [(10 59 9)-(5 7 3)-(14 26 17)-(11 46 29)-(12 7 20)-(5 61 10)-(11 46 1)-(7 32 19)-(3 55 29)-(15 30 19)]
0.7011000000000001, 0.5410955596923828, [(11 8 12)-(14 23 11)-(11 34 30)-(8 28 31)-(14 56 12)-(2 59 29)-(7 11 22)-(14 24 24)-(12 48 29)-(0 0 9)]
0.714, 0.5525287567138673, [(3 54 4)-(2 4 5)-(10 32 16)-(6 60 1)-(2 32 11)-(5 46 21)-(7 23 17)-(3 34 3)-(7 27 7)-(10 60 26)]
0.10650000000000001, 0.0, [(15 23 14)-(11 58 14)-(3 3 24)-(6 7 19)-(0 59 2)-(11 21 21)-(15 36 10)-(15 10 23)-(14 54 17)-(4 5 30)]
0.7141, 0.5523735748291015, [(10 9 31)-(13 16 30)-(4 20 1)-(15 41 12)-(12 52 6)-(8 50 24)-(8 22 8)-(15 36 28)-(12 16 10)-(2 49 31)]
0.7107, 0.5514848831176757, [(3 40 12)-(10 6 11)-(3 37 18)-(12 48 0)-(3 50 23)-(8 63 18)-(1 28 26)-(9 8 13)-(6 43 7)-(10 36 2)]
0.7135, 0.552266439819336, [(4 25 0)-(8 30 28)-(11 53 19)-(2 46 26)-(15 50 2)-(0 51 25)-(7 6 22)-(11 36 13)-(8 31 30)-(13 62 6)]
0.7048, 0.5324906799316407, [(2 54 9)-(9 23 24)-(12 31 23)-(7 39 25)-(4 20 23)-(0 56 21)-(2 9 31)-(7 24 2)-(15 20 26)-(15 40 30)]
0.714, 0.5525320037841797, [(14 39 25)-(6 30 30)-(1 29 8)-(14 34 2)-(12 8 12)-(12 42 14)-(11 51 6)-(14 23 26)-(9 61 0)-(12 24 13)]
0.7071000000000001, 0.5536410003662109, [(5 16 9)-(6 54 4)-(11 11 13)-(12 39 21)-(1 25 3)-(4 21 23)-(5 3 11)-(8 28 2)-(13 30 10)-(6 10 27)]
0.34909999999999997, 0.0, [(2 5 30)-(10 21 31)-(12 21 13)-(8 20 0)-(2 22 22)-(6 41 7)-(11 0 26)-(10 43 4)-(3 23 4)-(4 21 20)]
0.7044999999999999, 0.5469422485351563, [(0 42 23)-(2 15 6)-(11 31 9)-(13 53 24)-(4 42 1)-(4 50 29)-(8 48 20)-(4 22 26)-(0 1 23)-(3 14 28)]
0.6621, 0.5375668090820312, [(2 40 11)-(12 54 31)-(15 53 20)-(2 5 28)-(0 4 16)-(9 63 31)-(5 6 24)-(10 59 12)-(8 60 1)-(3 22 14)]
0.7139, 0.5526347412109376, [(4 6 13)-(15 58 22)-(15 50 15)-(11 55 17)-(5 30 4)-(13 32 9)-(8 61 20)-(9 35 25)-(2 14 18)-(4 42 8)]
0.7122999999999999, 0.5494798797607421, [(14 55 6)-(10 29 26)-(7 48 15)-(13 44 31)-(15 11 19)-(10 63 14)-(8 44 26)-(0 6 8)-(7 10 8)-(6 10 2)]
0.5899, 0.4917263366699219, [(15 13 3)-(15 44 11)-(9 0 31)-(9 6 6)-(6 26 14)-(3 38 30)-(10 50 15)-(13 11 21)-(0 3 15)-(15 40 13)]
0.7141, 0.5525581512451172, [(11 38 22)-(11 43 6)-(4 52 19)-(10 31 19)-(3 10 9)-(4 27 18)-(2 24 1)-(3 19 3)-(8 36 21)-(14 30 10)]
0.7124999999999999, 0.5528689453125, [(5 32 1)-(3 41 7)-(6 25 16)-(12 50 7)-(8 51 20)-(3 32 29)-(12 54 6)-(3 13 27)-(11 59 22)-(5 3 24)]
0.0999, 0.0, [(14 10 25)-(8 11 28)-(11 48 26)-(6 1 30)-(13 13 16)-(2 59 20)-(13 42 6)-(15 34 4)-(8 36 19)-(9 27 27)]
0.714, 0.5525317535400391, [(8 54 26)-(7 43 9)-(11 35 29)-(12 47 7)-(15 0 4)-(3 51 21)-(15 34 20)-(5 10 4)-(13 60 28)-(13 30 1)]
0.7139, 0.5525507049560547, [(4 28 18)-(14 24 31)-(7 10 29)-(11 45 24)-(2 23 9)-(3 50 23)-(2 17 3)-(4 53 9)-(5 57 26)-(7 47 5)]
0.1425, 0.0, [(9 60 8)-(1 11 22)-(0 46 8)-(15 22 13)-(13 30 9)-(7 3 22)-(5 39 4)-(6 47 23)-(4 39 3)-(3 14 30)]
0.7132000000000001, 0.5542632080078125, [(11 54 21)-(5 58 24)-(0 1 27)-(0 13 21)-(5 41 19)-(6 42 27)-(1 39 23)-(15 22 29)-(8 35 21)-(6 28 31)]
0.714, 0.5525628204345703, [(11 42 17)-(2 52 3)-(10 26 20)-(1 11 9)-(14 49 27)-(1 20 5)-(0 8 8)-(12 32 8)-(3 28 6)-(11 4 13)]
0.7138, 0.5524992584228516, [(14 17 8)-(14 52 17)-(15 52 0)-(4 34 5)-(11 36 16)-(12 5 20)-(13 41 15)-(5 17 19)-(9 28 7)-(8 49 31)]
0.7136, 0.5568654846191406, [(8 31 30)-(2 52 31)-(9 62 24)-(7 0 20)-(1 9 8)-(13 62 3)-(12 47 14)-(13 51 0)-(11 9 14)-(7 33 25)]
0.7034, 0.5542374420166016, [(4 53 5)-(15 7 17)-(5 39 29)-(15 45 6)-(12 30 31)-(6 21 23)-(15 44 12)-(10 55 1)-(4 2 14)-(11 8 25)]
0.7142999999999999, 0.5526250244140625, [(9 3 8)-(1 5 3)-(9 61 21)-(14 12 24)-(12 30 4)-(1 63 13)-(14 50 28)-(11 12 27)-(3 30 13)-(14 45 10)]
0.7152000000000001, 0.5516190521240234, [(13 50 29)-(15 29 13)-(6 56 9)-(11 42 24)-(1 61 6)-(4 62 24)-(4 42 26)-(10 63 22)-(10 56 23)-(2 2 20)]
0.6640999999999999, 0.54504501953125, [(9 28 14)-(15 52 26)-(2 35 27)-(8 5 31)-(12 40 14)-(13 10 25)-(0 9 11)-(10 22 25)-(4 60 14)-(6 8 5)]
0.115, 0.9799191040039062, [(11 29 30)-(14 29 21)-(3 19 12)-(9 59 14)-(4 4 19)-(9 42 1)-(9 59 7)-(6 22 10)-(10 26 22)-(2 55 20)]
0.7139, 0.5541871551513672, [(12 30 26)-(15 56 11)-(2 1 21)-(9 31 1)-(0 39 21)-(2 21 7)-(5 48 7)-(6 52 2)-(4 19 29)-(2 61 28)]
0.7142, 0.552568017578125, [(13 16 8)-(8 62 18)-(14 30 23)-(1 40 7)-(5 11 4)-(4 56 2)-(0 9 11)-(2 58 31)-(2 36 7)-(1 29 27)]
0.714, 0.552467660522461, [(2 45 30)-(8 19 0)-(12 35 23)-(9 8 16)-(1 24 15)-(2 20 2)-(10 10 21)-(13 7 31)-(14 19 1)-(9 19 19)]
0.7114, 0.5502112731933594, [(6 24 9)-(13 30 20)-(1 23 27)-(11 12 28)-(8 8 31)-(4 20 10)-(8 40 23)-(14 1 27)-(1 24 23)-(9 4 0)]
0.7121999999999999, 0.5552607940673828, [(15 62 5)-(2 25 13)-(9 35 21)-(0 25 23)-(15 58 27)-(15 29 22)-(13 44 13)-(14 59 9)-(2 33 27)-(9 20 24)]
0.7142999999999999, 0.5527026550292968, [(9 6 5)-(7 20 15)-(6 3 0)-(7 18 20)-(14 40 22)-(5 23 23)-(1 62 5)-(13 24 17)-(0 25 1)-(3 63 11)]
0.6351, 0.4900637420654297, [(9 18 26)-(5 52 4)-(5 59 0)-(2 2 8)-(3 21 16)-(13 1 25)-(5 53 20)-(5 29 20)-(6 19 7)-(0 57 0)]
0.714, 0.5525272949218749, [(13 54 7)-(7 10 13)-(4 1 14)-(0 45 8)-(5 57 6)-(12 8 9)-(10 56 7)-(5 9 8)-(2 46 8)-(11 9 10)]
0.6392, 0.5443440643310546, [(13 4 1)-(11 12 25)-(8 25 26)-(0 52 10)-(3 34 3)-(8 39 15)-(11 27 7)-(9 62 18)-(11 7 21)-(10 23 26)]
0.7139, 0.5523787109375, [(7 43 24)-(5 45 18)-(8 46 22)-(7 25 17)-(0 38 30)-(5 21 18)-(8 24 31)-(10 34 10)-(15 43 22)-(13 37 11)]
0.6638, 0.5630554412841797, [(8 52 5)-(6 59 30)-(8 52 7)-(9 44 18)-(1 27 17)-(14 47 7)-(10 12 18)-(15 27 14)-(9 20 25)-(9 12 17)]
0.0996, 0.0, [(6 0 30)-(8 15 25)-(1 61 4)-(0 52 6)-(2 57 7)-(1 15 18)-(14 24 28)-(14 9 8)-(1 63 0)-(14 31 6)]
0.7072, 0.5434398468017578, [(0 3 5)-(2 53 1)-(0 49 8)-(10 15 2)-(10 36 9)-(9 25 6)-(0 24 25)-(15 38 24)-(6 49 19)-(5 53 1)]
0.714, 0.5525327758789063, [(14 44 7)-(15 26 13)-(7 13 11)-(14 60 20)-(7 4 19)-(12 14 3)-(11 52 19)-(9 9 1)-(14 53 28)-(5 42 14)]
0.714, 0.5525314910888672, [(4 54 27)-(8 14 9)-(4 49 29)-(3 50 28)-(8 35 11)-(9 27 29)-(15 14 20)-(10 15 6)-(2 7 11)-(12 58 13)]
0.7064, 0.5407854644775391, [(11 43 13)-(0 18 26)-(4 10 21)-(3 2 28)-(12 31 4)-(11 18 17)-(11 52 5)-(9 42 3)-(3 63 18)-(10 52 0)]
0.7133, 0.5526013793945312, [(3 3 16)-(0 55 22)-(8 22 21)-(15 37 19)-(1 44 5)-(3 0 5)-(8 4 19)-(2 62 20)-(2 1 17)-(3 21 16)]
0.10139999999999999, 0.0, [(7 62 23)-(9 2 0)-(5 6 30)-(13 2 4)-(12 57 15)-(11 55 6)-(6 16 30)-(3 12 29)-(10 16 18)-(2 62 10)]
0.714, 0.5525293945312499, [(4 54 1)-(1 17 8)-(9 5 11)-(8 58 20)-(6 24 17)-(10 24 9)-(8 43 5)-(13 16 7)-(13 32 14)-(11 33 12)]
0.7142999999999999, 0.5526321990966796, [(10 40 18)-(9 62 12)-(5 7 2)-(6 0 16)-(5 26 27)-(15 37 13)-(11 41 18)-(3 31 5)-(15 63 10)-(5 31 16)]
0.7135, 0.5522114425659179, [(1 17 4)-(11 25 23)-(12 35 3)-(7 54 29)-(10 14 6)-(1 58 2)-(1 58 11)-(14 16 2)-(7 52 31)-(4 10 11)]
0.7073, 0.55262119140625, [(2 44 30)-(0 39 2)-(1 2 23)-(15 9 1)-(12 20 3)-(1 50 17)-(3 62 0)-(1 15 22)-(4 33 7)-(0 1 11)]
0.5519000000000001, 0.6518489685058593, [(15 14 28)-(0 1 29)-(13 18 29)-(8 59 1)-(4 63 22)-(0 3 26)-(2 55 26)-(5 24 18)-(5 39 20)-(5 40 1)]
0.22460000000000002, 0.9259058532714843, [(4 6 9)-(9 27 15)-(10 5 20)-(5 38 14)-(12 12 12)-(12 61 16)-(6 0 0)-(10 16 30)-(3 34 13)-(6 55 7)]
0.7139, 0.5525140472412109, [(0 30 20)-(4 46 12)-(0 57 20)-(15 35 22)-(14 27 17)-(6 4 19)-(10 21 12)-(12 1 29)-(6 16 7)-(3 43 28)]
0.708, 0.5473076171875, [(15 17 25)-(0 32 17)-(1 20 31)-(1 56 29)-(13 59 5)-(11 44 15)-(11 55 3)-(10 53 19)-(12 46 13)-(10 6 22)]
0.7095, 0.5528636901855468, [(5 53 5)-(11 26 23)-(15 19 5)-(5 13 9)-(2 13 8)-(7 12 17)-(9 10 14)-(13 10 6)-(3 4 29)-(12 54 20)]
0.4883, 0.5384556732177734, [(8 39 7)-(14 60 1)-(12 32 25)-(3 54 10)-(11 29 20)-(0 1 25)-(11 29 23)-(8 24 4)-(12 22 11)-(6 18 20)]
0.714, 0.5525969360351562, [(1 48 30)-(0 51 6)-(0 55 13)-(7 13 31)-(3 5 2)-(10 55 5)-(0 63 14)-(10 6 16)-(5 58 19)-(12 9 4)]
0.5862, 0.4684066680908203, [(11 59 13)-(4 55 6)-(6 1 24)-(11 36 24)-(0 36 28)-(6 62 5)-(4 60 28)-(10 20 22)-(7 6 0)-(5 15 31)]
0.7138, 0.5524897338867187, [(1 29 14)-(0 45 15)-(14 31 11)-(6 12 20)-(12 28 1)-(15 15 22)-(9 40 17)-(12 44 2)-(4 33 10)-(13 14 7)]
0.6376999999999999, 0.5277865798950195, [(8 47 26)-(11 32 0)-(12 30 8)-(13 9 22)-(3 33 11)-(3 24 15)-(12 8 24)-(7 54 16)-(12 42 23)-(6 14 11)]
0.7007, 0.5368159408569335, [(15 48 27)-(6 61 10)-(10 56 26)-(13 37 9)-(3 17 5)-(5 36 8)-(1 62 23)-(10 61 11)-(12 8 26)-(1 25 0)]
0.6057, 0.5818339263916015, [(2 49 20)-(6 2 17)-(2 23 8)-(2 21 25)-(14 17 2)-(3 43 25)-(15 19 3)-(5 45 28)-(3 8 17)-(0 18 8)]
0.694, 0.5405896270751953, [(12 10 18)-(5 21 26)-(6 22 29)-(4 48 14)-(8 24 16)-(7 1 17)-(5 54 24)-(10 0 13)-(9 33 2)-(9 35 12)]
0.714, 0.5525333038330078, [(1 36 15)-(5 54 2)-(15 24 18)-(10 52 28)-(12 17 5)-(9 44 19)-(6 3 2)-(13 52 28)-(8 12 1)-(1 5 17)]
0.7106, 0.5486428924560547, [(8 8 0)-(7 39 25)-(13 47 13)-(1 34 8)-(10 25 21)-(1 63 4)-(8 15 24)-(5 40 25)-(1 7 29)-(3 47 24)]
0.7108, 0.5566969604492187, [(15 10 12)-(14 36 4)-(4 1 10)-(3 53 28)-(13 54 11)-(3 0 21)-(4 31 24)-(9 17 5)-(9 19 7)-(7 28 17)]
0.7081, 0.5559544860839845, [(8 6 20)-(13 28 0)-(13 42 13)-(9 38 26)-(9 1 28)-(13 24 19)-(13 24 19)-(4 27 24)-(8 8 29)-(1 34 19)]
0.1, 0.0, [(3 2 30)-(13 53 24)-(10 21 15)-(0 47 12)-(5 35 3)-(6 22 4)-(7 4 24)-(0 8 0)-(1 0 26)-(11 35 13)]
0.7135, 0.551014973449707, [(11 29 26)-(0 19 20)-(6 40 4)-(10 60 15)-(10 26 15)-(6 1 11)-(10 5 27)-(0 62 31)-(2 60 17)-(9 32 25)]
0.6887000000000001, 0.5495551208496094, [(0 1 5)-(1 9 28)-(9 37 20)-(10 6 20)-(7 29 26)-(1 37 3)-(2 29 23)-(6 22 2)-(11 51 17)-(2 39 1)]
0.7139, 0.5525680603027343, [(8 4 17)-(9 7 8)-(6 22 11)-(1 41 22)-(3 0 15)-(9 18 14)-(11 7 9)-(13 63 0)-(2 44 5)-(10 46 18)]
0.6288, 0.6008854278564453, [(4 4 31)-(1 4 13)-(8 4 14)-(7 24 3)-(6 37 1)-(9 0 29)-(6 19 17)-(15 6 0)-(2 35 29)-(12 22 20)]
0.14179999999999998, 0.0, [(14 55 18)-(7 40 8)-(5 0 22)-(4 37 3)-(8 6 26)-(15 0 18)-(5 20 30)-(13 21 25)-(0 62 5)-(1 8 18)]
0.714, 0.5525317901611329, [(14 58 27)-(10 24 29)-(0 15 10)-(0 27 8)-(0 41 18)-(1 45 19)-(4 60 9)-(6 28 0)-(6 34 19)-(12 37 16)]
0.6572, 0.0, [(7 26 30)-(4 34 13)-(10 7 6)-(5 58 5)-(1 50 4)-(11 1 20)-(10 45 8)-(11 21 2)-(12 2 5)-(14 42 20)]
0.7081, 0.5567893920898437, [(0 29 18)-(10 7 2)-(8 60 9)-(10 49 17)-(2 26 7)-(11 25 21)-(10 20 29)-(2 17 18)-(13 62 26)-(10 6 27)]
0.7141, 0.5520919830322266, [(11 45 24)-(9 34 24)-(1 23 10)-(15 47 10)-(4 16 6)-(14 46 3)-(11 51 17)-(3 3 14)-(14 14 18)-(2 15 21)]
0.714, 0.5525316833496094, [(5 58 14)-(15 44 29)-(11 6 31)-(9 3 6)-(14 32 22)-(13 47 4)-(14 8 2)-(6 24 11)-(9 17 1)-(11 23 3)]
0.7137, 0.552850390625, [(1 3 9)-(1 3 18)-(7 7 17)-(1 10 20)-(4 55 8)-(5 60 31)-(5 28 21)-(1 63 6)-(4 38 5)-(5 53 9)]
0.118, 0.0, [(7 16 30)-(10 22 4)-(6 48 6)-(6 3 29)-(14 34 11)-(3 44 17)-(14 12 29)-(14 16 5)-(12 19 11)-(12 8 9)]
0.714, 0.5525317504882812, [(13 62 31)-(1 57 9)-(6 33 25)-(1 34 25)-(0 12 6)-(11 62 4)-(14 63 19)-(4 8 7)-(4 28 8)-(3 44 0)]
0.714, 0.5525318939208984, [(2 34 1)-(1 5 15)-(5 2 3)-(12 44 21)-(12 33 16)-(7 46 2)-(4 57 9)-(11 42 30)-(10 41 12)-(4 42 18)]
0.7139, 0.5524358673095703, [(9 59 27)-(0 39 12)-(3 49 7)-(9 19 28)-(0 47 4)-(14 37 7)-(1 36 30)-(9 39 3)-(7 3 10)-(8 14 27)]
0.7030000000000001, 0.5402065414428712, [(0 15 24)-(7 12 21)-(12 27 18)-(12 7 3)-(5 12 25)-(4 38 5)-(2 38 13)-(6 27 22)-(10 12 27)-(2 20 8)]
0.7130000000000001, 0.5513910217285156, [(10 27 20)-(11 7 0)-(0 43 15)-(10 57 4)-(7 39 31)-(10 5 25)-(9 13 10)-(0 36 27)-(10 15 29)-(7 58 16)]
0.1003, 0.0, [(15 0 30)-(13 33 13)-(9 27 0)-(11 42 0)-(0 0 30)-(2 12 4)-(9 60 27)-(4 45 16)-(2 57 9)-(13 30 30)]
0.7129000000000001, 0.5534016632080079, [(4 12 18)-(12 59 25)-(11 17 9)-(9 48 0)-(3 4 20)-(9 30 18)-(13 21 5)-(13 51 10)-(3 44 27)-(12 5 31)]
0.5383, 0.5558318328857421, [(2 33 12)-(12 48 11)-(5 8 21)-(15 51 30)-(1 37 6)-(9 36 26)-(8 16 30)-(10 38 25)-(14 3 10)-(4 35 18)]
0.7139, 0.5525379608154297, [(8 57 30)-(13 37 7)-(7 28 10)-(0 54 30)-(12 53 14)-(2 31 20)-(11 18 12)-(9 18 16)-(10 60 21)-(5 57 25)]
0.714, 0.5525330291748047, [(10 4 2)-(13 23 22)-(5 14 12)-(10 30 4)-(4 18 16)-(10 47 19)-(14 53 11)-(6 7 16)-(14 17 12)-(5 58 13)]
0.714, 0.5525317230224609, [(0 25 11)-(6 50 19)-(3 47 26)-(15 41 27)-(15 3 24)-(4 48 3)-(0 37 29)-(15 29 0)-(8 55 8)-(2 11 10)]
0.7137, 0.5525094543457031, [(10 27 10)-(3 20 20)-(0 63 7)-(5 40 22)-(9 61 26)-(0 53 8)-(2 1 5)-(1 37 22)-(7 32 7)-(7 41 7)]
0.714, 0.5524981903076172, [(13 17 14)-(5 35 9)-(5 32 10)-(8 1 13)-(15 13 27)-(4 18 9)-(15 55 26)-(13 12 24)-(2 2 16)-(15 18 11)]
0.714, 0.552566455078125, [(13 34 11)-(0 12 12)-(15 62 21)-(0 31 18)-(0 7 23)-(14 45 25)-(13 25 29)-(8 28 5)-(2 16 28)-(8 45 8)]
0.7142999999999999, 0.551704833984375, [(11 9 28)-(5 13 20)-(14 47 19)-(11 52 30)-(7 3 19)-(12 32 9)-(11 15 26)-(15 5 19)-(11 30 1)-(9 10 3)]
0.7113, 0.5473518188476563, [(3 43 22)-(1 44 22)-(9 24 22)-(9 49 13)-(13 35 17)-(5 11 20)-(7 9 24)-(15 5 19)-(9 29 12)-(10 8 8)]
0.714, 0.5525317489624024, [(6 47 3)-(11 42 5)-(3 63 27)-(6 32 22)-(13 32 6)-(8 21 7)-(14 24 25)-(13 19 14)-(3 60 16)-(12 34 31)]
0.712, 0.551033154296875, [(10 57 6)-(8 24 26)-(8 32 25)-(13 54 31)-(4 47 23)-(13 49 18)-(0 37 14)-(12 48 21)-(13 49 19)-(15 42 16)]
0.6155999999999999, 0.5916001220703124, [(3 42 14)-(6 50 26)-(11 22 6)-(9 62 22)-(9 0 28)-(8 41 6)-(2 56 16)-(8 21 12)-(12 10 26)-(0 33 24)]
0.7091000000000001, 0.5474703918457031, [(14 52 4)-(4 58 15)-(10 50 9)-(0 39 22)-(14 20 3)-(2 21 3)-(0 39 25)-(11 62 3)-(6 8 26)-(8 7 8)]
0.7137, 0.5525371887207031, [(10 49 21)-(1 42 27)-(15 10 23)-(9 33 5)-(0 22 22)-(2 48 25)-(7 50 0)-(14 55 18)-(14 23 7)-(12 18 27)]
0.714, 0.5525324676513672, [(15 51 6)-(7 41 22)-(4 38 24)-(15 0 9)-(6 35 22)-(1 50 19)-(15 59 24)-(13 38 8)-(12 41 1)-(1 46 16)]
0.5581, 0, [(13 12 10)-(6 0 29)-(2 16 27)-(14 7 9)-(11 26 15)-(0 18 18)-(6 46 2)-(6 28 8)-(13 34 14)-(0 39 26)] #nan
0.714, 0.5525291778564453, [(10 12 16)-(6 36 1)-(8 54 26)-(13 49 4)-(14 43 21)-(6 51 13)-(9 24 18)-(13 11 19)-(15 61 27)-(2 62 23)]
0.7132000000000001, 0.5523290771484375, [(12 55 17)-(7 24 3)-(13 16 13)-(13 20 4)-(12 4 11)-(13 3 13)-(8 58 23)-(0 50 15)-(7 8 23)-(7 41 12)]
0.6892, 0.5432123504638672, [(5 24 0)-(3 63 10)-(10 4 0)-(3 13 0)-(4 18 21)-(2 53 30)-(2 16 24)-(14 42 9)-(5 26 25)-(8 8 19)]
0.6376999999999999, 0.5277750518798828, [(2 10 27)-(15 49 9)-(12 8 24)-(1 33 22)-(12 23 16)-(11 18 20)-(10 20 22)-(5 12 9)-(0 46 8)-(14 5 14)]
0.0938, 0.0, [(8 54 19)-(4 26 8)-(13 39 28)-(6 26 21)-(15 5 7)-(10 6 30)-(12 35 22)-(2 56 8)-(2 1 7)-(4 39 3)]
0.09870000000000001, 0.0, [(10 3 30)-(11 30 1)-(2 59 25)-(5 20 13)-(4 43 15)-(5 42 31)-(5 19 28)-(5 25 0)-(0 22 8)-(4 39 18)]
0.7115, 0.5551868133544922, [(15 57 8)-(4 15 24)-(3 27 23)-(4 18 31)-(1 57 6)-(7 53 1)-(9 4 23)-(12 16 3)-(4 34 23)-(11 55 15)]
0.714, 0.5525312377929688, [(9 25 5)-(2 37 22)-(9 41 20)-(9 11 15)-(15 6 8)-(1 31 26)-(7 34 24)-(1 51 29)-(15 48 15)-(13 41 27)]
0.7108, 0.5529448211669922, [(11 17 23)-(10 57 6)-(15 48 4)-(13 50 29)-(0 38 4)-(7 7 27)-(5 18 24)-(10 39 25)-(2 16 4)-(8 0 9)]
0.7126, 0.5521223052978516, [(11 22 7)-(2 38 10)-(13 5 21)-(5 8 22)-(1 16 29)-(15 24 12)-(15 32 31)-(15 7 5)-(2 13 20)-(5 25 27)]
0.7118, 0.5536102661132812, [(15 9 20)-(5 2 21)-(12 25 7)-(12 52 13)-(11 16 5)-(6 39 10)-(15 53 26)-(7 42 5)-(4 26 7)-(0 15 12)]
0.7141, 0.5527832092285156, [(1 54 30)-(7 14 22)-(3 34 29)-(0 25 11)-(6 15 5)-(10 56 2)-(9 53 26)-(0 60 11)-(3 21 1)-(4 54 18)]
0.7141, 0.5525290313720703, [(0 55 20)-(7 62 25)-(11 42 6)-(9 13 27)-(0 50 18)-(3 26 16)-(6 49 23)-(1 33 2)-(1 51 0)-(2 27 3)]
0.6796, 0.537627946472168, [(3 9 10)-(12 28 25)-(10 51 13)-(0 0 7)-(4 0 20)-(12 19 29)-(7 38 22)-(4 26 2)-(9 41 17)-(15 41 19)]
0.373, 0.7816081451416016, [(14 44 23)-(14 30 24)-(10 60 28)-(13 30 0)-(14 58 18)-(7 51 25)-(4 37 23)-(3 22 30)-(9 21 14)-(3 21 25)]
0.7128, 0.5530745788574218, [(11 52 30)-(8 40 7)-(12 12 8)-(4 17 16)-(6 25 28)-(4 36 9)-(3 61 22)-(1 28 31)-(10 15 19)-(10 19 23)]
0.7135, 0.5525689697265626, [(15 28 3)-(5 17 11)-(8 18 3)-(13 51 19)-(4 11 16)-(1 62 16)-(3 44 26)-(3 50 4)-(11 26 18)-(1 45 23)]
0.7143, 0.5525647613525391, [(5 58 14)-(0 52 14)-(4 1 5)-(5 60 7)-(10 13 27)-(12 10 1)-(8 7 1)-(12 37 13)-(9 26 28)-(1 4 17)]
0.7142, 0.5525993896484376, [(11 32 5)-(7 13 22)-(6 32 19)-(14 25 25)-(12 7 9)-(5 9 8)-(14 56 20)-(1 49 8)-(15 23 14)-(9 29 21)]
0.7138, 0.5525356689453125, [(15 37 5)-(4 30 19)-(15 28 26)-(4 15 11)-(12 57 19)-(15 43 4)-(14 22 4)-(8 9 16)-(15 57 1)-(5 26 18)]
0.7138, 0.5529681579589845, [(14 20 12)-(2 58 25)-(11 30 29)-(1 40 17)-(5 33 27)-(13 45 17)-(1 43 23)-(0 54 22)-(7 28 24)-(5 49 1)]
0.6568, 0.5368491256713868, [(4 56 14)-(6 63 9)-(11 60 23)-(14 61 24)-(14 9 13)-(7 2 26)-(1 58 23)-(1 10 18)-(13 62 15)-(14 0 3)]
0.7073, 0.5502552612304688, [(13 43 30)-(7 18 25)-(0 38 12)-(15 20 15)-(2 7 10)-(7 7 12)-(14 8 7)-(8 63 16)-(4 2 4)-(13 15 4)]
0.714, 0.5525317413330078, [(0 36 0)-(4 57 3)-(9 49 23)-(5 10 1)-(5 43 27)-(4 57 11)-(1 49 9)-(0 61 29)-(6 62 25)-(4 32 20)]
0.7057, 0.5489140716552734, [(6 4 0)-(12 10 17)-(9 42 16)-(0 16 8)-(7 45 1)-(1 13 25)-(12 13 5)-(5 53 29)-(15 12 26)-(4 14 15)]
0.7074, 0.5461673400878906, [(0 13 11)-(2 18 0)-(3 19 26)-(1 33 3)-(12 58 13)-(1 47 2)-(0 50 1)-(6 22 15)-(4 58 3)-(10 26 5)]
0.7126, 0.5531759490966797, [(0 20 17)-(4 35 18)-(13 44 11)-(3 36 18)-(12 2 22)-(3 7 2)-(12 34 29)-(4 39 7)-(2 61 3)-(6 42 2)]
0.7131000000000001, 0.5484048919677735, [(5 31 31)-(14 45 13)-(6 62 16)-(3 26 13)-(13 0 8)-(12 16 27)-(7 55 27)-(0 0 14)-(2 42 0)-(0 8 25)]
0.7136, 0.5523663650512696, [(6 16 18)-(3 63 4)-(14 31 11)-(15 52 8)-(8 12 31)-(11 46 20)-(6 45 24)-(0 60 28)-(11 12 17)-(3 60 21)]
0.6821, 0.5379190704345703, [(14 10 3)-(1 8 31)-(4 9 3)-(3 20 31)-(8 8 23)-(2 33 12)-(7 44 27)-(15 40 1)-(10 4 16)-(3 23 2)]
0.7132000000000001, 0.5526728179931641, [(10 61 6)-(13 34 18)-(11 9 27)-(7 42 3)-(12 42 9)-(0 48 25)-(2 8 14)-(6 29 17)-(7 57 24)-(0 54 11)]
0.6691, 0.5135766250610352, [(15 13 22)-(3 22 28)-(13 8 28)-(6 7 22)-(1 32 17)-(5 29 7)-(2 63 8)-(15 2 25)-(6 49 0)-(8 44 14)]
0.7137, 0.5526547637939454, [(9 53 24)-(1 34 16)-(1 46 18)-(4 27 27)-(9 11 20)-(11 40 26)-(10 50 18)-(8 14 20)-(3 32 10)-(12 39 13)]
0.5825, 0.5333182739257813, [(6 18 13)-(5 58 16)-(2 61 18)-(9 16 23)-(11 2 24)-(15 16 24)-(15 45 4)-(14 49 14)-(10 55 13)-(9 4 1)]
0.714, 0.5525317352294922, [(1 49 16)-(6 63 13)-(4 45 17)-(13 23 0)-(7 53 13)-(15 14 17)-(13 62 31)-(14 57 4)-(15 33 9)-(6 43 18)]
0.6537, 0.5396550018310546, [(12 36 9)-(0 3 12)-(3 6 25)-(5 40 24)-(4 7 21)-(9 43 10)-(4 48 26)-(4 62 5)-(9 7 15)-(3 17 7)]
0.10880000000000001, 0.0, [(14 37 19)-(1 24 30)-(3 27 14)-(7 2 21)-(12 2 28)-(11 50 22)-(7 5 27)-(12 33 14)-(5 22 2)-(4 35 26)]
0.7137, 0.552689453125, [(4 49 5)-(12 13 21)-(11 14 0)-(14 0 0)-(2 3 5)-(2 37 1)-(11 11 3)-(13 20 1)-(15 41 8)-(0 6 21)]
0.714, 0.5525317291259766, [(3 46 15)-(9 14 3)-(3 41 28)-(14 11 27)-(0 16 5)-(6 61 9)-(14 31 0)-(12 58 20)-(6 62 17)-(7 37 5)]
0.7138, 0.5524924194335938, [(2 4 12)-(0 58 26)-(6 26 9)-(14 36 7)-(5 29 13)-(1 47 15)-(3 28 5)-(8 17 27)-(3 23 3)-(2 26 11)]
0.714, 0.5525316955566406, [(15 42 12)-(5 46 31)-(7 47 19)-(1 30 1)-(1 33 27)-(1 27 2)-(13 9 31)-(10 21 14)-(11 46 27)-(5 54 7)]
0.6377999999999999, 0.5069595077514648, [(12 41 26)-(14 60 10)-(10 2 26)-(2 17 27)-(13 54 12)-(6 25 25)-(4 3 7)-(4 38 5)-(12 17 19)-(5 43 29)]
0.7137, 0.5525358642578124, [(9 2 13)-(0 4 0)-(4 50 31)-(10 22 7)-(11 42 9)-(13 54 11)-(1 45 24)-(4 39 15)-(4 26 0)-(5 14 18)]
0.0958, 0.0, [(5 56 5)-(8 39 16)-(14 61 3)-(14 51 28)-(1 16 4)-(1 14 30)-(6 11 16)-(6 43 4)-(6 2 24)-(6 30 23)]
0.714, 0.551621044921875, [(4 57 16)-(6 46 13)-(0 5 18)-(15 23 0)-(0 28 27)-(1 39 28)-(1 55 30)-(15 11 18)-(7 51 31)-(14 40 22)]
0.7133, 0.5513112670898437, [(3 35 10)-(1 45 23)-(8 43 7)-(3 27 7)-(5 2 19)-(7 23 17)-(4 7 24)-(9 45 7)-(10 56 9)-(7 63 6)]
0.7084999999999999, 0.549383755493164, [(8 51 23)-(1 23 19)-(3 24 31)-(0 21 26)-(5 60 9)-(3 15 11)-(0 63 16)-(10 26 6)-(11 47 3)-(11 44 26)]
0.714, 0.552532650756836, [(9 14 16)-(10 61 1)-(11 62 12)-(6 61 13)-(14 2 2)-(9 8 9)-(7 37 14)-(12 59 10)-(10 6 2)-(8 53 18)]
0.7139, 0.5525796722412109, [(13 44 19)-(11 36 30)-(6 39 15)-(8 48 24)-(14 30 12)-(11 53 14)-(14 18 16)-(9 33 4)-(10 63 20)-(10 22 20)]
0.6739999999999999, 0.5894438018798829, [(12 40 25)-(5 21 13)-(11 40 2)-(1 0 23)-(10 59 8)-(1 54 25)-(14 29 5)-(14 18 29)-(9 27 11)-(12 59 25)]
0.1002, 0.0, [(0 42 25)-(4 53 23)-(14 0 31)-(15 6 21)-(1 12 30)-(2 63 11)-(12 16 19)-(15 50 0)-(15 44 14)-(13 47 3)]
0.7147, 0.5528116790771485, [(5 51 3)-(8 58 7)-(1 12 29)-(0 48 14)-(7 59 0)-(3 63 4)-(1 39 23)-(8 59 31)-(6 36 29)-(11 15 24)]
0.714, 0.5525946319580078, [(6 32 30)-(8 0 1)-(10 0 15)-(10 49 26)-(1 56 16)-(4 32 8)-(3 25 15)-(11 38 3)-(14 1 10)-(10 43 26)]
0.7137, 0.552379180908203, [(0 2 3)-(12 33 16)-(15 19 17)-(2 53 15)-(10 53 27)-(9 62 5)-(13 52 21)-(0 26 23)-(14 51 10)-(14 60 28)]
0.7083, 0.5468403015136718, [(2 29 21)-(2 20 29)-(7 42 0)-(11 9 25)-(5 60 2)-(9 39 23)-(0 12 13)-(9 44 17)-(1 3 0)-(12 46 30)]
0.714, 0.5525317199707032, [(7 40 23)-(2 28 3)-(12 48 9)-(0 54 3)-(3 35 30)-(4 4 8)-(8 53 4)-(5 52 13)-(12 32 14)-(6 23 7)]
0.7142999999999999, 0.5521661193847656, [(11 49 29)-(2 2 19)-(2 28 9)-(6 21 6)-(2 7 0)-(4 45 28)-(14 21 18)-(10 40 25)-(9 50 17)-(12 11 11)]
0.7109000000000001, 0.540233950805664, [(1 32 11)-(11 19 8)-(15 48 4)-(11 59 8)-(4 23 18)-(6 12 26)-(5 12 29)-(13 36 6)-(1 31 2)-(3 38 7)]
0.714, 0.5525319366455078, [(13 60 9)-(14 21 30)-(3 51 12)-(5 38 2)-(13 16 25)-(1 44 15)-(9 31 3)-(3 23 15)-(2 60 26)-(5 45 18)]
0.7041999999999999, 0.5537611419677735, [(10 33 0)-(2 12 9)-(8 54 1)-(4 28 20)-(11 54 17)-(7 49 1)-(6 55 3)-(0 39 17)-(14 1 23)-(10 9 1)]
0.7142999999999999, 0.5523650482177734, [(8 38 28)-(4 15 19)-(10 40 22)-(4 45 25)-(5 4 27)-(3 42 4)-(8 28 13)-(10 39 17)-(5 59 2)-(5 33 13)]
0.7136, 0.5525311737060548, [(9 35 30)-(11 16 0)-(5 13 1)-(14 15 8)-(13 25 2)-(11 29 28)-(15 23 12)-(10 21 11)-(5 8 18)-(4 21 11)]
0.714, 0.5525312408447265, [(1 59 20)-(6 60 14)-(15 63 20)-(15 33 26)-(4 57 10)-(4 29 7)-(0 53 8)-(12 45 0)-(11 6 28)-(0 19 13)]
0.714, 0.5525317230224609, [(13 12 12)-(5 41 10)-(4 22 4)-(3 38 14)-(6 5 29)-(0 36 8)-(7 29 28)-(3 4 2)-(2 34 4)-(15 19 1)]
0.714, 0.5525317230224609, [(3 63 10)-(4 42 11)-(5 45 27)-(1 8 5)-(13 55 3)-(15 4 16)-(3 63 30)-(15 27 19)-(6 30 3)-(6 46 2)]
0.6972, 0.5516445037841797, [(10 32 21)-(1 21 18)-(7 57 2)-(1 9 24)-(2 59 29)-(2 37 12)-(12 25 8)-(15 20 4)-(13 58 1)-(10 38 18)]
0.7143999999999999, 0.5525725372314453, [(5 13 3)-(4 33 11)-(5 63 24)-(9 2 3)-(14 7 5)-(1 39 16)-(2 45 28)-(11 43 8)-(11 15 21)-(13 11 10)]
0.7141, 0.5528267425537109, [(6 4 28)-(3 34 22)-(2 21 19)-(13 55 19)-(0 18 17)-(12 35 15)-(12 54 6)-(4 29 6)-(6 53 24)-(11 54 0)]
0.7138, 0.5525477478027344, [(10 8 13)-(12 37 21)-(13 21 14)-(5 24 28)-(7 21 19)-(4 26 6)-(10 7 1)-(8 18 13)-(12 59 26)-(2 21 14)]
0.714, 0.5525317077636719, [(9 36 1)-(0 43 6)-(5 44 1)-(12 24 16)-(7 55 23)-(10 45 1)-(11 53 15)-(1 10 28)-(2 46 30)-(2 47 27)]
0.7127, 0.5522822021484375, [(9 13 26)-(2 48 22)-(5 41 25)-(8 23 10)-(12 62 6)-(5 10 24)-(8 25 1)-(7 34 13)-(7 48 26)-(12 45 2)]
0.0911, 0.0, [(10 55 5)-(5 24 0)-(9 49 12)-(5 8 30)-(11 21 30)-(13 46 8)-(12 0 21)-(3 56 28)-(15 38 0)-(13 22 24)]
0.7076, 0.5450795227050782, [(5 35 0)-(4 27 31)-(9 35 21)-(2 35 6)-(10 34 0)-(0 24 3)-(4 11 28)-(0 3 5)-(14 59 27)-(15 63 24)]
0.7139, 0.5527081024169922, [(15 40 13)-(15 45 5)-(2 47 11)-(7 2 5)-(13 40 0)-(5 0 15)-(10 30 25)-(12 22 22)-(2 61 28)-(15 7 7)]
0.7139, 0.5525061096191406, [(7 3 6)-(13 6 9)-(1 43 17)-(15 6 29)-(6 38 25)-(0 13 22)-(6 52 27)-(10 62 14)-(6 42 3)-(1 35 30)]
0.5711999999999999, 0.45858561401367187, [(1 63 0)-(5 39 15)-(13 18 23)-(1 31 9)-(14 6 14)-(6 49 5)-(2 24 30)-(4 33 14)-(12 18 14)-(15 13 18)]
0.7139, 0.5526195404052734, [(12 32 26)-(13 44 23)-(13 30 10)-(7 8 15)-(14 17 26)-(10 33 28)-(5 61 20)-(7 29 27)-(10 59 7)-(11 21 28)]
0.09709999999999999, 0.0, [(6 31 22)-(9 43 13)-(14 39 26)-(13 32 9)-(9 24 10)-(8 49 19)-(4 7 30)-(10 9 11)-(8 10 4)-(1 1 22)]
0.7002999999999999, 0.5442928253173828, [(15 49 23)-(1 56 6)-(7 60 21)-(1 19 31)-(1 26 19)-(8 17 26)-(13 16 30)-(14 11 17)-(2 49 15)-(12 54 6)]
0.7138, 0.5534219940185547, [(6 61 11)-(15 34 15)-(0 48 7)-(11 15 14)-(12 26 0)-(2 54 25)-(14 58 3)-(14 49 31)-(2 0 19)-(14 18 11)]
0.714, 0.5525317321777343, [(13 15 15)-(13 48 21)-(1 23 1)-(0 43 13)-(10 38 20)-(15 56 29)-(10 53 3)-(4 60 16)-(13 42 28)-(15 9 7)]
0.7089, 0.5468155578613281, [(4 52 6)-(15 11 15)-(11 23 25)-(10 14 19)-(8 4 13)-(6 25 16)-(6 25 9)-(7 17 18)-(3 45 26)-(1 9 5)]
0.7128, 0.5520549865722657, [(0 32 20)-(1 28 22)-(3 46 11)-(3 33 22)-(4 44 28)-(10 6 21)-(8 27 13)-(14 60 27)-(9 42 26)-(6 37 13)]
0.13340000000000002, 0.0, [(11 52 7)-(13 14 6)-(9 44 2)-(10 24 15)-(8 25 30)-(11 54 3)-(13 42 27)-(1 31 6)-(15 28 27)-(2 55 0)]
0.714, 0.5525302978515625, [(0 62 10)-(4 30 25)-(1 11 7)-(12 40 13)-(13 4 9)-(15 60 15)-(15 55 14)-(2 12 13)-(12 57 31)-(0 1 2)]
0.7098, 0.5542501403808594, [(8 29 20)-(5 6 7)-(11 8 20)-(1 37 3)-(2 1 22)-(7 18 21)-(2 2 6)-(4 46 27)-(5 39 14)-(1 1 7)]
0.7135, 0.55263935546875, [(6 36 17)-(8 9 1)-(9 41 13)-(2 53 20)-(5 36 8)-(8 47 7)-(15 49 10)-(8 55 5)-(2 4 27)-(8 32 2)]
0.095, 0.0, [(11 10 29)-(10 45 28)-(7 2 28)-(6 17 19)-(8 13 27)-(4 7 17)-(5 35 15)-(0 36 8)-(7 43 8)-(1 4 30)]
0.6927, 0.532235757446289, [(8 6 2)-(2 60 24)-(0 39 12)-(0 56 27)-(12 22 26)-(13 37 25)-(0 35 25)-(3 22 9)-(0 37 1)-(5 57 17)]
0.09809999999999999, 0.0, [(13 8 21)-(5 53 19)-(10 1 30)-(6 54 28)-(6 21 27)-(13 37 9)-(10 57 16)-(5 59 15)-(7 13 11)-(15 58 2)]
0.714, 0.5525322326660156, [(11 19 0)-(11 62 24)-(5 36 10)-(5 27 10)-(12 26 29)-(15 18 22)-(13 5 3)-(10 20 6)-(0 9 2)-(14 62 7)]
0.7135, 0.5525924224853516, [(11 29 3)-(11 7 19)-(0 22 22)-(6 8 15)-(8 41 7)-(13 29 30)-(2 16 8)-(6 26 3)-(3 55 23)-(0 4 0)]
0.714, 0.5525475952148438, [(12 53 6)-(13 19 9)-(2 50 2)-(6 37 9)-(15 15 11)-(5 1 15)-(11 13 6)-(8 60 17)-(8 51 10)-(3 63 27)]
0.714, 0.5523913421630859, [(12 60 25)-(11 43 28)-(3 23 9)-(7 60 1)-(10 39 15)-(1 41 11)-(3 8 7)-(3 35 5)-(8 42 5)-(6 11 27)]
0.714, 0.5525321716308593, [(3 34 4)-(1 6 10)-(7 45 29)-(5 47 0)-(12 24 2)-(9 45 17)-(10 4 14)-(7 30 8)-(13 36 14)-(6 28 13)]
0.7139, 0.5525538574218749, [(14 54 14)-(6 34 8)-(8 38 21)-(14 5 12)-(14 22 21)-(4 34 27)-(14 26 1)-(14 36 5)-(13 2 14)-(6 23 17)]
0.714, 0.5525367645263672, [(8 38 24)-(10 13 15)-(12 56 3)-(1 54 15)-(2 63 7)-(1 9 15)-(1 39 2)-(4 55 6)-(2 46 10)-(15 12 24)]
0.108, 0.9991255340576172, [(14 47 24)-(9 22 30)-(12 11 5)-(10 36 13)-(10 2 18)-(8 58 19)-(3 2 24)-(11 56 23)-(15 12 17)-(15 24 25)]
0.7132000000000001, 0.5522626525878906, [(5 50 3)-(1 28 10)-(4 40 31)-(3 60 22)-(0 32 24)-(8 63 19)-(7 6 21)-(0 51 10)-(14 57 29)-(10 2 20)]
0.6873, 0.5252026062011719, [(8 63 22)-(13 50 4)-(12 6 28)-(0 32 29)-(12 15 5)-(4 60 9)-(4 59 17)-(12 3 22)-(6 22 25)-(14 56 13)]
0.714, 0.5525337127685547, [(14 5 10)-(14 63 22)-(6 60 4)-(5 43 23)-(0 26 10)-(3 41 21)-(11 14 16)-(7 14 10)-(1 12 17)-(0 31 24)]
0.7103999999999999, 0.5545160919189454, [(0 36 30)-(12 36 10)-(6 49 28)-(12 30 16)-(7 3 11)-(10 36 19)-(10 46 13)-(3 27 29)-(14 32 19)-(5 11 3)]
0.7118, 0.5511408020019531, [(4 22 20)-(11 35 12)-(3 50 20)-(15 19 16)-(14 61 15)-(8 1 8)-(12 29 3)-(9 27 2)-(3 17 26)-(1 60 2)]
0.6962999999999999, 0.5341495727539063, [(8 10 21)-(9 1 4)-(9 51 8)-(2 32 25)-(0 60 12)-(8 36 10)-(6 44 10)-(15 2 26)-(11 18 27)-(11 49 18)]
0.7105, 0.5494396331787109, [(5 9 8)-(12 5 9)-(8 59 7)-(4 38 19)-(10 47 13)-(10 38 25)-(10 15 25)-(15 21 13)-(13 12 3)-(11 36 15)]
0.7075, 0.5514870178222656, [(11 5 26)-(2 8 7)-(7 33 5)-(7 46 22)-(5 16 0)-(2 20 12)-(0 29 16)-(15 54 26)-(4 55 9)-(7 28 19)]
0.7139, 0.5520457611083984, [(6 47 20)-(5 40 29)-(2 53 5)-(5 60 21)-(9 43 20)-(9 10 0)-(10 53 21)-(2 12 21)-(5 18 12)-(3 58 8)]
0.6865, 0.5448653869628907, [(10 45 27)-(6 14 18)-(8 14 3)-(5 42 8)-(7 26 8)-(14 54 24)-(5 16 24)-(3 18 26)-(11 13 4)-(10 24 9)]
0.7136, 0.5524510864257812, [(14 47 17)-(3 63 25)-(9 27 29)-(10 17 31)-(0 7 29)-(1 24 14)-(10 38 1)-(5 41 14)-(5 60 16)-(14 60 26)]
0.1089, 0.999261489868164, [(8 14 30)-(1 0 12)-(11 16 15)-(11 16 22)-(3 22 3)-(2 15 3)-(7 7 8)-(2 9 1)-(4 23 9)-(2 32 24)]
0.6999, 0.5610615692138672, [(6 44 21)-(0 56 22)-(9 31 28)-(3 25 27)-(5 20 9)-(14 51 17)-(14 14 17)-(4 31 5)-(2 10 29)-(12 60 1)]
0.7142999999999999, 0.5520353668212891, [(11 10 23)-(14 40 20)-(15 1 7)-(7 12 28)-(1 30 21)-(0 38 2)-(5 1 7)-(14 15 9)-(2 35 24)-(12 28 8)]
0.7092, 0.5488731048583985, [(13 54 13)-(5 62 3)-(11 37 7)-(2 5 9)-(1 26 24)-(4 47 12)-(15 45 6)-(10 18 10)-(4 60 0)-(0 44 26)]
0.7135, 0.5512507705688476, [(6 22 17)-(15 12 10)-(10 60 15)-(6 44 7)-(9 8 26)-(14 42 17)-(11 59 5)-(13 10 13)-(14 27 1)-(6 61 14)]
0.7136, 0.5521198699951172, [(14 52 21)-(7 11 11)-(5 22 8)-(4 47 26)-(5 23 17)-(2 6 20)-(7 18 8)-(7 39 17)-(13 34 20)-(1 41 18)]
0.7142, 0.5525560028076172, [(3 47 14)-(15 16 18)-(4 5 20)-(1 45 0)-(9 6 29)-(14 24 17)-(10 63 14)-(7 33 17)-(15 37 28)-(10 48 4)]
0.5761000000000001, 0.6339630676269532, [(13 27 26)-(4 1 4)-(6 62 20)-(4 0 27)-(15 37 28)-(7 15 0)-(1 4 12)-(3 62 10)-(12 42 8)-(13 61 21)]
0.7134, 0.5520647064208984, [(14 51 17)-(2 46 14)-(12 39 24)-(15 32 22)-(1 34 24)-(3 34 24)-(12 20 23)-(13 45 20)-(6 0 9)-(7 43 25)]
0.714, 0.5525317321777343, [(3 29 2)-(5 31 5)-(7 39 30)-(7 32 16)-(8 28 3)-(15 24 9)-(7 58 2)-(4 49 30)-(5 33 6)-(2 49 9)]
0.0964, 0.05, [(3 15 26)-(6 22 0)-(10 43 15)-(10 36 27)-(11 20 13)-(7 36 0)-(7 25 26)-(12 9 30)-(0 42 6)-(3 56 8)]
0.7139, 0.5524744842529297, [(13 21 28)-(5 38 24)-(12 47 18)-(3 45 8)-(8 16 20)-(1 44 7)-(6 47 28)-(1 42 16)-(15 20 16)-(14 6 20)]
0.6923, 0.523042497253418, [(8 9 21)-(0 45 2)-(12 27 27)-(4 18 23)-(2 54 24)-(1 22 23)-(14 50 16)-(2 19 3)-(9 13 8)-(6 4 25)]
0.7133, 0.5526497039794922, [(14 24 30)-(6 32 29)-(12 31 20)-(9 53 0)-(15 16 1)-(11 56 26)-(15 19 14)-(1 38 1)-(0 15 22)-(1 48 4)]
0.6911, 0.5485649963378907, [(0 29 6)-(4 25 28)-(10 36 4)-(15 4 29)-(3 10 16)-(5 7 3)-(2 31 19)-(7 29 26)-(10 35 25)-(11 22 9)]
0.7128, 0.5510341888427734, [(8 52 13)-(13 54 21)-(11 38 24)-(4 56 11)-(4 23 22)-(13 31 15)-(5 63 1)-(12 25 24)-(12 29 2)-(6 3 19)]
0.714, 0.5525438354492187, [(7 3 10)-(1 61 14)-(15 5 16)-(4 20 13)-(8 0 5)-(14 13 15)-(15 10 20)-(14 20 4)-(14 44 17)-(2 16 16)]
0.6079, 0.6133485046386719, [(10 15 10)-(2 0 28)-(1 47 16)-(11 35 25)-(1 59 24)-(11 62 24)-(4 40 11)-(4 54 10)-(12 62 9)-(3 59 31)]
0.7136, 0.5524703765869141, [(5 52 31)-(14 63 15)-(0 38 8)-(0 63 13)-(7 46 26)-(3 20 22)-(7 61 15)-(4 54 30)-(15 59 12)-(14 3 14)]
0.7139, 0.552561083984375, [(9 29 2)-(2 33 17)-(4 61 31)-(15 44 28)-(5 1 16)-(14 6 14)-(7 28 19)-(10 14 6)-(3 20 20)-(9 5 11)]
0.7111, 0.5499771606445312, [(14 56 16)-(13 2 14)-(3 55 28)-(4 12 7)-(11 37 30)-(5 22 18)-(14 57 21)-(1 63 12)-(8 31 30)-(2 4 26)]
0.7139, 0.5514596008300781, [(1 54 7)-(10 57 2)-(1 30 15)-(5 48 19)-(7 32 8)-(12 18 23)-(2 18 23)-(4 27 1)-(8 31 9)-(5 16 7)]
0.7126, 0.5525674072265625, [(2 36 30)-(5 20 18)-(7 29 21)-(14 16 3)-(3 59 29)-(13 28 9)-(10 24 24)-(10 58 7)-(2 14 12)-(10 45 12)]
0.7134, 0.5524046264648438, [(12 54 21)-(0 28 22)-(8 42 12)-(10 52 23)-(12 48 22)-(14 15 9)-(3 46 4)-(14 54 23)-(0 14 1)-(12 44 5)]
0.692, 0.5657043579101563, [(9 50 24)-(10 35 10)-(2 56 12)-(5 61 23)-(12 41 11)-(8 52 22)-(12 49 30)-(12 42 31)-(1 33 12)-(0 20 28)]
0.5043, 0.5285608093261719, [(3 6 10)-(2 25 17)-(9 2 25)-(2 33 22)-(4 23 1)-(6 59 21)-(10 15 3)-(12 38 3)-(12 14 20)-(4 26 27)]
0.714, 0.5525354888916016, [(4 5 17)-(11 24 1)-(14 17 15)-(4 59 2)-(1 55 13)-(1 50 10)-(0 14 10)-(8 53 26)-(0 6 1)-(11 46 28)]
0.1081, 0.8997883575439454, [(8 14 4)-(11 53 19)-(6 16 7)-(11 51 18)-(0 46 26)-(10 36 7)-(4 60 31)-(4 44 16)-(10 12 30)-(9 5 10)]
0.7051000000000001, 0.5430264038085937, [(14 19 6)-(1 21 25)-(9 15 31)-(2 61 19)-(10 34 11)-(5 49 31)-(4 30 18)-(12 43 19)-(0 5 7)-(5 2 14)]
0.7139, 0.5525579956054687, [(14 14 4)-(13 4 30)-(4 56 16)-(10 63 3)-(6 39 30)-(13 12 1)-(12 61 28)-(7 34 1)-(1 3 16)-(1 6 8)]
0.37749999999999995, 0.0, [(6 41 29)-(3 45 9)-(1 39 11)-(14 44 12)-(1 28 30)-(7 46 20)-(8 43 1)-(8 2 24)-(14 51 31)-(10 2 2)]
0.12179999999999999, 0.0, [(11 57 13)-(1 44 18)-(1 37 16)-(7 11 30)-(7 15 14)-(2 27 7)-(3 47 25)-(12 45 11)-(2 63 30)-(14 5 16)]
0.7128000000000001, 0.5513250152587891, [(0 56 31)-(13 58 18)-(0 55 25)-(6 10 3)-(2 1 29)-(13 62 11)-(10 30 23)-(3 12 31)-(11 6 20)-(6 49 16)]
0.7109, 0.5514719635009766, [(4 3 12)-(15 5 5)-(8 31 7)-(15 45 22)-(5 16 25)-(12 20 10)-(13 17 24)-(1 0 13)-(8 56 28)-(5 56 4)]
0.7139, 0.5525393096923827, [(0 37 27)-(5 58 8)-(6 61 10)-(3 31 9)-(10 34 26)-(0 5 10)-(14 43 16)-(11 30 20)-(9 56 10)-(4 20 17)]
0.7088, 0.5467635589599609, [(15 50 26)-(9 38 6)-(13 2 31)-(11 17 31)-(10 30 29)-(4 13 0)-(9 26 11)-(10 62 24)-(13 60 29)-(11 7 21)]
0.1007, 0.0, [(12 40 31)-(8 52 4)-(6 28 0)-(11 27 6)-(5 37 25)-(13 3 5)-(6 2 2)-(3 61 17)-(5 4 11)-(15 0 30)]
0.714, 0.5525284698486328, [(8 35 29)-(7 3 28)-(15 4 18)-(2 7 9)-(8 53 14)-(7 6 16)-(11 9 7)-(15 21 23)-(3 46 17)-(3 52 21)]
0.7137, 0.5511291717529296, [(0 17 5)-(9 59 1)-(9 17 26)-(14 27 11)-(0 0 3)-(7 45 10)-(15 6 17)-(3 31 9)-(10 15 22)-(9 6 10)]
0.6724, 0.5757921661376953, [(9 12 16)-(10 57 3)-(2 48 24)-(14 0 27)-(10 11 13)-(4 62 5)-(5 8 8)-(9 41 10)-(3 61 26)-(1 39 5)]
0.6796, 0.4798217651367187, [(14 60 0)-(8 8 22)-(13 42 16)-(6 50 25)-(9 53 22)-(12 7 21)-(0 1 4)-(14 22 9)-(2 41 13)-(10 0 31)]
0.7139, 0.552457797241211, [(8 61 22)-(9 46 21)-(9 63 25)-(4 52 12)-(5 36 2)-(4 25 20)-(15 59 20)-(6 51 13)-(6 11 18)-(11 40 4)]
0.714, 0.5525320220947265, [(11 40 2)-(8 37 4)-(6 35 24)-(2 37 28)-(11 49 14)-(15 39 9)-(6 33 2)-(10 17 3)-(6 33 6)-(8 21 17)]
0.2581, 0.7366728820800781, [(15 46 1)-(8 6 13)-(3 42 12)-(9 48 16)-(4 10 4)-(15 8 10)-(13 61 10)-(7 1 25)-(5 47 10)-(6 46 1)]
0.7103999999999999, 0.5545160888671875, [(9 43 5)-(0 53 30)-(8 44 7)-(8 32 8)-(13 9 4)-(7 54 3)-(1 36 12)-(3 27 29)-(7 24 9)-(9 47 20)]
0.714, 0.5525416320800781, [(6 59 20)-(6 6 17)-(8 3 13)-(2 24 8)-(2 22 13)-(5 44 27)-(13 25 13)-(13 47 20)-(10 43 7)-(6 13 7)]
0.7136, 0.5513486206054687, [(13 32 28)-(10 21 8)-(4 3 23)-(15 28 16)-(9 48 15)-(3 51 22)-(13 22 23)-(6 60 28)-(14 14 23)-(0 3 19)]
0.5762, 0, [(1 48 8)-(5 44 18)-(14 32 19)-(3 56 6)-(8 14 6)-(2 50 10)-(8 34 4)-(7 2 2)-(12 24 16)-(4 0 29)] #nan
0.7137, 0.5525451965332031, [(14 62 29)-(14 21 28)-(10 42 17)-(8 30 14)-(1 37 4)-(1 43 17)-(11 19 18)-(9 38 24)-(13 60 9)-(2 50 6)]
0.7132000000000001, 0.5526852569580079, [(3 58 28)-(15 49 21)-(11 40 4)-(7 26 7)-(9 13 16)-(7 11 20)-(13 43 24)-(14 44 23)-(0 29 16)-(2 57 15)]
0.7134, 0.5524662078857421, [(11 62 21)-(14 11 26)-(2 51 0)-(12 4 29)-(9 60 6)-(4 31 19)-(9 2 20)-(2 47 23)-(5 39 3)-(4 31 31)]
0.7012, 0.5430492034912109, [(8 43 16)-(6 11 13)-(11 59 2)-(0 61 15)-(4 39 0)-(9 2 23)-(3 3 14)-(5 40 17)-(10 58 12)-(13 12 11)]
