0.7139, 0.5524841430664063, [(13 55 11)-(2 25 31)-(12 39 26)]
0.1074, 0.0, [(6 18 30)-(11 24 29)-(10 56 19)]
0.6019, 0.5025610473632812, [(1 63 17)-(10 16 1)-(5 12 30)]
0.714, 0.5525317260742187, [(7 56 1)-(2 34 4)-(6 37 12)]
0.714, 0.552531805419922, [(3 0 6)-(6 42 28)-(11 42 19)]
0.714, 0.5525317321777343, [(6 7 5)-(14 37 25)-(7 40 17)]
0.714, 0.5525317016601563, [(12 50 28)-(3 20 13)-(2 43 21)]
0.714, 0.5525904235839845, [(15 55 26)-(2 46 15)-(6 21 19)]
0.714, 0.5525317260742187, [(15 20 23)-(0 56 18)-(15 33 12)]
0.714, 0.5525317260742187, [(12 58 6)-(13 33 25)-(11 56 28)]
0.714, 0.5525316192626952, [(2 61 29)-(4 16 11)-(5 33 28)]
0.0679, 0.0, [(5 21 30)-(3 19 25)-(8 45 19)]
0.714, 0.55253173828125, [(14 12 1)-(13 28 26)-(15 32 0)]
0.714, 0.5525317169189453, [(1 22 10)-(0 38 14)-(8 43 4)]
0.714, 0.55253173828125, [(8 47 20)-(7 15 4)-(15 27 17)]
0.714, 0.55253173828125, [(1 36 4)-(14 8 27)-(0 34 28)]
0.7136, 0.5525614166259765, [(8 25 19)-(13 57 4)-(13 9 26)]
0.714, 0.5525317230224609, [(8 54 22)-(3 32 21)-(15 33 19)]
0.714, 0.5525318237304687, [(12 39 11)-(0 63 17)-(4 20 11)]
0.7134, 0.552661309814453, [(9 11 21)-(8 21 16)-(8 5 21)]
0.7139, 0.5525271728515625, [(1 26 18)-(0 55 31)-(6 48 11)]
0.714, 0.5525317260742187, [(13 18 6)-(11 8 3)-(9 36 1)]
0.7137, 0.5525744873046875, [(5 4 19)-(13 3 9)-(12 43 30)]
0.714, 0.5525317291259766, [(15 29 25)-(12 11 10)-(0 42 20)]
0.7134, 0.5529613891601562, [(0 17 11)-(12 8 29)-(5 24 6)]
0.714, 0.5525317413330078, [(15 14 24)-(10 63 24)-(13 16 25)]
0.7136, 0.5481367065429688, [(7 60 31)-(8 2 6)-(11 20 31)]
0.714, 0.5525313323974609, [(13 28 26)-(6 8 10)-(13 24 31)]
0.7142, 0.5525870422363282, [(5 58 23)-(12 17 27)-(12 56 30)]
0.714, 0.5525317230224609, [(4 6 7)-(8 41 7)-(12 59 22)]
0.714, 0.5525317199707032, [(2 40 22)-(13 22 12)-(3 45 5)]
0.6975, 0.5473926620483398, [(5 39 29)-(3 7 16)-(7 21 26)]
0.714, 0.5525317169189453, [(11 9 18)-(8 57 3)-(2 20 12)]
0.714, 0.5525317321777343, [(9 36 18)-(10 56 30)-(13 7 11)]
0.714, 0.5525317291259766, [(4 14 7)-(9 22 3)-(4 23 4)]
0.714, 0.5525317352294922, [(5 30 1)-(1 62 18)-(15 26 26)]
0.714, 0.5525317138671875, [(3 29 4)-(7 55 1)-(1 47 20)]
0.714, 0.55254765625, [(13 3 26)-(6 47 21)-(2 1 14)]
0.714, 0.5525292236328125, [(7 35 28)-(14 15 5)-(0 4 16)]
0.714, 0.552547381591797, [(9 4 27)-(1 51 0)-(13 48 23)]
0.6275999999999999, 0.5238110916137695, [(5 5 25)-(1 53 25)-(1 46 17)]
0.0885, 0.0, [(5 26 17)-(3 7 30)-(12 58 13)]
0.7135, 0.5529383056640624, [(4 13 21)-(8 27 22)-(6 1 4)]
0.714, 0.5525317169189452, [(3 53 5)-(6 33 20)-(0 55 13)]
0.714, 0.5525317291259766, [(8 40 11)-(0 61 13)-(15 3 4)]
0.7142, 0.5525445343017579, [(11 39 8)-(2 28 29)-(8 11 27)]
0.714, 0.55251884765625, [(11 8 1)-(10 9 19)-(0 30 3)]
0.714, 0.5525317352294923, [(6 56 23)-(8 50 24)-(0 7 5)]
0.1077, 0.0, [(5 37 15)-(10 61 13)-(9 7 30)]
0.714, 0.5525317291259766, [(12 41 28)-(5 44 16)-(7 32 12)]
0.714, 0.5525368194580078, [(5 41 8)-(1 26 29)-(5 14 16)]
0.7137, 0.552509390258789, [(7 45 29)-(6 22 7)-(3 20 20)]
0.714, 0.5525317169189453, [(8 45 18)-(6 48 22)-(5 53 17)]
0.714, 0.5525317169189452, [(13 58 0)-(13 57 10)-(1 61 17)]
0.714, 0.5525317230224609, [(8 34 2)-(2 41 16)-(3 5 5)]
0.714, 0.5525317169189453, [(10 59 22)-(6 46 18)-(6 53 2)]
0.7063, 0.5678528533935547, [(4 0 22)-(4 4 0)-(9 9 0)]
0.714, 0.5525317779541015, [(11 39 31)-(0 41 14)-(13 2 8)]
0.7138, 0.552481950378418, [(9 32 16)-(4 7 21)-(12 61 24)]
0.7141, 0.5525203399658203, [(12 46 1)-(15 13 31)-(4 6 27)]
0.714, 0.5525324798583984, [(12 22 17)-(15 56 18)-(8 47 15)]
0.7132000000000001, 0.5526996368408204, [(13 10 15)-(13 12 18)-(11 2 18)]
0.714, 0.5525317199707032, [(0 52 6)-(0 10 3)-(14 43 20)]
0.714, 0.5525317169189452, [(9 33 29)-(3 33 13)-(3 12 6)]
0.714, 0.5525317291259766, [(2 32 0)-(13 22 29)-(0 32 22)]
0.714, 0.5525242919921876, [(0 28 18)-(2 60 2)-(14 10 29)]
0.714, 0.5525317291259766, [(5 40 28)-(2 36 11)-(11 53 20)]
0.1005, 0.0, [(8 0 30)-(3 45 6)-(9 49 11)]
0.714, 0.5525317321777343, [(13 14 5)-(4 57 20)-(10 59 23)]
0.714, 0.5525317352294922, [(11 22 5)-(5 1 0)-(13 30 19)]
0.714, 0.5525317352294923, [(11 1 28)-(9 58 1)-(14 58 29)]
0.714, 0.5525317199707032, [(5 35 6)-(5 49 15)-(5 30 10)]
0.714, 0.5525345581054688, [(1 10 17)-(6 45 18)-(10 55 23)]
0.714, 0.5525317321777343, [(3 62 2)-(15 17 3)-(1 34 5)]
0.7071000000000001, 0.5396965911865235, [(8 33 24)-(10 38 6)-(0 26 25)]
0.714, 0.5525317291259766, [(15 7 2)-(5 31 15)-(15 31 22)]
0.714, 0.5525313415527344, [(2 50 18)-(3 26 1)-(11 23 15)]
0.714, 0.5525317260742187, [(10 23 4)-(15 31 30)-(11 39 30)]
0.7136, 0.5526311065673828, [(12 26 21)-(1 61 17)-(14 16 1)]
0.714, 0.5526761474609374, [(6 19 14)-(7 19 22)-(5 2 10)]
0.714, 0.5525317352294923, [(0 51 14)-(14 62 5)-(13 12 18)]
0.714, 0.55253173828125, [(13 63 31)-(5 46 28)-(13 7 27)]
0.714, 0.5525317199707032, [(6 61 5)-(7 2 5)-(6 32 28)]
0.714, 0.5525284301757813, [(5 2 27)-(3 31 25)-(8 57 30)]
0.7139, 0.5524943588256837, [(2 3 29)-(6 63 24)-(6 26 19)]
0.714, 0.5525317321777343, [(7 47 27)-(4 54 31)-(15 28 10)]
0.7122999999999999, 0.5571490112304687, [(4 28 0)-(5 1 11)-(2 9 23)]
0.714, 0.5525317169189452, [(5 43 17)-(9 24 11)-(0 34 22)]
0.714, 0.5525846771240235, [(3 2 15)-(11 19 9)-(9 16 19)]
0.7086, 0.5497917175292969, [(10 55 17)-(7 26 26)-(8 60 19)]
0.714, 0.5525318878173828, [(11 46 15)-(12 15 9)-(1 59 16)]
0.714, 0.5525317596435547, [(1 32 25)-(0 3 1)-(9 16 9)]
0.714, 0.5525317321777343, [(6 45 9)-(1 55 3)-(2 38 27)]
0.7132000000000001, 0.552467807006836, [(3 17 21)-(15 55 23)-(2 62 4)]
0.714, 0.5525317169189452, [(15 49 22)-(9 10 9)-(7 51 31)]
0.714, 0.5525317260742187, [(8 2 5)-(10 46 4)-(2 60 20)]
0.7138, 0.5525538452148437, [(7 4 14)-(7 20 28)-(11 12 5)]
0.714, 0.5525318084716797, [(14 38 22)-(8 37 14)-(12 19 9)]
0.714, 0.5525317260742187, [(2 51 12)-(15 59 7)-(1 32 1)]
0.714, 0.5525317276000976, [(10 54 29)-(3 30 21)-(5 49 3)]
0.7139, 0.5525367462158204, [(2 27 28)-(9 7 3)-(7 53 9)]
0.7135, 0.552983071899414, [(3 0 18)-(7 24 4)-(3 50 1)]
0.7083999999999999, 0.5495096466064453, [(10 19 31)-(7 15 20)-(2 39 16)]
0.714, 0.5525317260742187, [(4 58 27)-(13 53 22)-(9 40 15)]
0.6780999999999999, 0.5211232788085938, [(4 58 18)-(8 18 31)-(11 36 7)]
0.7134, 0.5525137084960937, [(4 46 3)-(9 2 18)-(0 44 12)]
0.3831, 0.804952993774414, [(1 3 27)-(12 12 31)-(10 53 18)]
0.7132000000000001, 0.5538475494384765, [(14 0 20)-(3 39 5)-(5 36 3)]
0.714, 0.5525317352294922, [(5 12 0)-(6 10 28)-(8 57 30)]
0.714, 0.5525317901611329, [(0 62 3)-(13 63 3)-(4 28 10)]
0.714, 0.5525316589355469, [(7 40 10)-(12 20 9)-(11 10 10)]
0.714, 0.5525317321777343, [(15 50 11)-(1 22 5)-(11 30 23)]
0.714, 0.5525319366455078, [(12 50 2)-(7 11 11)-(15 57 22)]
0.7124999999999999, 0.5526582855224609, [(7 52 15)-(7 17 20)-(5 20 31)]
0.714, 0.5525320434570313, [(1 61 23)-(3 58 18)-(11 15 14)]
0.714, 0.5525319946289062, [(14 20 2)-(6 38 13)-(12 0 8)]
0.714, 0.5525317230224609, [(7 23 3)-(12 50 14)-(2 6 1)]
0.714, 0.5525317230224609, [(13 18 2)-(14 37 7)-(1 53 12)]
0.714, 0.5525424011230469, [(1 35 18)-(3 37 0)-(2 27 14)]
0.7139, 0.5524326477050782, [(3 35 24)-(3 12 15)-(1 7 21)]
0.7141, 0.5525581481933595, [(1 45 17)-(7 37 29)-(4 27 18)]
0.7142, 0.55284404296875, [(4 56 6)-(6 13 22)-(4 41 8)]
0.7135, 0.5528475219726563, [(6 5 9)-(11 5 22)-(1 18 1)]
0.714, 0.5525314605712891, [(14 39 31)-(2 29 14)-(9 30 13)]
0.7128, 0.5534326843261719, [(13 45 26)-(1 14 28)-(9 57 24)]
0.714, 0.5525317398071289, [(13 46 17)-(8 40 18)-(12 40 30)]
0.714, 0.5525318115234374, [(8 39 16)-(7 24 13)-(13 12 25)]
0.7131000000000001, 0.5525988555908203, [(8 48 28)-(14 28 15)-(11 12 20)]
0.714, 0.5525317260742187, [(7 41 21)-(0 44 25)-(14 60 5)]
0.7146999999999999, 0.5526696319580078, [(5 27 18)-(14 16 25)-(14 20 31)]
0.714, 0.5525317291259766, [(1 22 28)-(12 5 0)-(10 53 12)]
0.714, 0.5525317260742187, [(1 49 12)-(12 54 15)-(9 46 20)]
0.714, 0.5525348602294922, [(2 28 14)-(4 18 2)-(8 52 7)]
0.714, 0.5525317199707032, [(10 37 8)-(7 33 3)-(12 31 29)]
0.7136, 0.5526229858398437, [(10 26 21)-(5 55 9)-(0 9 29)]
0.714, 0.5525310852050781, [(2 35 2)-(3 22 3)-(2 13 13)]
0.7135, 0.5526369689941406, [(13 31 28)-(15 42 14)-(1 23 19)]
0.714, 0.5525317260742187, [(1 13 4)-(5 43 31)-(3 21 3)]
0.714, 0.5525317291259766, [(1 56 21)-(11 43 5)-(4 57 16)]
0.714, 0.5525317352294922, [(9 45 30)-(12 34 3)-(15 31 27)]
0.714, 0.5525324920654298, [(9 54 29)-(8 25 14)-(15 30 16)]
0.713, 0.5545491882324218, [(10 52 23)-(3 0 20)-(0 8 6)]
0.714, 0.5525317230224609, [(14 50 2)-(13 39 13)-(2 61 3)]
0.1976, 0.0, [(13 31 0)-(3 4 30)-(6 13 17)]
0.714, 0.5524035186767577, [(0 62 15)-(9 27 21)-(11 7 11)]
0.7141, 0.552552896118164, [(7 12 19)-(10 8 17)-(6 47 25)]
0.7157, 0.5516325988769532, [(9 35 26)-(2 15 26)-(5 45 7)]
0.714, 0.5525275695800782, [(14 10 10)-(6 11 15)-(3 32 28)]
0.714, 0.5525317413330078, [(6 11 23)-(6 11 0)-(2 18 29)]
0.7139, 0.552573388671875, [(6 23 18)-(5 6 7)-(8 63 22)]
0.1157, 0.0, [(2 28 30)-(3 35 4)-(11 61 30)]
0.714, 0.5513232360839844, [(11 3 31)-(11 52 27)-(11 19 7)]
0.714, 0.5525317199707032, [(14 18 25)-(13 41 18)-(15 42 6)]
0.7139, 0.5524947296142577, [(5 21 15)-(9 11 21)-(9 59 1)]
0.714, 0.5525317291259766, [(2 60 3)-(11 59 24)-(5 44 28)]
0.7139, 0.5529647766113281, [(7 7 24)-(14 57 26)-(14 23 23)]
0.714, 0.5525317321777343, [(15 54 3)-(9 62 15)-(14 15 19)]
0.712, 0.5514678802490234, [(8 18 8)-(12 21 1)-(0 28 24)]
0.714, 0.5525317352294922, [(3 42 25)-(11 60 27)-(14 0 2)]
0.7082, 0.546895068359375, [(14 35 16)-(11 9 25)-(4 22 1)]
0.714, 0.5525317291259766, [(14 52 5)-(5 40 13)-(15 11 20)]
0.7139, 0.5547083526611327, [(0 56 29)-(2 43 17)-(2 9 22)]
0.6931, 0.5232506164550781, [(7 54 17)-(9 37 1)-(6 21 25)]
0.714, 0.5525338195800781, [(12 40 17)-(1 10 2)-(10 12 18)]
0.714, 0.5525318878173828, [(12 56 21)-(5 42 24)-(0 23 10)]
0.714, 0.5525317810058594, [(11 43 26)-(7 62 15)-(4 21 8)]
0.7131000000000001, 0.5531106781005859, [(8 34 8)-(13 2 21)-(5 60 22)]
0.7121999999999999, 0.5546550720214843, [(5 43 19)-(13 43 31)-(9 20 24)]
0.714, 0.5525317321777343, [(9 37 16)-(4 48 28)-(15 60 11)]
0.7132000000000001, 0.5535733337402344, [(15 60 26)-(6 8 28)-(4 15 9)]
0.714, 0.5525317352294923, [(5 39 13)-(0 5 9)-(11 52 8)]
0.7125999999999999, 0.552754638671875, [(3 33 21)-(8 25 23)-(14 44 16)]
0.714, 0.5525317230224609, [(11 8 2)-(13 47 29)-(14 61 0)]
0.714, 0.5525317199707032, [(14 45 15)-(11 6 3)-(4 34 26)]
0.7131000000000001, 0.5525995666503907, [(11 12 20)-(8 7 3)-(8 0 8)]
0.7142999999999999, 0.5513830169677734, [(1 22 24)-(10 47 9)-(0 22 6)]
0.714, 0.5525317108154297, [(9 38 5)-(6 26 7)-(4 1 5)]
0.7137, 0.55285205078125, [(11 4 24)-(12 52 6)-(4 43 12)]
0.714, 0.5525317230224609, [(14 46 7)-(1 48 23)-(8 32 19)]
0.714, 0.5525317321777343, [(6 43 23)-(14 57 24)-(8 56 1)]
0.6868, 0.5690148681640625, [(15 28 31)-(2 28 26)-(10 40 10)]
0.714, 0.5525317230224609, [(8 44 13)-(1 57 3)-(2 30 7)]
0.714, 0.5525317230224609, [(11 31 17)-(8 54 7)-(7 6 2)]
0.714, 0.5525317260742187, [(15 47 8)-(7 5 5)-(11 42 10)]
0.714, 0.5525346527099609, [(6 9 15)-(8 56 18)-(14 11 21)]
0.6727, 0.5519962677001953, [(0 43 16)-(3 61 2)-(0 3 31)]
0.714, 0.5525317169189452, [(5 33 12)-(4 10 3)-(2 6 1)]
0.7121, 0.5516880645751954, [(15 57 3)-(15 36 29)-(8 4 26)]
0.714, 0.5525317199707032, [(6 2 1)-(5 30 24)-(5 21 6)]
0.714, 0.5525319580078125, [(10 0 7)-(11 55 17)-(8 51 19)]
0.714, 0.5525317321777343, [(0 52 12)-(15 23 22)-(8 55 16)]
0.714, 0.5525317352294923, [(1 31 15)-(13 59 17)-(14 18 2)]
0.714, 0.5525317443847657, [(14 36 14)-(14 18 24)-(14 57 11)]
0.7139, 0.5525803497314453, [(10 50 30)-(6 8 1)-(7 26 20)]
0.7113, 0.5484497344970702, [(6 4 24)-(13 52 17)-(14 23 3)]
0.7133, 0.5528356140136719, [(4 23 13)-(0 28 17)-(9 7 22)]
0.714, 0.5525317230224609, [(14 11 15)-(1 59 14)-(4 5 0)]
0.714, 0.5525317108154297, [(6 29 6)-(12 41 31)-(10 61 0)]
0.7043999999999999, 0.5448680419921875, [(0 52 14)-(9 62 22)-(15 1 23)]
0.714, 0.552531884765625, [(7 3 14)-(2 34 20)-(10 34 4)]
