0.714, 0.552531903076172, [(3 59 26)-(10 20 15)-(11 44 24)-(14 46 9)]
0.7138, 0.5525611877441405, [(12 58 4)-(10 14 19)-(3 51 14)-(5 35 23)]
0.7138, 0.5525600189208985, [(8 61 15)-(9 14 21)-(12 21 0)-(8 28 3)]
0.7081, 0.556824560546875, [(10 6 29)-(14 34 14)-(12 17 7)-(8 41 20)]
0.714, 0.5525317321777343, [(9 42 24)-(7 62 26)-(14 26 29)-(6 17 3)]
0.714, 0.5525317230224609, [(11 37 10)-(3 57 3)-(14 9 15)-(0 18 2)]
0.714, 0.5525725738525391, [(9 63 19)-(2 62 9)-(3 3 20)-(8 26 28)]
0.714, 0.5525317352294922, [(7 25 29)-(4 48 14)-(6 50 18)-(1 14 2)]
0.7136, 0.5525432708740234, [(11 26 17)-(3 48 31)-(6 29 10)-(9 49 5)]
0.7064, 0.5507502075195313, [(6 51 17)-(11 7 26)-(8 53 7)-(4 27 18)]
0.1447, 0.0, [(5 55 18)-(10 4 18)-(6 16 30)-(5 54 0)]
0.714, 0.5525317108154297, [(0 19 8)-(13 16 25)-(0 58 3)-(2 55 0)]
0.714, 0.5525317230224609, [(6 59 12)-(0 40 30)-(7 59 9)-(1 54 15)]
0.714, 0.5525337677001954, [(13 28 29)-(4 10 17)-(11 12 15)-(7 44 4)]
0.714, 0.5525317321777343, [(10 27 2)-(15 52 6)-(9 59 29)-(0 30 22)]
0.714, 0.5525317413330078, [(15 0 3)-(14 38 3)-(6 47 2)-(2 36 6)]
0.7138, 0.5524894927978516, [(10 10 20)-(5 35 2)-(14 19 21)-(6 28 19)]
0.714, 0.5524981994628906, [(12 49 11)-(14 14 28)-(13 13 14)-(6 22 19)]
0.7141, 0.5525208801269531, [(12 11 18)-(6 2 17)-(4 28 28)-(0 40 14)]
0.714, 0.5525317321777343, [(13 48 1)-(2 56 6)-(1 63 10)-(12 49 14)]
0.714, 0.5525317352294922, [(14 36 30)-(8 57 11)-(15 48 8)-(4 14 1)]
0.714, 0.5525317230224609, [(7 54 21)-(4 3 7)-(2 32 23)-(10 5 2)]
0.7117, 0.552146908569336, [(4 45 28)-(7 14 28)-(1 58 9)-(10 18 26)]
0.7123, 0.5533052490234376, [(5 52 14)-(3 34 8)-(14 50 21)-(9 7 23)]
0.714, 0.5525317291259766, [(14 48 10)-(1 31 19)-(10 31 13)-(3 51 22)]
0.7142, 0.55282509765625, [(7 19 29)-(11 49 14)-(9 13 20)-(5 53 11)]
0.7131000000000001, 0.5532304504394532, [(9 18 23)-(1 54 30)-(4 9 23)-(3 25 16)]
0.1469, 0.0, [(9 25 30)-(6 3 9)-(2 6 9)-(14 16 0)]
0.714, 0.5525429107666016, [(10 62 20)-(1 6 17)-(3 35 26)-(4 20 10)]
0.714, 0.5525317687988281, [(2 29 9)-(3 53 3)-(9 29 0)-(0 17 7)]
0.714, 0.5525314819335938, [(3 48 29)-(12 38 13)-(6 22 10)-(3 22 14)]
0.714, 0.5525317138671875, [(3 16 5)-(9 27 8)-(1 39 7)-(13 43 28)]
0.714, 0.5525317291259766, [(6 59 29)-(6 46 12)-(0 42 16)-(8 42 7)]
0.7139, 0.5525547424316406, [(9 16 18)-(11 60 17)-(7 5 11)-(1 34 1)]
0.7134, 0.5519077239990234, [(2 60 20)-(5 20 23)-(4 41 18)-(14 43 7)]
0.714, 0.5525317260742187, [(9 58 21)-(7 57 13)-(14 44 17)-(0 61 17)]
0.714, 0.5525317260742187, [(5 52 15)-(4 50 27)-(3 51 18)-(13 33 1)]
0.714, 0.5525316833496093, [(10 5 13)-(14 17 10)-(5 20 6)-(10 40 20)]
0.6731, 0.5763273040771484, [(5 23 27)-(14 0 29)-(6 61 0)-(12 6 11)]
0.714, 0.5525395233154297, [(14 61 31)-(10 25 6)-(4 2 13)-(11 50 19)]
0.714, 0.5525325256347656, [(10 62 5)-(5 36 18)-(2 14 11)-(3 37 1)]
0.714, 0.5525317138671875, [(8 48 1)-(3 46 7)-(11 39 26)-(14 5 12)]
0.714, 0.5525317321777343, [(12 63 11)-(8 37 11)-(12 40 19)-(1 22 29)]
0.714, 0.5525317199707032, [(9 30 28)-(6 20 8)-(3 39 13)-(2 34 11)]
0.7133, 0.5525574432373047, [(2 13 17)-(13 15 25)-(3 2 17)-(15 38 5)]
0.7139, 0.5525460021972657, [(4 20 29)-(6 21 17)-(4 35 15)-(13 4 17)]
0.1027, 0.0, [(2 14 25)-(8 15 0)-(0 9 9)-(4 2 30)]
0.714, 0.5525317321777343, [(8 63 8)-(8 30 17)-(2 22 1)-(0 56 25)]
0.714, 0.5525317108154297, [(4 39 4)-(0 62 27)-(1 32 3)-(13 32 13)]
0.7138, 0.5525328430175781, [(0 11 17)-(15 28 7)-(4 34 27)-(9 6 5)]
0.714, 0.5525317321777343, [(12 43 6)-(10 36 6)-(3 39 10)-(15 7 28)]
0.7139, 0.5529957214355469, [(8 18 11)-(1 21 10)-(4 0 17)-(4 22 20)]
0.714, 0.5525317291259766, [(2 58 27)-(11 63 16)-(14 50 22)-(3 31 26)]
0.714, 0.5525317291259766, [(0 50 14)-(8 47 30)-(4 49 27)-(14 28 1)]
0.714, 0.552531768798828, [(1 61 6)-(1 52 17)-(5 32 25)-(9 2 16)]
0.714, 0.552531021118164, [(3 16 13)-(5 27 3)-(11 37 24)-(10 42 30)]
0.714, 0.5525317108154297, [(12 4 4)-(15 48 7)-(11 4 6)-(10 59 29)]
0.09179999999999999, 0.0, [(3 43 6)-(1 53 31)-(14 0 19)-(1 8 30)]
0.7137, 0.5525652130126953, [(3 17 2)-(0 55 12)-(14 24 24)-(15 2 18)]
0.714, 0.5525317321777343, [(10 55 20)-(0 46 21)-(8 15 28)-(9 42 20)]
0.6839, 0.5296401748657227, [(10 35 5)-(2 2 31)-(8 45 21)-(9 41 15)]
0.714, 0.5525557586669922, [(1 16 22)-(4 56 14)-(3 30 26)-(11 54 23)]
0.714, 0.5525317352294922, [(13 35 8)-(6 9 3)-(10 59 8)-(7 12 7)]
0.714, 0.5525317230224609, [(15 49 15)-(14 16 3)-(11 60 26)-(4 37 12)]
0.7133, 0.5528058898925781, [(11 0 17)-(11 17 2)-(0 7 16)-(5 41 18)]
0.714, 0.5525317245483399, [(2 45 14)-(13 26 18)-(15 25 19)-(13 30 26)]
0.714, 0.5525319244384765, [(9 51 15)-(11 26 3)-(1 25 14)-(3 31 24)]
0.6993, 0.5480994110107422, [(5 13 25)-(4 7 23)-(3 57 22)-(3 15 15)]
0.714, 0.5525317291259766, [(4 13 5)-(13 42 7)-(10 52 4)-(13 3 30)]
0.6306, 0.5601380187988281, [(14 0 26)-(7 8 12)-(1 24 17)-(14 46 6)]
0.7121999999999999, 0.5525795104980469, [(8 19 20)-(0 11 21)-(12 52 25)-(7 34 3)]
0.7134, 0.5523996398925781, [(4 7 22)-(14 45 15)-(11 36 21)-(2 34 19)]
0.7134, 0.5524399383544922, [(2 18 15)-(5 16 5)-(14 38 5)-(7 27 23)]
0.7139, 0.5525491439819336, [(12 12 21)-(13 60 29)-(0 4 1)-(2 42 13)]
0.2702, 0.6324740570068359, [(4 0 25)-(3 25 27)-(8 2 25)-(5 19 9)]
0.7136, 0.5534387786865234, [(5 4 23)-(3 6 10)-(13 30 20)-(13 61 6)]
0.7121999999999999, 0.5496699829101563, [(6 0 16)-(9 30 12)-(2 6 26)-(1 49 10)]
0.714, 0.5525317199707032, [(7 38 22)-(11 57 0)-(5 62 13)-(1 24 6)]
0.7139, 0.5525173370361328, [(11 38 18)-(6 60 4)-(8 8 18)-(0 44 0)]
0.714, 0.5525317596435547, [(14 17 14)-(10 3 1)-(0 58 7)-(9 16 8)]
0.714, 0.5525317199707032, [(15 4 5)-(13 43 23)-(1 35 22)-(13 9 6)]
0.714, 0.5525326354980469, [(1 45 17)-(3 41 10)-(0 53 5)-(7 14 14)]
0.714, 0.5525317138671875, [(1 59 14)-(2 38 10)-(10 12 14)-(2 61 26)]
0.0988, 0.0, [(6 26 4)-(3 2 22)-(13 34 4)-(2 19 30)]
0.6309, 0.5367860656738281, [(12 48 12)-(14 53 13)-(3 18 25)-(7 33 12)]
0.714, 0.5525317291259766, [(11 15 4)-(15 38 4)-(2 28 5)-(10 14 1)]
0.6986, 0.5433536163330077, [(12 4 25)-(10 15 5)-(15 7 9)-(1 23 22)]
0.7131000000000001, 0.5531296203613282, [(13 2 21)-(3 61 21)-(11 59 20)-(6 14 16)]
0.7078, 0.5543650054931641, [(7 30 17)-(1 15 24)-(9 18 5)-(12 7 19)]
0.714, 0.5526280761718749, [(6 16 13)-(13 40 2)-(0 29 22)-(2 31 7)]
0.714, 0.5525317321777343, [(0 59 5)-(13 4 30)-(5 24 10)-(8 2 3)]
0.714, 0.552531494140625, [(15 40 21)-(11 20 2)-(4 6 13)-(12 61 5)]
0.714, 0.5525317321777343, [(7 25 31)-(13 40 14)-(3 56 24)-(12 43 16)]
0.7138, 0.5525598541259765, [(4 1 8)-(12 9 20)-(13 39 16)-(9 55 3)]
0.7083999999999999, 0.5447338607788086, [(10 7 14)-(13 19 18)-(1 32 12)-(7 11 31)]
0.714, 0.5525317291259766, [(6 62 14)-(12 59 27)-(1 51 29)-(7 52 19)]
0.714, 0.5525317169189453, [(9 31 30)-(7 63 29)-(3 31 1)-(10 56 12)]
0.7106, 0.5483616180419921, [(3 13 27)-(9 18 23)-(9 1 22)-(2 15 31)]
0.714, 0.5525317199707032, [(9 56 15)-(7 62 8)-(14 53 16)-(7 39 25)]
0.7139, 0.5525608978271483, [(1 59 3)-(1 10 20)-(6 15 16)-(10 36 28)]
0.7142, 0.5528530853271485, [(5 38 5)-(7 30 29)-(10 28 12)-(4 26 20)]
0.714, 0.5525317230224609, [(5 26 7)-(11 58 23)-(0 18 29)-(14 63 21)]
0.714, 0.5525314788818358, [(3 42 9)-(15 36 5)-(0 40 16)-(2 7 11)]
0.714, 0.5525317199707032, [(4 35 15)-(13 8 6)-(9 27 4)-(6 25 4)]
0.6724, 0.5188935791015625, [(7 42 20)-(13 44 16)-(9 59 11)-(9 1 31)]
0.714, 0.5525245635986329, [(5 10 4)-(12 5 17)-(10 46 12)-(9 24 28)]
0.7124999999999999, 0.5486632568359375, [(11 6 31)-(7 16 18)-(15 53 21)-(5 3 26)]
0.7137, 0.5525670745849609, [(11 46 0)-(14 52 1)-(5 27 16)-(11 41 4)]
0.714, 0.5525317169189453, [(10 60 1)-(0 48 18)-(2 7 6)-(14 28 7)]
0.714, 0.5525317321777343, [(13 22 15)-(7 58 0)-(12 30 19)-(0 9 5)]
0.7133, 0.5505510955810546, [(1 30 31)-(13 12 13)-(9 53 19)-(2 23 24)]
0.714, 0.5525317291259766, [(15 47 2)-(3 39 14)-(14 3 0)-(9 0 1)]
0.714, 0.5525770965576172, [(12 51 23)-(8 29 27)-(14 3 9)-(14 54 25)]
0.714, 0.5525307678222656, [(11 4 6)-(1 32 9)-(13 52 12)-(10 5 20)]
0.7139, 0.5525570068359376, [(3 5 22)-(1 59 26)-(3 27 15)-(6 52 31)]
0.119, 0.0, [(14 53 27)-(6 18 22)-(4 31 18)-(3 16 30)]
0.714, 0.5525435852050782, [(8 11 16)-(12 3 12)-(0 57 0)-(7 24 20)]
0.7135, 0.5534396423339843, [(4 51 7)-(0 20 7)-(14 21 16)-(10 19 26)]
0.7015, 0.5443831817626954, [(15 40 0)-(12 21 25)-(6 45 25)-(13 4 0)]
0.09870000000000001, 0.0, [(10 3 30)-(14 18 13)-(0 28 6)-(9 55 31)]
0.714, 0.55253759765625, [(14 17 21)-(12 23 28)-(5 46 20)-(5 48 1)]
0.714, 0.5525305297851562, [(0 62 21)-(6 11 13)-(12 36 31)-(5 19 1)]
0.714, 0.5525292022705077, [(5 35 9)-(4 37 30)-(10 9 18)-(9 62 27)]
0.714, 0.552531771850586, [(1 31 28)-(15 25 3)-(1 7 8)-(11 1 7)]
0.7118, 0.5556584686279297, [(13 28 14)-(14 35 16)-(2 17 23)-(4 0 2)]
0.7141, 0.5525267913818359, [(15 18 10)-(7 61 11)-(6 1 13)-(4 10 22)]
0.7083999999999999, 0.5494788208007813, [(10 8 5)-(6 38 12)-(0 1 23)-(3 45 21)]
0.714, 0.5525317291259766, [(14 41 22)-(0 48 11)-(10 53 14)-(13 23 24)]
0.7116, 0.5519968780517579, [(7 3 25)-(8 8 9)-(11 39 2)-(4 44 27)]
0.7128, 0.5556516845703126, [(5 39 21)-(7 44 25)-(5 60 31)-(14 0 21)]
0.714, 0.5525317291259766, [(11 62 28)-(14 50 25)-(5 25 29)-(14 43 19)]
0.714, 0.5525317138671875, [(9 63 3)-(9 50 16)-(0 63 17)-(14 59 21)]
0.714, 0.5525317260742187, [(8 37 26)-(15 23 28)-(12 59 30)-(9 60 20)]
0.6392, 0.5327958297729491, [(13 42 22)-(0 50 26)-(5 4 25)-(10 8 9)]
0.7138, 0.5525279205322265, [(13 30 20)-(0 7 20)-(1 42 29)-(5 3 1)]
0.714, 0.5524828063964844, [(8 39 0)-(8 4 20)-(4 63 15)-(14 9 22)]
0.714, 0.5525354919433594, [(0 40 28)-(4 17 0)-(4 19 19)-(5 51 22)]
0.714, 0.5525321136474609, [(12 63 22)-(6 2 7)-(6 17 11)-(11 18 8)]
0.5491, 0.0, [(12 4 30)-(10 22 8)-(0 56 31)-(8 50 9)]
0.714, 0.55253134765625, [(3 34 6)-(15 12 0)-(4 31 27)-(9 10 14)]
0.7139, 0.5525386810302735, [(12 32 23)-(6 10 21)-(15 7 24)-(12 22 18)]
0.7139, 0.5525994903564453, [(1 57 12)-(7 32 26)-(7 29 20)-(5 53 12)]
0.7034, 0.5468599670410157, [(10 16 21)-(8 3 3)-(7 23 25)-(6 7 19)]
0.714, 0.5525324462890624, [(11 31 2)-(6 35 9)-(10 6 13)-(10 19 10)]
0.714, 0.552624609375, [(6 31 15)-(10 6 20)-(1 20 28)-(10 23 2)]
0.6698, 0.5055696899414062, [(0 63 23)-(3 33 24)-(8 42 19)-(2 8 31)]
0.714, 0.5525317260742187, [(8 40 27)-(12 49 19)-(1 30 4)-(13 60 30)]
0.714, 0.5525317199707032, [(11 33 15)-(3 11 0)-(11 36 3)-(11 33 3)]
0.714, 0.5525317565917969, [(14 49 16)-(3 43 23)-(2 14 6)-(5 30 8)]
0.7137, 0.5523507019042968, [(6 56 11)-(3 41 26)-(10 16 22)-(15 46 12)]
0.7108000000000001, 0.5478230712890625, [(7 31 26)-(12 24 15)-(2 51 27)-(4 1 23)]
0.7129, 0.5518388763427735, [(12 11 5)-(10 12 31)-(10 59 27)-(2 46 3)]
0.714, 0.5525317321777343, [(10 45 6)-(14 48 14)-(8 62 21)-(11 34 5)]
0.6438999999999999, 0.5478487060546875, [(8 11 25)-(8 10 4)-(15 19 22)-(13 60 6)]
0.714, 0.5525317199707032, [(0 50 24)-(2 20 8)-(11 45 13)-(4 61 16)]
0.7088, 0.5593113098144531, [(1 11 8)-(13 19 19)-(2 27 23)-(3 17 27)]
0.7136, 0.5525163757324218, [(10 9 20)-(3 46 23)-(8 33 6)-(2 37 7)]
0.714, 0.5525313354492187, [(1 47 21)-(13 63 2)-(1 31 19)-(9 10 14)]
0.7141, 0.5531818603515626, [(8 20 22)-(1 61 8)-(7 44 6)-(5 45 14)]
0.1799, 0.0, [(2 8 20)-(6 10 30)-(8 35 8)-(4 57 1)]
0.714, 0.5525317306518556, [(15 31 30)-(5 63 16)-(0 3 0)-(14 18 14)]
0.7138, 0.5526200180053711, [(0 12 9)-(0 24 14)-(14 35 17)-(9 18 20)]
0.7099, 0.553798876953125, [(5 63 6)-(2 30 20)-(6 8 3)-(7 5 24)]
0.714, 0.5525317230224609, [(0 29 28)-(6 30 10)-(0 12 8)-(10 51 18)]
0.714, 0.5525452117919922, [(13 13 24)-(11 17 8)-(7 28 18)-(7 7 10)]
0.714, 0.5525317352294922, [(1 36 0)-(9 17 3)-(14 51 22)-(0 41 25)]
0.714, 0.5525317352294923, [(11 39 22)-(5 45 6)-(12 13 4)-(14 13 17)]
0.714, 0.5525317108154297, [(5 55 31)-(8 40 16)-(13 63 6)-(0 56 5)]
0.714, 0.5525308868408203, [(7 6 14)-(5 31 28)-(12 51 7)-(3 26 2)]
0.0742, 0.9351022155761719, [(11 16 30)-(7 47 27)-(11 27 21)-(3 57 13)]
0.714, 0.55253173828125, [(7 53 25)-(2 59 26)-(13 30 17)-(5 13 12)]
0.714, 0.5525359649658204, [(2 41 16)-(5 5 5)-(2 21 13)-(3 10 6)]
0.714, 0.55253173828125, [(8 62 29)-(15 44 0)-(8 47 17)-(14 29 11)]
0.714, 0.5525344787597657, [(12 2 14)-(11 13 31)-(4 36 18)-(4 27 6)]
0.6987, 0.5472210052490234, [(5 21 24)-(6 43 14)-(7 11 19)-(6 27 10)]
0.714, 0.5525328125, [(15 12 28)-(3 31 12)-(4 30 11)-(1 13 17)]
0.7126, 0.5510138671875, [(12 3 27)-(10 8 14)-(14 17 12)-(0 53 10)]
0.714, 0.5525317352294922, [(6 47 19)-(5 9 29)-(7 51 12)-(9 21 29)]
0.5755, 0.6761398803710937, [(3 18 9)-(6 30 21)-(5 0 24)-(12 49 13)]
0.714, 0.5525317230224609, [(10 52 27)-(15 36 10)-(14 47 20)-(0 41 28)]
0.7137, 0.5533068817138672, [(13 35 16)-(2 19 20)-(10 18 28)-(10 7 18)]
0.714, 0.5525354553222657, [(14 41 13)-(7 48 19)-(1 20 16)-(15 32 29)]
0.7137, 0.5525107116699219, [(15 3 24)-(8 30 10)-(3 16 27)-(3 3 29)]
0.714, 0.5525317260742187, [(3 45 13)-(4 53 16)-(2 53 20)-(4 10 29)]
0.714, 0.5525316772460938, [(10 55 29)-(2 3 10)-(10 37 25)-(10 55 19)]
0.7142, 0.5521298400878907, [(6 4 22)-(0 33 6)-(0 51 10)-(11 1 13)]
0.6888000000000001, 0.5836994567871094, [(6 4 16)-(2 24 1)-(14 41 6)-(4 0 23)]
0.714, 0.5525317230224609, [(9 36 11)-(1 50 1)-(11 21 1)-(0 58 6)]
0.714, 0.5525317291259766, [(6 60 23)-(10 56 15)-(2 39 1)-(14 12 5)]
0.714, 0.5525307464599609, [(5 7 10)-(8 4 14)-(15 57 11)-(2 57 19)]
0.714, 0.5525239349365234, [(13 31 6)-(6 4 17)-(8 60 1)-(1 6 13)]
0.7142, 0.5533459350585938, [(10 14 6)-(10 51 11)-(14 34 13)-(6 6 23)]
0.714, 0.5525317352294922, [(0 39 24)-(13 22 26)-(0 54 30)-(8 35 0)]
0.714, 0.5525317352294922, [(2 50 15)-(13 10 0)-(11 39 9)-(6 42 4)]
0.7139, 0.5525272979736329, [(11 51 16)-(8 57 16)-(8 47 20)-(9 19 18)]
0.7127, 0.552793669128418, [(13 9 4)-(2 30 8)-(4 56 27)-(3 7 23)]
0.714, 0.5525317352294922, [(10 41 28)-(7 25 5)-(12 54 11)-(5 46 30)]
0.1068, 0.0, [(5 29 28)-(9 7 15)-(11 15 30)-(4 29 13)]
0.714, 0.5525317321777343, [(14 6 5)-(4 25 29)-(6 57 1)-(3 61 9)]
0.714, 0.5525317291259766, [(0 24 1)-(1 9 0)-(15 63 29)-(5 10 29)]
0.714, 0.5525317138671875, [(9 52 21)-(5 35 19)-(7 56 8)-(9 49 3)]
0.714, 0.5525224365234376, [(2 11 16)-(11 39 26)-(8 29 1)-(11 9 5)]
0.1032, 0.0, [(12 56 20)-(8 1 30)-(15 62 15)-(1 18 29)]
0.714, 0.5525317230224609, [(6 40 26)-(8 47 23)-(5 43 28)-(3 63 22)]
0.0906, 0.0, [(7 15 30)-(2 53 8)-(2 50 11)-(4 28 16)]
0.7139, 0.5525366668701173, [(2 27 28)-(2 46 6)-(2 39 4)-(7 27 13)]
0.7139, 0.5521498992919922, [(2 1 19)-(12 17 8)-(13 13 5)-(5 23 24)]
0.7137, 0.5528909576416016, [(12 61 21)-(14 26 21)-(8 0 17)-(3 51 3)]
0.6761999999999999, 0.54219755859375, [(12 2 24)-(3 0 6)-(8 2 6)-(6 46 30)]
0.714, 0.5525317260742187, [(0 26 9)-(10 53 21)-(1 42 18)-(5 56 2)]
0.714, 0.5525331665039063, [(6 19 14)-(14 5 4)-(7 22 7)-(9 27 14)]
0.714, 0.5525317321777343, [(9 37 29)-(12 14 1)-(10 43 31)-(0 43 28)]
0.7139, 0.5525235717773438, [(6 22 17)-(0 39 10)-(15 33 8)-(3 56 24)]
0.7001, 0.5422577239990234, [(10 37 27)-(13 6 26)-(1 15 25)-(10 55 21)]
0.714, 0.5525316802978516, [(5 44 1)-(7 10 15)-(3 13 5)-(13 47 12)]
0.714, 0.5525317321777343, [(4 24 29)-(9 32 8)-(5 49 30)-(14 36 31)]
0.6658, 0.5723506072998047, [(9 0 23)-(0 57 6)-(15 59 27)-(9 23 15)]
0.714, 0.5525317230224609, [(12 57 29)-(4 49 0)-(12 54 25)-(15 50 25)]
0.6928, 0.5549573150634766, [(4 55 26)-(6 10 28)-(14 19 11)-(14 2 24)]
0.7014, 0.5398680786132812, [(0 26 26)-(5 37 2)-(8 18 12)-(2 24 0)]
0.714, 0.5525318328857421, [(1 63 15)-(9 25 11)-(0 4 1)-(12 3 0)]
0.714, 0.5525317260742187, [(15 39 11)-(13 41 16)-(9 41 19)-(3 39 2)]
0.6967, 0.5522021484374999, [(2 47 9)-(8 17 24)-(14 53 10)-(6 39 13)]
0.714, 0.5525292816162108, [(11 10 0)-(3 20 7)-(6 4 15)-(8 48 10)]
0.7139, 0.5525598815917969, [(11 37 8)-(3 12 21)-(13 48 19)-(12 38 16)]
0.714, 0.5525317199707032, [(12 52 18)-(2 63 9)-(0 30 8)-(8 37 29)]
0.714, 0.5525317321777343, [(0 44 13)-(6 47 1)-(3 41 28)-(11 13 0)]
0.714, 0.5525318176269531, [(2 19 7)-(14 3 26)-(3 39 7)-(13 33 2)]
0.7139, 0.5525070983886718, [(4 16 19)-(14 53 5)-(7 13 6)-(12 59 20)]
0.714, 0.5525457702636718, [(13 6 24)-(4 56 21)-(1 61 29)-(11 27 19)]
0.714, 0.5525317321777343, [(11 36 12)-(15 45 17)-(14 19 26)-(5 46 3)]
0.714, 0.5525317321777343, [(2 21 28)-(5 57 17)-(13 19 5)-(1 13 0)]
0.714, 0.5525317291259766, [(5 60 2)-(3 61 9)-(3 28 0)-(0 54 0)]
0.714, 0.5525317199707032, [(15 3 24)-(4 56 7)-(3 40 9)-(4 30 22)]
0.1515, 0.9715105346679688, [(5 29 23)-(3 33 7)-(3 13 30)-(5 7 20)]
0.714, 0.5525317321777343, [(11 33 0)-(5 2 0)-(6 55 0)-(5 33 21)]
0.5898, 0.49175516052246093, [(5 40 31)-(8 59 25)-(9 0 31)-(6 33 25)]
0.7139, 0.5525325714111329, [(9 2 28)-(8 47 21)-(1 8 16)-(10 1 6)]
0.714, 0.5525317291259766, [(15 37 7)-(7 46 19)-(15 14 20)-(11 61 21)]
0.714, 0.55253525390625, [(15 36 15)-(3 48 8)-(8 11 16)-(13 46 19)]
0.714, 0.5525319305419922, [(6 8 4)-(3 13 16)-(4 30 14)-(9 3 15)]
0.714, 0.5525317199707032, [(13 9 24)-(3 34 6)-(2 25 0)-(5 63 10)]
0.7136, 0.552493408203125, [(6 50 20)-(10 23 18)-(0 13 22)-(3 43 3)]
0.7005, 0.5597006561279297, [(2 8 26)-(6 50 9)-(11 50 28)-(1 49 13)]
0.714, 0.5525317230224609, [(4 38 27)-(13 52 3)-(0 31 21)-(1 24 2)]
0.7138, 0.5524294189453125, [(3 22 12)-(13 9 8)-(0 21 19)-(3 12 8)]
0.7138, 0.552591958618164, [(0 17 28)-(1 1 16)-(5 16 17)-(7 40 27)]
0.714, 0.5525317291259766, [(6 43 2)-(4 30 16)-(7 50 18)-(14 2 28)]
0.7139, 0.5525305938720704, [(7 56 11)-(11 7 9)-(10 22 12)-(11 21 18)]
0.714, 0.5525375183105469, [(9 0 11)-(15 37 31)-(6 29 4)-(3 49 15)]
0.714, 0.552541876220703, [(11 16 18)-(0 60 15)-(10 3 15)-(5 33 28)]
0.7141, 0.5525366271972656, [(13 19 2)-(8 30 3)-(11 8 17)-(2 44 25)]
0.7139, 0.5524934326171875, [(11 58 4)-(8 5 4)-(9 8 22)-(2 48 3)]
0.714, 0.5525317184448242, [(13 37 18)-(5 17 0)-(6 15 29)-(4 57 22)]
0.714, 0.5525314392089844, [(4 1 10)-(9 43 17)-(6 41 20)-(14 8 29)]
0.1002, 0.0, [(2 15 0)-(7 44 24)-(5 15 1)-(5 1 30)]
0.714, 0.5525317199707032, [(14 58 10)-(7 2 4)-(5 50 9)-(6 41 14)]
0.7109000000000001, 0.5494104522705078, [(5 9 28)-(10 10 27)-(10 15 25)-(14 9 10)]
0.1, 0.0, [(10 8 18)-(4 44 14)-(1 49 12)-(11 0 30)]
0.7139, 0.551820654296875, [(13 22 10)-(1 38 15)-(6 57 18)-(2 7 22)]
0.7134, 0.5524015747070312, [(13 59 10)-(6 59 27)-(0 13 23)-(13 53 12)]
0.7136, 0.5526252136230468, [(11 4 27)-(10 38 23)-(6 35 13)-(4 59 30)]
0.7101999999999999, 0.5570806549072265, [(10 4 22)-(2 35 18)-(12 0 22)-(4 45 9)]
0.7141, 0.5525410736083984, [(7 25 19)-(15 24 27)-(5 57 8)-(10 3 11)]
0.714, 0.5525317230224609, [(1 44 29)-(3 43 25)-(13 12 7)-(6 57 13)]
0.714, 0.5525317626953126, [(7 42 12)-(10 6 9)-(12 29 0)-(12 33 7)]
0.0998, 0.0, [(14 32 10)-(14 47 25)-(3 27 26)-(10 0 30)]
0.714, 0.5525317230224609, [(10 25 3)-(14 51 23)-(11 58 4)-(4 34 4)]
0.7106, 0.5465622680664062, [(3 47 8)-(12 21 26)-(15 22 28)-(15 3 10)]
0.714, 0.5525315216064453, [(5 7 17)-(11 60 11)-(6 24 3)-(1 2 29)]
0.7123999999999999, 0.5486457794189453, [(9 41 1)-(5 47 6)-(3 59 4)-(5 3 26)]
0.714, 0.5525317245483399, [(2 28 0)-(6 29 1)-(3 49 4)-(3 43 14)]
0.7139, 0.5525124481201172, [(9 29 20)-(6 50 12)-(3 0 4)-(15 5 21)]
0.7043999999999999, 0.5470478393554687, [(0 49 31)-(12 22 0)-(8 4 10)-(5 9 24)]
0.714, 0.5525356201171875, [(11 40 3)-(12 26 17)-(9 62 31)-(1 55 26)]
0.7139, 0.5525235076904297, [(15 56 24)-(6 47 17)-(4 29 20)-(4 48 22)]
0.7138, 0.5525374572753906, [(1 58 21)-(2 3 21)-(9 61 16)-(0 45 24)]
0.714, 0.5525317199707032, [(9 30 26)-(5 35 24)-(7 31 5)-(11 48 13)]
0.714, 0.5525317291259766, [(8 14 9)-(15 14 4)-(3 44 25)-(5 55 30)]
0.714, 0.5525317352294923, [(3 58 3)-(15 21 18)-(6 32 29)-(4 51 6)]
0.714, 0.5525315673828125, [(4 13 17)-(5 37 19)-(2 47 10)-(6 53 1)]
0.714, 0.5525317199707032, [(5 37 18)-(4 19 3)-(13 60 27)-(3 41 10)]
0.714, 0.5525317260742187, [(12 43 4)-(2 57 1)-(9 43 31)-(1 59 19)]
0.714, 0.5526031951904297, [(13 18 19)-(1 0 14)-(13 49 27)-(13 12 18)]
0.7134, 0.5528195129394531, [(15 12 23)-(8 49 9)-(11 3 23)-(0 46 16)]
0.714, 0.5525320281982422, [(8 19 5)-(11 18 16)-(13 16 23)-(11 53 14)]
0.714, 0.5525317169189453, [(6 60 15)-(8 58 2)-(12 36 20)-(9 55 4)]
0.1105, 0.9933050384521485, [(7 24 30)-(13 56 30)-(6 14 11)-(13 48 28)]
0.7141, 0.5524717742919922, [(9 10 8)-(3 4 5)-(3 20 21)-(8 49 15)]
0.7141, 0.5531818634033203, [(5 54 9)-(15 32 19)-(10 52 25)-(8 20 22)]
0.714, 0.5525317108154297, [(13 42 31)-(3 36 25)-(4 35 27)-(0 59 3)]
0.7125, 0.5447670211791992, [(13 59 10)-(0 43 22)-(2 18 26)-(0 31 0)]
0.7132000000000001, 0.5527900634765626, [(10 46 29)-(0 17 14)-(13 30 3)-(7 29 22)]
0.7067, 0.5514910552978516, [(4 35 5)-(1 21 24)-(0 36 0)-(7 50 26)]
0.7127, 0.5530685653686523, [(1 7 12)-(13 15 18)-(8 9 23)-(7 24 24)]
0.714, 0.5525317230224609, [(6 61 9)-(8 45 10)-(9 37 11)-(8 32 28)]
0.7139, 0.5524986877441407, [(1 33 20)-(9 61 11)-(0 19 19)-(0 41 3)]
0.7138, 0.5525426910400391, [(6 62 12)-(12 12 20)-(6 31 13)-(0 32 10)]
0.7139, 0.553114584350586, [(4 50 19)-(8 7 20)-(0 6 18)-(8 46 20)]
0.714, 0.5525315643310547, [(15 46 17)-(4 59 31)-(0 17 4)-(7 8 13)]
0.714, 0.5525317260742187, [(15 47 26)-(5 47 4)-(10 50 23)-(5 57 25)]
0.714, 0.5525318176269531, [(7 58 28)-(15 34 13)-(9 18 10)-(14 62 19)]
0.5932999999999999, 0.5361378768920898, [(11 1 24)-(0 34 21)-(5 20 15)-(9 23 31)]
0.714, 0.5525316986083985, [(1 48 29)-(5 13 20)-(10 50 1)-(3 30 7)]
0.7125, 0.5553032257080077, [(2 52 25)-(6 23 24)-(1 32 23)-(9 59 22)]
0.714, 0.5525322479248047, [(4 38 25)-(5 40 27)-(0 40 2)-(11 4 15)]
0.714, 0.5525317260742187, [(5 33 3)-(0 63 6)-(10 45 9)-(10 40 28)]
0.6811, 0.5272547088623047, [(6 25 5)-(8 23 29)-(11 13 30)-(8 49 6)]
0.6264000000000001, 0.5122915115356446, [(3 43 24)-(4 38 12)-(2 10 24)-(3 1 26)]
0.7138, 0.5525440765380859, [(0 41 19)-(12 22 23)-(9 42 22)-(13 34 9)]
0.714, 0.5525317169189453, [(14 61 25)-(8 55 12)-(12 29 2)-(10 34 22)]
0.714, 0.5525314025878907, [(2 18 12)-(10 45 6)-(4 47 25)-(4 50 14)]
0.7137, 0.5525341888427735, [(1 12 27)-(8 31 2)-(8 56 28)-(13 61 3)]
0.714, 0.5525317321777343, [(15 7 13)-(9 41 26)-(1 31 11)-(5 27 0)]
0.6908, 0.5290888473510742, [(11 44 8)-(13 13 19)-(0 46 19)-(2 18 25)]
0.714, 0.5525317413330078, [(7 21 0)-(9 22 6)-(2 55 2)-(8 53 14)]
0.7137, 0.5527501831054688, [(13 4 31)-(2 14 19)-(1 52 11)-(2 28 8)]
0.7139, 0.552550927734375, [(5 29 20)-(4 50 7)-(5 62 18)-(0 28 8)]
0.158, 0.9622486297607422, [(4 10 30)-(6 48 13)-(2 43 29)-(3 21 29)]
0.714, 0.5525317321777343, [(4 57 3)-(12 22 9)-(2 54 10)-(13 5 15)]
0.714, 0.5525317260742187, [(14 10 12)-(0 23 29)-(15 52 7)-(14 8 11)]
0.714, 0.5525316940307617, [(13 9 10)-(2 6 6)-(6 36 4)-(15 41 10)]
0.7065, 0.5423003356933593, [(12 47 24)-(12 14 26)-(5 13 1)-(9 61 9)]
0.7139, 0.5524574005126953, [(9 27 20)-(15 29 10)-(13 15 16)-(11 25 11)]
0.714, 0.5525315521240235, [(10 23 12)-(11 35 0)-(1 40 4)-(14 22 2)]
0.714, 0.5525317291259766, [(9 62 26)-(13 47 12)-(14 32 10)-(6 58 11)]
0.7139, 0.5525470611572265, [(11 8 17)-(4 55 12)-(5 25 20)-(5 59 2)]
0.7138, 0.5525623474121093, [(9 24 12)-(13 11 0)-(10 61 22)-(1 10 27)]
0.714, 0.5523881469726563, [(1 12 17)-(6 1 18)-(9 20 12)-(6 38 5)]
0.7076, 0.5475969482421875, [(2 1 13)-(1 62 8)-(12 62 2)-(11 19 31)]
0.6824, 0.5481647674560547, [(5 22 6)-(7 9 26)-(11 2 0)-(12 24 31)]
0.6988000000000001, 0.5454301879882812, [(7 58 27)-(3 24 29)-(10 41 10)-(5 15 25)]
0.7139, 0.5522078491210938, [(12 1 1)-(0 27 16)-(4 10 22)-(12 3 21)]
0.714, 0.5525315093994141, [(7 6 12)-(2 46 24)-(2 42 26)-(5 29 4)]
0.714, 0.5525329498291016, [(13 46 26)-(11 35 22)-(1 32 4)-(9 7 14)]
0.7066, 0.5529067443847656, [(3 55 20)-(4 12 26)-(7 27 14)-(14 4 14)]
0.6132, 0.6244496307373046, [(2 25 19)-(14 47 9)-(7 57 3)-(1 17 27)]
0.7115, 0.5518206420898437, [(4 24 26)-(13 52 11)-(10 52 22)-(2 11 31)]
0.714, 0.5525318084716797, [(1 20 11)-(15 16 6)-(7 45 27)-(14 15 15)]
0.6238, 0.5338543518066406, [(0 46 1)-(6 0 21)-(5 5 25)-(8 35 13)]
0.1208, 0.0, [(1 33 8)-(11 7 30)-(3 42 13)-(2 22 26)]
0.7130000000000001, 0.5528409606933593, [(7 45 24)-(11 8 23)-(7 57 10)-(4 29 0)]
0.714, 0.5525393646240234, [(13 41 20)-(11 27 18)-(1 38 28)-(13 16 0)]
0.7141, 0.5526951812744141, [(11 1 19)-(1 31 9)-(12 49 25)-(7 62 19)]
0.714, 0.5525317230224609, [(12 31 27)-(13 42 22)-(11 42 3)-(12 30 5)]
0.714, 0.5525317138671875, [(8 42 13)-(0 45 2)-(3 22 10)-(1 13 9)]
0.7141, 0.5507906799316407, [(11 10 22)-(10 26 10)-(0 57 21)-(6 1 21)]
0.1073, 0.0, [(1 29 18)-(15 0 1)-(15 55 15)-(13 2 30)]
0.714, 0.5525317352294922, [(2 60 20)-(14 17 23)-(13 60 2)-(15 37 10)]
0.7046, 0.542599090576172, [(9 38 15)-(2 15 12)-(4 23 25)-(9 49 18)]
0.714, 0.5525330505371093, [(3 5 10)-(8 48 12)-(14 2 12)-(12 60 24)]
0.714, 0.5525316253662109, [(5 37 29)-(6 8 8)-(2 62 22)-(1 11 0)]
0.7032, 0.5462595031738281, [(1 51 16)-(8 32 21)-(0 60 3)-(11 6 25)]
0.7142, 0.5530245910644531, [(6 27 11)-(0 29 24)-(10 52 22)-(10 43 7)]
0.714, 0.5525317962646484, [(0 38 16)-(10 3 9)-(14 10 8)-(6 31 9)]
0.7078, 0.5505651367187501, [(15 15 26)-(9 28 26)-(1 22 25)-(10 23 10)]
0.7147, 0.5527325286865234, [(10 59 12)-(7 9 14)-(10 18 23)-(8 30 8)]
0.714, 0.5525624557495117, [(2 50 5)-(11 46 29)-(6 60 28)-(9 17 27)]
0.7122999999999999, 0.5535708923339844, [(10 32 14)-(4 62 31)-(1 3 21)-(14 39 31)]
0.7146, 0.5517019073486328, [(11 15 26)-(2 46 31)-(13 18 21)-(13 22 19)]
0.714, 0.5525318237304687, [(12 2 9)-(0 16 4)-(1 57 23)-(9 31 3)]
0.714, 0.5525317077636718, [(0 45 28)-(8 14 10)-(1 58 28)-(7 33 21)]
0.714, 0.5525317199707032, [(3 54 4)-(10 61 7)-(0 21 6)-(10 33 25)]
0.714, 0.5525317291259766, [(15 21 20)-(8 52 27)-(13 28 11)-(13 32 26)]
0.714, 0.5525317260742187, [(1 55 23)-(2 55 21)-(14 52 3)-(6 52 19)]
0.714, 0.5525322769165039, [(11 58 12)-(14 45 14)-(3 6 12)-(14 35 19)]
0.714, 0.5525317352294922, [(12 45 14)-(5 52 3)-(6 58 31)-(14 23 13)]
0.7143999999999999, 0.5518608612060547, [(15 41 5)-(6 49 17)-(10 9 24)-(15 35 22)]
0.714, 0.5525321563720703, [(10 3 6)-(9 62 17)-(1 23 12)-(13 41 1)]
0.714, 0.5525338317871094, [(1 21 16)-(14 60 25)-(8 7 9)-(6 16 2)]
0.7139, 0.55238603515625, [(11 11 7)-(5 43 29)-(4 25 23)-(13 51 27)]
0.714, 0.5525317169189453, [(7 62 2)-(0 57 31)-(11 45 28)-(9 39 11)]
0.7141, 0.5530427124023438, [(15 38 23)-(0 25 23)-(8 43 30)-(13 1 14)]
0.7146, 0.5522600250244141, [(13 53 16)-(13 14 17)-(9 9 23)-(2 32 1)]
0.7132000000000001, 0.5526013992309571, [(11 19 20)-(6 58 17)-(8 41 3)-(4 44 7)]
0.714, 0.5525317901611329, [(12 26 12)-(15 36 9)-(14 40 27)-(13 13 11)]
0.7139, 0.5523810821533204, [(4 16 21)-(11 31 1)-(4 3 19)-(13 42 22)]
0.714, 0.5525314086914062, [(2 18 12)-(13 8 16)-(9 35 14)-(14 53 12)]
0.714, 0.5525320190429688, [(13 40 23)-(6 50 20)-(11 49 27)-(8 21 17)]
0.714, 0.5525317291259766, [(14 42 3)-(12 61 5)-(7 21 10)-(12 50 16)]
0.714, 0.5525311889648438, [(2 2 10)-(12 37 28)-(3 42 7)-(15 34 6)]
0.7130000000000001, 0.5529758483886719, [(11 14 24)-(2 61 6)-(7 17 21)-(12 19 4)]
0.6929, 0.5293761581420898, [(0 54 1)-(14 35 13)-(12 22 8)-(12 2 31)]
0.714, 0.5525344604492187, [(5 33 10)-(4 56 0)-(9 0 10)-(10 5 6)]
0.7135, 0.5518098510742188, [(0 19 23)-(11 43 9)-(11 52 11)-(1 19 10)]
0.7136, 0.5524288787841797, [(4 54 25)-(2 33 0)-(14 49 14)-(12 29 22)]
0.714, 0.5525317352294922, [(5 16 28)-(5 41 0)-(15 58 25)-(3 47 23)]
0.714, 0.5525317199707032, [(3 57 22)-(8 57 21)-(7 47 20)-(8 62 31)]
0.714, 0.5525317108154297, [(10 54 2)-(4 61 26)-(11 59 29)-(9 9 7)]
0.7143999999999999, 0.5524486724853516, [(4 33 8)-(11 50 25)-(8 53 10)-(0 1 27)]
0.714, 0.5525316680908203, [(0 29 3)-(7 24 7)-(8 61 23)-(4 3 10)]
0.13879999999999998, 0.0, [(3 25 30)-(2 43 24)-(3 11 2)-(4 16 23)]
0.714, 0.5525317230224609, [(4 60 22)-(15 2 0)-(1 34 26)-(3 4 8)]
0.714, 0.5525317260742187, [(10 61 14)-(13 25 31)-(3 39 29)-(14 62 19)]
0.714, 0.5525317108154297, [(15 34 9)-(14 30 13)-(6 50 12)-(7 31 18)]
0.714, 0.5525317321777343, [(1 35 12)-(0 33 16)-(15 5 26)-(15 22 21)]
0.714, 0.5525317321777343, [(4 23 7)-(12 39 23)-(7 52 21)-(6 48 6)]
0.714, 0.5525317474365234, [(4 11 11)-(4 34 9)-(0 49 3)-(3 56 1)]
0.7139, 0.5524376647949218, [(8 59 0)-(2 1 12)-(2 24 20)-(9 33 9)]
0.714, 0.5525308471679687, [(2 54 24)-(3 2 1)-(12 5 14)-(5 3 1)]
0.714, 0.5525317291259766, [(0 30 24)-(11 29 6)-(8 14 2)-(14 48 27)]
0.714, 0.5525317321777343, [(13 33 12)-(3 41 22)-(4 60 20)-(4 38 10)]
0.714, 0.5525317398071289, [(13 59 10)-(5 39 6)-(9 40 3)-(2 42 6)]
0.714, 0.5525338409423828, [(11 53 22)-(7 61 11)-(13 21 3)-(6 14 13)]
0.5739, 0.5644118438720703, [(6 3 10)-(0 0 26)-(3 2 7)-(6 47 2)]
0.714, 0.5525364898681641, [(0 33 26)-(10 57 4)-(7 4 18)-(12 22 20)]
0.714, 0.5525583709716797, [(11 60 23)-(1 63 26)-(8 26 20)-(2 6 28)]
0.714, 0.5525317169189453, [(10 40 2)-(10 46 21)-(14 55 15)-(6 47 18)]
0.7010000000000001, 0.5473244171142577, [(5 7 25)-(5 63 25)-(5 45 25)-(14 54 12)]
0.7133, 0.5505510620117187, [(2 23 24)-(4 8 12)-(7 22 16)-(4 39 9)]
0.714, 0.5525317596435546, [(13 14 2)-(3 59 12)-(8 58 0)-(11 4 11)]
0.714, 0.5525317169189453, [(7 13 7)-(13 56 10)-(13 3 18)-(12 10 8)]
0.7131000000000001, 0.5516912445068359, [(13 62 13)-(9 57 11)-(3 22 19)-(0 8 27)]
0.6476, 0.5122844497680663, [(5 19 31)-(15 35 4)-(14 50 12)-(7 32 17)]
0.7142999999999999, 0.5527711273193359, [(13 3 30)-(11 29 11)-(6 42 15)-(13 0 17)]
0.7139, 0.5526523681640625, [(0 57 6)-(7 28 21)-(13 28 17)-(11 62 28)]
0.1153, 0.0, [(15 52 14)-(2 55 21)-(2 48 22)-(11 14 30)]
0.714, 0.5525317291259766, [(7 44 27)-(9 35 28)-(7 33 5)-(10 58 5)]
0.7094, 0.5477659393310547, [(11 19 31)-(5 4 27)-(4 30 18)-(3 0 18)]
0.7125, 0.5517998291015624, [(11 51 3)-(13 45 10)-(15 3 9)-(4 4 26)]
0.714, 0.5525317840576172, [(13 57 17)-(0 35 1)-(13 58 23)-(7 18 9)]
0.714, 0.5525317352294922, [(0 36 20)-(15 50 6)-(15 26 22)-(6 16 29)]
0.714, 0.5525317352294923, [(9 35 18)-(4 58 23)-(4 53 6)-(11 63 4)]
0.714, 0.5525360534667969, [(14 51 2)-(6 20 3)-(3 61 30)-(0 25 16)]
0.714, 0.5525317291259766, [(5 58 31)-(10 53 12)-(11 42 29)-(3 42 23)]
0.7136, 0.5524637573242188, [(8 6 19)-(0 60 30)-(10 24 2)-(1 61 16)]
0.714, 0.5525317016601563, [(7 47 27)-(15 27 29)-(7 35 19)-(6 29 12)]
0.714, 0.55253173828125, [(12 48 6)-(13 60 7)-(14 5 12)-(14 44 16)]
0.714, 0.5525317260742187, [(10 45 18)-(7 31 13)-(14 43 29)-(4 22 9)]
0.714, 0.5525320068359375, [(8 13 1)-(15 2 14)-(9 34 26)-(11 36 11)]
0.7138, 0.55253466796875, [(13 52 18)-(3 58 20)-(3 29 20)-(13 50 8)]
0.714, 0.5525323425292968, [(4 48 24)-(10 17 13)-(8 27 14)-(9 31 31)]
0.714, 0.5525317230224609, [(6 48 21)-(3 45 23)-(15 37 6)-(14 3 14)]
0.6950000000000001, 0.5199692016601563, [(1 46 22)-(13 5 18)-(15 2 27)-(6 28 26)]
0.714, 0.5525317321777343, [(3 17 7)-(5 38 9)-(5 15 2)-(12 11 5)]
0.714, 0.5525393188476562, [(11 25 9)-(3 59 1)-(5 63 12)-(5 1 14)]
0.714, 0.5525156555175781, [(7 38 26)-(10 37 18)-(5 11 17)-(15 40 2)]
0.714, 0.5525331146240234, [(1 7 6)-(8 21 0)-(1 3 12)-(14 12 23)]
0.7108, 0.5534873565673828, [(7 33 19)-(4 11 24)-(11 14 8)-(1 29 11)]
0.7139, 0.5525370208740235, [(13 57 2)-(0 36 7)-(3 57 15)-(5 19 14)]
0.714, 0.5525317321777343, [(14 9 8)-(7 39 3)-(15 7 23)-(1 49 7)]
0.6661999999999999, 0.5208077438354493, [(12 20 25)-(10 45 30)-(1 49 22)-(11 53 26)]
0.714, 0.5525296844482421, [(15 50 9)-(10 16 16)-(6 35 13)-(9 55 1)]
0.7131, 0.5518497680664063, [(3 11 26)-(3 9 8)-(8 10 3)-(12 14 17)]
0.714, 0.5525299652099609, [(1 10 4)-(12 20 15)-(4 16 29)-(15 5 22)]
0.714, 0.5525163269042969, [(10 31 0)-(13 41 7)-(6 11 17)-(10 11 12)]
0.714, 0.5525317687988281, [(6 23 0)-(11 61 16)-(0 29 11)-(2 37 20)]
0.7128, 0.5485228912353515, [(2 3 21)-(8 31 25)-(1 24 16)-(9 20 31)]
0.714, 0.5525317108154297, [(11 25 10)-(13 42 7)-(1 43 1)-(10 37 23)]
0.714, 0.5525593078613281, [(2 51 22)-(3 53 18)-(14 1 15)-(5 9 14)]
