0.712, 0.5507587036132813, [(7 4 24)-(3 17 31)-(8 6 4)-(5 21 21)-(12 57 7)-(10 46 2)]
0.714, 0.5525317230224609, [(3 3 4)-(2 55 17)-(15 26 23)-(13 15 6)-(4 63 23)-(0 50 19)]
0.714, 0.5525317474365234, [(14 56 23)-(2 51 21)-(2 27 5)-(5 13 9)-(9 25 2)-(5 61 22)]
0.1122, 0.0, [(7 53 31)-(8 5 30)-(8 40 8)-(10 53 7)-(9 32 5)-(0 22 6)]
0.0887, 0.0, [(5 57 15)-(12 16 15)-(14 11 0)-(4 12 30)-(7 4 21)-(10 38 29)]
0.714, 0.55253173828125, [(12 21 28)-(8 18 5)-(13 56 7)-(5 12 5)-(1 32 0)-(2 35 19)]
0.7131000000000001, 0.5524647674560548, [(11 29 16)-(5 58 20)-(8 44 4)-(15 43 31)-(13 41 17)-(4 11 22)]
0.714, 0.5525319091796874, [(11 13 6)-(8 5 12)-(7 15 12)-(1 58 1)-(14 33 15)-(11 27 0)]
0.6568, 0.5025097106933594, [(9 1 26)-(0 38 6)-(11 41 4)-(8 15 25)-(10 18 23)-(0 14 2)]
0.714, 0.5525317474365234, [(12 34 5)-(10 18 29)-(3 33 14)-(2 42 10)-(12 7 8)-(14 14 17)]
0.6747000000000001, 0.5543244750976563, [(14 31 13)-(14 25 28)-(3 56 1)-(8 28 26)-(11 50 16)-(9 15 25)]
0.7101, 0.5492643707275391, [(1 22 24)-(1 54 9)-(1 24 29)-(10 7 25)-(11 59 30)-(0 62 29)]
0.7121999999999999, 0.5482550109863281, [(9 44 8)-(9 19 26)-(5 6 8)-(14 41 30)-(15 22 22)-(4 51 17)]
0.714, 0.5525317321777343, [(14 17 15)-(14 36 10)-(13 47 23)-(14 27 24)-(6 27 0)-(4 44 25)]
0.1996, 0.0, [(8 53 17)-(4 9 30)-(7 33 31)-(4 53 2)-(13 29 14)-(8 55 14)]
0.5738, 0.5641137786865235, [(0 0 26)-(12 54 20)-(6 36 15)-(9 0 1)-(3 21 21)-(4 57 12)]
0.6875, 0.5433767837524414, [(10 43 15)-(8 12 16)-(10 22 26)-(2 26 3)-(12 53 16)-(14 9 21)]
0.7130000000000001, 0.5524625396728515, [(11 38 14)-(12 5 1)-(0 30 7)-(10 23 13)-(10 24 24)-(10 43 16)]
0.714, 0.5525317260742187, [(7 62 7)-(11 39 6)-(4 8 29)-(3 43 26)-(8 62 31)-(6 38 30)]
0.7111000000000001, 0.5512505645751953, [(2 51 23)-(8 11 26)-(14 34 4)-(0 45 3)-(1 59 13)-(2 34 26)]
0.714, 0.5525322509765624, [(11 58 11)-(11 4 15)-(7 60 2)-(9 42 13)-(0 59 17)-(3 55 13)]
0.714, 0.5525230865478516, [(13 48 28)-(8 50 30)-(1 29 21)-(6 38 20)-(4 18 19)-(11 38 19)]
0.7050000000000001, 0.5447544372558594, [(13 34 24)-(0 40 13)-(14 37 22)-(5 53 18)-(3 15 4)-(12 6 25)]
0.7115, 0.5517045837402343, [(11 39 24)-(5 5 31)-(6 61 22)-(8 1 17)-(6 24 18)-(3 59 10)]
0.6952, 0.5417933135986328, [(10 31 17)-(5 18 26)-(13 54 13)-(7 5 24)-(15 61 30)-(3 29 5)]
0.714, 0.5525078308105469, [(14 54 1)-(4 56 1)-(6 30 30)-(2 35 24)-(2 23 18)-(0 7 12)]
0.7138, 0.5525488342285156, [(13 22 11)-(5 41 17)-(4 6 14)-(10 27 12)-(15 5 19)-(0 8 22)]
0.6931, 0.5548957122802735, [(10 16 1)-(0 36 13)-(14 2 24)-(1 54 1)-(5 11 27)-(0 49 9)]
0.7131000000000001, 0.5522662322998046, [(4 32 25)-(15 12 25)-(8 24 23)-(6 16 8)-(9 40 6)-(6 39 9)]
0.7133, 0.5520755340576172, [(12 12 22)-(9 37 4)-(4 16 31)-(14 40 11)-(14 38 25)-(7 19 21)]
0.7131000000000001, 0.5526782867431641, [(15 40 9)-(7 5 21)-(4 13 20)-(10 58 19)-(0 30 13)-(1 57 28)]
0.6999, 0.5489015716552734, [(15 23 15)-(1 53 8)-(14 5 9)-(0 34 2)-(3 6 26)-(8 0 12)]
0.7153, 0.5518321807861328, [(14 24 15)-(8 35 25)-(3 0 17)-(0 7 14)-(7 60 11)-(2 15 26)]
0.714, 0.5525317260742187, [(14 35 13)-(14 11 3)-(2 19 29)-(4 10 7)-(6 55 6)-(14 32 27)]
0.7135, 0.5534016052246093, [(1 2 21)-(7 26 20)-(0 14 3)-(6 62 24)-(11 45 10)-(6 42 27)]
0.0679, 0.0, [(3 55 5)-(10 1 28)-(9 62 2)-(12 52 14)-(10 35 7)-(5 21 30)]
0.714, 0.5524096496582032, [(9 43 7)-(5 12 20)-(11 4 28)-(5 5 21)-(3 36 21)-(5 2 15)]
0.7116, 0.547194058227539, [(3 59 29)-(5 14 26)-(3 39 30)-(9 29 28)-(4 41 7)-(13 50 0)]
0.714, 0.5525288665771484, [(2 19 9)-(8 47 11)-(6 11 5)-(7 6 16)-(13 62 14)-(10 38 11)]
0.714, 0.5525314025878907, [(3 56 8)-(14 36 5)-(9 61 15)-(2 57 18)-(3 8 13)-(0 20 6)]
0.714, 0.5525317260742187, [(11 9 11)-(9 19 5)-(5 44 11)-(7 43 26)-(12 53 2)-(8 17 6)]
0.7093, 0.5539176544189452, [(7 21 22)-(11 8 1)-(4 16 26)-(6 50 7)-(12 47 14)-(13 32 22)]
0.6974, 0.5513987243652343, [(3 13 25)-(11 55 8)-(7 49 21)-(3 42 11)-(8 28 11)-(12 29 4)]
0.7135, 0.5526570007324219, [(1 45 14)-(1 61 20)-(4 57 3)-(10 19 21)-(8 59 1)-(1 51 27)]
0.1253, 0.9836830139160156, [(5 24 2)-(6 17 24)-(11 45 24)-(8 24 30)-(15 31 28)-(2 23 28)]
0.714, 0.5525317245483399, [(15 54 31)-(8 46 22)-(8 59 25)-(8 12 2)-(4 31 12)-(2 48 0)]
0.1129, 0.0, [(9 41 31)-(6 50 25)-(9 5 30)-(5 36 27)-(11 53 6)-(3 38 15)]
0.714, 0.5525317413330078, [(4 57 19)-(5 43 8)-(7 22 12)-(15 59 29)-(6 48 31)-(14 38 11)]
0.7101, 0.5515074829101563, [(3 21 28)-(4 29 0)-(1 53 9)-(11 18 13)-(1 5 25)-(6 9 3)]
0.7133, 0.5526165893554688, [(8 29 14)-(11 12 19)-(5 33 5)-(1 54 13)-(8 30 1)-(10 27 21)]
0.6527000000000001, 0.488604167175293, [(8 62 2)-(12 13 2)-(6 27 25)-(12 23 22)-(13 14 30)-(10 26 16)]
0.714, 0.5525312408447265, [(11 29 17)-(5 36 5)-(6 6 4)-(5 22 8)-(8 50 5)-(0 10 15)]
0.7146, 0.5522736694335937, [(10 17 0)-(14 45 0)-(14 3 15)-(15 31 8)-(2 29 23)-(1 42 8)]
0.714, 0.5525317413330078, [(15 3 22)-(15 46 3)-(12 57 7)-(7 42 25)-(9 5 1)-(3 56 25)]
0.714, 0.5525307037353515, [(15 37 2)-(0 11 28)-(2 40 23)-(5 20 15)-(15 18 10)-(1 41 7)]
0.714, 0.5525317291259766, [(3 29 1)-(13 48 27)-(12 47 27)-(9 32 6)-(5 31 9)-(12 34 6)]
0.7139, 0.5522677978515624, [(13 44 8)-(12 23 1)-(15 59 12)-(7 15 23)-(5 55 8)-(14 36 16)]
0.7139, 0.5525065429687499, [(2 15 17)-(1 27 8)-(3 47 6)-(1 9 12)-(3 39 16)-(7 43 27)]
0.714, 0.552525503540039, [(0 11 8)-(8 52 29)-(10 23 17)-(14 6 18)-(6 21 29)-(2 23 6)]
0.714, 0.5525317260742187, [(8 38 6)-(5 48 21)-(14 63 17)-(1 5 29)-(12 60 2)-(15 29 12)]
0.4894, 0.44291382293701176, [(13 60 31)-(7 15 6)-(2 2 24)-(7 35 16)-(9 51 22)-(15 63 15)]
0.7079, 0.5486198822021484, [(12 19 24)-(8 3 31)-(11 16 16)-(0 30 15)-(10 31 26)-(13 26 9)]
0.7139, 0.5525332672119141, [(9 39 3)-(5 32 29)-(7 21 17)-(9 16 28)-(2 57 2)-(6 56 26)]
0.714, 0.5525316955566406, [(9 56 27)-(5 34 7)-(12 39 3)-(3 26 11)-(13 48 20)-(2 33 0)]
0.714, 0.5525317199707032, [(5 33 17)-(12 39 0)-(7 39 11)-(15 40 6)-(15 33 3)-(13 56 26)]
0.6755, 0.56233369140625, [(15 39 11)-(2 9 26)-(6 59 19)-(3 54 23)-(14 2 6)-(11 19 14)]
0.714, 0.5525336090087891, [(7 22 9)-(7 61 30)-(0 33 12)-(12 52 4)-(5 2 12)-(2 43 16)]
0.714, 0.5525317230224609, [(15 4 14)-(4 60 28)-(14 58 12)-(12 62 29)-(13 40 4)-(10 50 12)]
0.714, 0.5525317108154297, [(14 45 2)-(1 28 7)-(3 61 18)-(7 42 20)-(15 63 11)-(6 51 5)]
0.714, 0.5525316665649413, [(6 62 25)-(1 22 11)-(2 63 12)-(6 16 8)-(14 18 27)-(1 26 28)]
0.714, 0.5525317169189453, [(15 34 31)-(10 52 10)-(15 44 0)-(11 54 12)-(15 58 15)-(3 49 10)]
0.714, 0.5525316833496094, [(14 22 5)-(0 35 20)-(7 14 1)-(2 44 4)-(6 26 9)-(13 30 19)]
0.6714, 0.590234326171875, [(1 14 21)-(2 45 30)-(2 11 12)-(0 56 3)-(1 0 23)-(7 17 21)]
0.1005, 0.1, [(11 14 25)-(8 36 12)-(1 30 24)-(10 61 28)-(2 26 30)-(6 39 11)]
0.7128, 0.5462757781982421, [(11 28 31)-(6 46 23)-(15 51 29)-(0 26 27)-(2 6 23)-(7 57 23)]
0.714, 0.5525317230224609, [(13 41 24)-(3 40 15)-(12 18 3)-(5 38 30)-(13 48 7)-(1 52 22)]
0.7114, 0.5521628692626953, [(2 31 15)-(0 2 27)-(14 7 12)-(11 11 25)-(2 18 11)-(4 62 22)]
0.6861999999999999, 0.5445857025146484, [(6 33 22)-(9 36 16)-(8 23 26)-(9 36 3)-(8 19 21)-(9 48 12)]
0.6947000000000001, 0.5431122680664062, [(6 27 5)-(15 20 20)-(7 26 27)-(10 28 25)-(5 62 9)-(0 63 9)]
0.714, 0.5525317291259766, [(4 11 8)-(6 45 6)-(3 10 2)-(7 41 3)-(13 46 23)-(14 22 11)]
0.7052, 0.5442861694335938, [(2 20 19)-(8 6 24)-(15 45 18)-(13 27 28)-(0 50 30)-(8 36 9)]
0.7142, 0.5528245635986329, [(9 31 19)-(5 22 21)-(4 9 24)-(9 1 1)-(13 49 21)-(14 52 1)]
0.714, 0.5525077331542969, [(15 27 5)-(15 38 18)-(1 48 30)-(4 13 17)-(10 4 0)-(7 23 20)]
0.1378, 0.9694843536376954, [(10 13 30)-(9 48 24)-(11 18 14)-(2 56 30)-(3 43 0)-(8 40 28)]
0.714, 0.5525317321777343, [(11 30 16)-(2 63 7)-(2 9 2)-(15 41 11)-(13 16 5)-(13 41 12)]
0.714, 0.5525320434570312, [(1 0 6)-(7 6 4)-(9 46 17)-(5 24 11)-(10 26 29)-(3 42 17)]
0.11510000000000001, 0.0, [(8 2 30)-(10 42 0)-(6 56 5)-(9 24 10)-(8 51 9)-(15 13 5)]
0.09870000000000001, 0.9999281738281249, [(7 22 30)-(0 18 7)-(6 61 11)-(12 24 30)-(11 23 11)-(4 29 12)]
0.714, 0.55253173828125, [(3 33 0)-(14 22 14)-(8 29 5)-(14 49 21)-(15 60 14)-(9 37 18)]
0.11960000000000001, 0.0, [(5 49 0)-(12 30 20)-(8 4 30)-(11 11 22)-(14 12 6)-(5 31 21)]
0.714, 0.551066162109375, [(5 55 28)-(6 21 6)-(0 14 14)-(14 4 21)-(14 61 14)-(9 17 26)]
0.6693, 0.5316054702758789, [(13 20 4)-(1 9 26)-(5 50 9)-(15 35 24)-(13 8 5)-(12 60 6)]
0.7135, 0.552506314086914, [(12 52 15)-(1 36 28)-(4 50 14)-(5 13 10)-(7 61 3)-(2 10 22)]
0.7141, 0.552406430053711, [(11 17 15)-(0 30 30)-(14 52 12)-(2 57 15)-(13 36 27)-(11 29 27)]
0.7136, 0.5519900817871094, [(4 49 16)-(8 3 29)-(0 31 27)-(0 24 23)-(9 29 2)-(2 12 21)]
0.714, 0.5525317260742187, [(15 23 13)-(4 7 6)-(0 53 7)-(2 38 25)-(14 59 20)-(13 35 22)]
0.7147, 0.5525682952880859, [(3 38 18)-(14 25 25)-(8 26 12)-(11 15 22)-(1 3 9)-(14 28 17)]
0.7132000000000001, 0.5550594085693359, [(0 53 20)-(6 7 19)-(6 0 19)-(11 55 3)-(2 9 20)-(14 55 12)]
0.7135, 0.5525044891357422, [(2 31 5)-(0 1 18)-(15 32 8)-(11 57 18)-(12 56 0)-(13 11 20)]
0.714, 0.5525317230224609, [(5 32 14)-(8 51 19)-(13 7 0)-(15 44 28)-(4 53 10)-(0 36 21)]
0.7139, 0.5525577758789062, [(11 61 29)-(14 8 0)-(1 21 28)-(3 31 16)-(3 20 14)-(3 18 19)]
0.7139, 0.5523125854492188, [(6 14 19)-(0 42 15)-(14 25 15)-(15 18 29)-(15 5 13)-(6 11 21)]
0.714, 0.5525324371337891, [(7 35 25)-(3 13 16)-(8 47 17)-(13 7 11)-(10 52 15)-(14 55 13)]
0.714, 0.5525317291259766, [(3 63 28)-(15 41 18)-(1 45 6)-(8 35 11)-(4 34 4)-(12 24 11)]
0.714, 0.5525317169189452, [(7 24 2)-(11 32 10)-(3 5 5)-(9 32 1)-(9 51 15)-(0 4 8)]
0.714, 0.5525317291259766, [(1 58 14)-(15 28 5)-(0 37 6)-(4 19 11)-(7 28 29)-(3 59 30)]
0.714, 0.5525318572998047, [(10 51 30)-(7 16 11)-(11 33 16)-(13 15 7)-(3 34 30)-(2 36 27)]
0.714, 0.5525315948486328, [(14 1 28)-(6 57 14)-(2 62 1)-(11 21 15)-(9 18 29)-(7 57 13)]
0.714, 0.5525393096923827, [(9 45 18)-(5 29 16)-(13 48 27)-(4 18 19)-(6 29 20)-(3 37 16)]
0.7070000000000001, 0.5486682678222656, [(9 25 31)-(5 46 29)-(11 8 24)-(11 50 10)-(6 3 15)-(9 15 19)]
0.712, 0.5624859436035157, [(1 0 21)-(10 27 21)-(4 58 21)-(12 1 8)-(4 15 10)-(9 61 0)]
0.714, 0.5524647583007812, [(8 23 27)-(6 43 24)-(6 28 11)-(14 30 9)-(4 57 4)-(8 44 19)]
0.7135, 0.5525382568359376, [(1 37 18)-(12 13 29)-(0 18 22)-(2 58 7)-(10 59 2)-(3 55 11)]
0.714, 0.5525312347412109, [(10 29 29)-(5 34 13)-(14 43 6)-(15 35 7)-(8 45 17)-(0 19 13)]
0.714, 0.5525317108154297, [(11 60 15)-(2 32 6)-(7 31 24)-(13 62 29)-(15 55 14)-(0 26 9)]
0.6858, 0.5335616561889649, [(7 30 19)-(7 46 11)-(4 11 9)-(3 12 17)-(2 63 30)-(9 4 30)]
0.714, 0.5525310119628906, [(9 33 20)-(2 43 1)-(4 4 13)-(13 14 26)-(5 30 13)-(4 27 2)]
0.7139, 0.5525838623046875, [(0 54 24)-(13 61 10)-(3 12 22)-(14 36 16)-(13 38 18)-(0 42 4)]
0.7146, 0.5522691650390625, [(6 15 17)-(7 40 13)-(0 29 8)-(6 9 2)-(1 51 5)-(9 9 23)]
0.6051, 0.557465170288086, [(8 25 13)-(7 11 25)-(12 41 21)-(0 41 27)-(12 8 15)-(15 17 3)]
0.38349999999999995, 0.8050339385986328, [(12 18 2)-(4 59 10)-(5 43 21)-(1 3 27)-(2 13 28)-(13 17 17)]
0.7138, 0.5525210662841797, [(2 10 21)-(14 24 29)-(3 63 8)-(9 46 29)-(10 60 16)-(0 26 19)]
0.7139, 0.5527660339355469, [(14 25 22)-(4 40 31)-(4 42 3)-(5 1 6)-(12 51 27)-(2 28 20)]
0.714, 0.5525317016601563, [(3 50 24)-(12 15 0)-(0 47 30)-(15 3 27)-(12 3 8)-(15 36 12)]
0.714, 0.5525295043945313, [(6 62 4)-(14 34 31)-(14 25 9)-(12 52 17)-(3 60 8)-(6 27 13)]
0.7081, 0.5567230041503907, [(12 13 13)-(15 15 15)-(14 3 11)-(6 23 25)-(4 29 20)-(1 5 21)]
0.7133, 0.5526316619873047, [(7 59 31)-(13 2 29)-(12 63 28)-(6 12 0)-(1 17 13)-(0 22 23)]
0.7139, 0.5525334838867187, [(9 10 27)-(11 2 2)-(8 30 3)-(4 40 17)-(6 43 19)-(3 50 27)]
0.714, 0.5525317291259766, [(9 58 2)-(15 45 23)-(1 38 14)-(14 17 3)-(6 51 3)-(14 59 14)]
0.715, 0.5523087402343749, [(7 3 15)-(11 5 6)-(9 27 22)-(4 38 28)-(9 34 14)-(5 39 22)]
0.714, 0.5525317291259766, [(8 46 23)-(8 1 2)-(2 14 1)-(8 38 12)-(13 41 26)-(6 39 6)]
0.7001999999999999, 0.5450983795166016, [(4 60 3)-(10 26 25)-(10 12 11)-(6 25 1)-(10 1 17)-(1 9 12)]
0.7062999999999999, 0.5469676193237305, [(4 1 27)-(3 17 25)-(12 12 10)-(6 5 20)-(14 26 10)-(12 4 6)]
0.1073, 0.0, [(8 46 14)-(3 58 13)-(12 45 23)-(13 2 30)-(13 29 7)-(11 20 9)]
0.7139, 0.5526050537109375, [(4 26 18)-(1 49 19)-(12 50 5)-(11 33 25)-(11 27 12)-(14 27 31)]
0.714, 0.5525114532470703, [(12 24 8)-(7 24 6)-(9 52 6)-(0 14 6)-(8 3 18)-(9 59 8)]
0.714, 0.5525317169189453, [(3 9 7)-(10 44 11)-(1 28 4)-(9 6 3)-(9 7 2)-(10 44 14)]
0.714, 0.5525317352294922, [(9 55 30)-(15 9 25)-(3 50 29)-(10 49 10)-(15 55 16)-(14 32 13)]
0.714, 0.5525317153930664, [(8 6 7)-(2 31 30)-(7 3 0)-(6 63 16)-(6 28 3)-(7 42 24)]
0.6381, 0.4883313339233398, [(13 1 25)-(5 11 19)-(5 28 13)-(9 51 18)-(10 24 3)-(5 8 29)]
0.7066, 0.5501096832275391, [(8 4 19)-(7 32 10)-(12 20 23)-(14 11 21)-(8 44 21)-(1 21 31)]
0.7133, 0.5505980987548829, [(0 3 21)-(10 58 28)-(0 45 17)-(15 33 5)-(3 44 13)-(3 10 13)]
0.7139, 0.5525264343261719, [(5 60 4)-(12 39 26)-(2 25 2)-(9 3 18)-(7 34 17)-(4 38 9)]
0.714, 0.5525405151367188, [(11 57 6)-(7 24 20)-(8 34 15)-(4 28 11)-(10 56 4)-(7 2 12)]
0.7139, 0.552549609375, [(13 54 22)-(14 44 22)-(1 8 12)-(13 30 1)-(13 61 31)-(6 13 27)]
0.714, 0.552531869506836, [(14 24 13)-(12 4 10)-(5 57 13)-(15 10 6)-(6 34 6)-(5 12 2)]
0.714, 0.5525317260742187, [(0 62 7)-(9 41 14)-(8 40 2)-(14 59 31)-(9 38 28)-(10 16 6)]
0.714, 0.5525317169189452, [(13 14 9)-(6 57 5)-(10 60 14)-(8 35 8)-(7 56 29)-(11 35 14)]
0.714, 0.55252998046875, [(1 3 11)-(15 41 12)-(9 57 30)-(10 5 19)-(3 59 27)-(3 21 3)]
0.101, 0.0, [(10 45 26)-(10 54 21)-(0 25 28)-(5 62 12)-(7 9 30)-(5 58 23)]
0.7139, 0.55254599609375, [(13 39 27)-(6 42 4)-(13 47 12)-(15 10 21)-(6 29 3)-(6 21 17)]
0.7125, 0.5500041381835938, [(11 28 29)-(9 43 31)-(2 12 23)-(5 35 12)-(1 59 8)-(10 9 31)]
0.7135, 0.5527044158935547, [(14 39 7)-(5 63 5)-(7 25 19)-(0 23 20)-(10 58 2)-(13 26 12)]
0.7130000000000001, 0.5515896179199219, [(0 63 31)-(6 40 9)-(3 36 27)-(4 38 13)-(5 11 22)-(0 4 22)]
0.10969999999999999, 0.0, [(4 50 24)-(6 12 30)-(5 35 19)-(2 55 30)-(4 36 8)-(13 12 3)]
0.7090000000000001, 0.5482806518554687, [(8 4 25)-(2 9 16)-(5 44 4)-(0 45 4)-(5 61 1)-(8 47 13)]
0.714, 0.5524572631835938, [(5 45 18)-(10 42 22)-(3 22 3)-(14 14 20)-(9 30 3)-(9 24 23)]
0.0989, 0.44999999999999996, [(10 13 0)-(0 19 30)-(11 35 13)-(14 30 21)-(10 33 8)-(0 36 24)]
0.7136, 0.5524939239501954, [(4 54 24)-(5 7 13)-(15 5 9)-(9 19 21)-(3 60 16)-(14 8 8)]
0.7138, 0.5525873352050781, [(8 44 23)-(10 49 10)-(1 1 16)-(2 6 28)-(10 56 17)-(10 56 27)]
0.714, 0.5525317321777343, [(6 52 20)-(7 39 7)-(7 48 13)-(10 11 29)-(6 34 11)-(14 25 23)]
0.714, 0.5525317352294922, [(7 52 25)-(6 32 26)-(10 48 0)-(5 26 1)-(15 56 30)-(4 12 2)]
0.7119, 0.5522084442138673, [(1 51 1)-(13 62 2)-(5 54 16)-(1 8 23)-(9 28 22)-(4 27 4)]
0.7129, 0.5524759857177735, [(5 13 27)-(12 24 21)-(15 57 31)-(7 5 7)-(12 42 18)-(15 37 12)]
0.714, 0.5525317108154297, [(13 24 6)-(13 47 11)-(2 17 3)-(11 10 8)-(0 41 14)-(6 43 15)]
0.7121999999999999, 0.5523380737304687, [(13 14 26)-(4 51 10)-(10 7 31)-(13 27 6)-(13 56 23)-(15 45 27)]
0.6262000000000001, 0.5261045059204101, [(12 15 20)-(12 15 25)-(4 26 9)-(6 57 0)-(4 18 5)-(11 26 9)]
0.7118, 0.5499087982177735, [(15 29 27)-(13 14 24)-(0 22 26)-(3 15 0)-(14 1 28)-(9 29 13)]
0.714, 0.5525316894531249, [(8 4 4)-(9 23 11)-(6 28 2)-(14 61 6)-(10 55 24)-(1 42 28)]
0.7145, 0.5518389984130859, [(6 58 24)-(6 22 23)-(11 57 19)-(9 23 3)-(0 47 12)-(14 12 17)]
0.7116, 0.5521597076416016, [(7 8 5)-(10 21 0)-(0 15 10)-(11 24 16)-(4 14 24)-(1 26 19)]
0.7121999999999999, 0.5554681182861327, [(1 55 3)-(6 26 31)-(11 59 20)-(7 15 6)-(8 18 17)-(3 45 27)]
0.7145, 0.5532626861572265, [(11 55 3)-(5 10 17)-(11 2 20)-(8 20 6)-(3 4 1)-(5 24 1)]
0.714, 0.552531787109375, [(6 0 4)-(6 57 27)-(14 41 9)-(14 17 14)-(3 34 24)-(11 45 19)]
0.714, 0.5525317260742187, [(15 11 29)-(8 36 3)-(11 55 17)-(1 42 18)-(6 52 19)-(13 6 10)]
0.714, 0.5525317352294922, [(6 15 4)-(13 23 29)-(8 47 17)-(4 48 5)-(5 34 7)-(7 34 8)]
0.6959, 0.5431178039550781, [(12 48 20)-(7 33 3)-(1 13 25)-(4 1 31)-(11 24 7)-(15 42 12)]
0.7136, 0.5526829956054687, [(1 22 18)-(14 9 18)-(10 15 29)-(8 63 2)-(7 1 19)-(3 5 5)]
0.713, 0.5526299438476563, [(4 52 22)-(12 40 22)-(4 27 16)-(0 51 31)-(12 42 30)-(8 19 21)]
0.714, 0.552531982421875, [(1 27 13)-(14 63 28)-(12 17 10)-(8 61 9)-(9 32 20)-(5 50 25)]
0.7134, 0.5519538452148438, [(15 8 31)-(4 7 31)-(15 7 11)-(8 61 10)-(3 12 2)-(5 56 21)]
0.714, 0.552530776977539, [(2 33 15)-(1 36 24)-(8 24 15)-(9 8 10)-(4 62 8)-(7 60 20)]
0.113, 0.0, [(6 0 19)-(13 27 14)-(11 55 7)-(5 6 23)-(2 15 30)-(5 62 7)]
0.6286, 0.6011668548583984, [(6 50 2)-(15 42 27)-(9 0 29)-(7 5 28)-(12 32 28)-(0 21 2)]
0.7136, 0.5524937347412109, [(0 62 21)-(6 56 1)-(15 33 17)-(6 33 11)-(9 19 21)-(2 18 11)]
0.714, 0.5525316772460938, [(3 24 13)-(2 61 30)-(9 60 10)-(4 34 19)-(12 42 23)-(15 21 3)]
0.7135, 0.5517424255371094, [(13 6 0)-(11 35 7)-(8 51 14)-(10 39 2)-(5 29 11)-(5 8 23)]
0.6857, 0.5335607330322265, [(9 11 30)-(1 51 10)-(9 16 20)-(6 15 10)-(14 47 28)-(9 37 4)]
0.714, 0.5525317291259766, [(8 58 10)-(0 54 18)-(12 38 14)-(1 51 8)-(10 43 30)-(12 42 28)]
0.714, 0.5525314178466797, [(14 17 16)-(11 1 28)-(14 3 31)-(0 3 0)-(0 3 9)-(10 20 17)]
0.714, 0.5525317565917969, [(12 46 16)-(11 44 13)-(2 44 21)-(10 41 23)-(13 39 25)-(2 9 6)]
0.714, 0.55253173828125, [(4 23 13)-(10 47 19)-(9 49 24)-(1 58 26)-(11 53 23)-(14 3 3)]
0.7130000000000001, 0.5525774993896484, [(12 33 14)-(2 13 2)-(7 14 8)-(2 53 14)-(4 50 10)-(11 26 19)]
0.7137, 0.5525798522949219, [(13 50 28)-(0 15 21)-(2 25 0)-(7 28 18)-(4 11 18)-(3 60 13)]
0.714, 0.5525288726806641, [(4 50 5)-(6 5 19)-(2 42 6)-(0 29 7)-(9 34 18)-(8 7 4)]
0.714, 0.5525324645996095, [(15 50 28)-(0 33 20)-(15 0 9)-(3 61 15)-(2 59 26)-(14 52 7)]
0.714, 0.5525357788085937, [(12 38 22)-(4 27 12)-(9 32 20)-(4 0 10)-(13 41 13)-(6 9 10)]
0.7138, 0.5525810485839844, [(0 23 17)-(4 44 10)-(12 2 17)-(9 5 2)-(1 56 22)-(10 30 28)]
0.7070000000000001, 0.55363818359375, [(4 19 11)-(7 42 14)-(2 61 28)-(4 21 23)-(10 49 4)-(15 28 23)]
0.714, 0.5525317260742187, [(8 63 19)-(1 5 1)-(1 55 3)-(4 54 28)-(7 63 30)-(3 31 18)]
0.714, 0.5525316833496093, [(11 25 11)-(9 21 5)-(4 11 6)-(2 44 3)-(4 13 9)-(1 30 30)]
0.7137, 0.5525507751464844, [(11 18 9)-(4 12 8)-(12 7 18)-(4 15 7)-(13 11 14)-(2 15 12)]
0.714, 0.5525325088500976, [(4 45 20)-(12 42 23)-(12 20 13)-(9 0 9)-(7 6 11)-(13 4 19)]
0.714, 0.552532095336914, [(2 62 23)-(9 62 23)-(7 43 28)-(12 9 14)-(9 58 0)-(14 59 3)]
0.7146, 0.5517019134521484, [(11 24 8)-(7 4 12)-(11 15 26)-(4 22 9)-(13 26 17)-(2 45 0)]
0.7127, 0.5521287475585938, [(9 2 21)-(11 23 8)-(14 46 16)-(8 20 17)-(11 27 19)-(13 41 23)]
0.7123999999999999, 0.5504430786132812, [(15 59 26)-(1 35 17)-(2 45 8)-(11 13 20)-(3 13 26)-(4 3 8)]
0.6295, 0.5133329223632812, [(4 22 21)-(13 61 18)-(1 11 4)-(1 25 27)-(1 23 25)-(2 6 24)]
0.714, 0.5525317260742187, [(6 58 19)-(8 61 17)-(13 6 22)-(6 40 30)-(5 48 16)-(13 45 17)]
0.714, 0.5524055755615235, [(14 8 25)-(11 29 27)-(5 63 11)-(13 23 29)-(14 48 13)-(2 43 6)]
0.714, 0.5525317321777343, [(15 30 2)-(3 51 0)-(4 33 1)-(11 35 26)-(13 8 26)-(15 62 28)]
0.714, 0.5525327819824218, [(9 12 18)-(1 31 23)-(4 15 11)-(1 3 9)-(11 46 11)-(3 51 19)]
0.714, 0.5525318328857423, [(8 50 10)-(3 3 11)-(15 18 22)-(14 9 13)-(11 52 9)-(4 22 14)]
0.7136, 0.5525036682128905, [(2 3 20)-(10 37 4)-(8 52 12)-(9 63 4)-(14 28 1)-(15 34 14)]
0.712, 0.5504459991455077, [(0 45 8)-(14 30 25)-(4 24 29)-(7 18 1)-(7 27 12)-(8 1 22)]
0.6780999999999999, 0.5558508422851562, [(8 18 24)-(12 6 9)-(15 30 20)-(2 42 8)-(5 32 5)-(11 56 18)]
0.44930000000000003, 0.0, [(10 16 1)-(15 2 28)-(2 25 4)-(4 42 25)-(9 3 30)-(13 60 15)]
0.714, 0.5525327850341797, [(6 35 12)-(3 19 28)-(15 20 29)-(5 29 16)-(4 46 13)-(0 4 1)]
0.7141, 0.5514989257812499, [(3 46 13)-(15 3 17)-(2 10 26)-(3 41 13)-(12 38 31)-(11 14 12)]
0.714, 0.5525317443847657, [(12 56 6)-(9 30 9)-(2 9 5)-(14 7 4)-(12 54 20)-(15 9 2)]
0.714, 0.5525313079833984, [(15 37 23)-(4 38 29)-(9 2 12)-(10 2 9)-(13 31 30)-(2 29 14)]
0.714, 0.5525317321777343, [(1 1 1)-(5 31 30)-(9 40 31)-(13 22 20)-(8 57 1)-(9 3 0)]
0.714, 0.5525301818847657, [(2 15 13)-(15 44 14)-(12 52 27)-(3 60 15)-(11 23 11)-(15 4 26)]
0.7139, 0.5525325653076172, [(13 17 13)-(2 32 31)-(7 57 1)-(14 49 29)-(13 8 5)-(12 24 19)]
0.7129000000000001, 0.5499239471435546, [(10 13 19)-(4 8 31)-(13 36 8)-(14 22 5)-(12 8 18)-(13 6 26)]
0.714, 0.5525364410400391, [(0 7 1)-(0 53 29)-(6 60 0)-(8 19 16)-(0 15 8)-(2 45 27)]
0.714, 0.552526611328125, [(3 56 27)-(6 7 17)-(14 9 14)-(1 34 1)-(7 39 3)-(12 34 26)]
0.714, 0.55253173828125, [(9 18 28)-(6 23 2)-(7 58 9)-(4 40 6)-(7 31 30)-(4 61 22)]
0.714, 0.5525317199707032, [(0 58 4)-(9 31 0)-(13 49 15)-(11 45 11)-(10 30 7)-(0 44 25)]
0.714, 0.5525317321777343, [(14 63 9)-(4 48 29)-(2 6 0)-(7 30 3)-(11 49 2)-(3 51 4)]
0.7057, 0.5468975036621093, [(8 60 18)-(12 13 26)-(11 57 13)-(8 30 31)-(10 46 27)-(11 49 18)]
0.714, 0.5525362060546875, [(15 12 5)-(2 4 10)-(0 56 31)-(4 47 7)-(10 20 5)-(10 21 19)]
0.7116, 0.5552569458007812, [(7 19 11)-(2 45 27)-(15 24 29)-(8 52 30)-(13 29 16)-(4 15 24)]
0.7138, 0.5506167572021484, [(5 4 5)-(14 2 3)-(6 3 23)-(9 46 10)-(5 55 12)-(0 28 24)]
0.7046, 0.5459792236328125, [(7 23 25)-(9 5 10)-(6 51 7)-(6 8 1)-(15 22 15)-(8 15 23)]
0.7135, 0.552489437866211, [(14 19 17)-(6 51 23)-(8 37 29)-(3 4 20)-(12 62 19)-(2 10 20)]
0.714, 0.5525317474365234, [(8 53 13)-(3 45 7)-(14 8 5)-(13 43 6)-(0 37 26)-(13 3 0)]
0.10070000000000001, 0.44999999999999996, [(12 59 24)-(0 26 30)-(1 53 0)-(6 45 24)-(15 38 1)-(0 47 19)]
0.7103, 0.549399136352539, [(13 4 4)-(7 59 7)-(4 5 31)-(12 9 22)-(5 9 0)-(2 34 19)]
0.7142999999999999, 0.5507539947509765, [(3 24 17)-(4 25 26)-(14 49 25)-(11 35 22)-(10 5 1)-(6 45 31)]
0.7132000000000001, 0.5492805603027344, [(11 41 24)-(5 49 28)-(6 42 12)-(4 19 31)-(2 7 17)-(12 25 16)]
0.11430000000000001, 0.9984305145263672, [(3 13 23)-(11 21 24)-(12 24 30)-(11 48 20)-(1 55 18)-(13 62 3)]
0.714, 0.5525315002441407, [(1 57 19)-(10 15 13)-(4 32 23)-(7 50 31)-(14 60 29)-(1 28 13)]
0.714, 0.5525317474365234, [(14 60 18)-(7 2 9)-(8 4 8)-(6 41 25)-(2 31 14)-(14 62 30)]
0.714, 0.552531689453125, [(10 23 28)-(4 61 10)-(11 30 23)-(0 52 3)-(14 62 13)-(6 5 12)]
0.714, 0.5525317260742187, [(13 24 7)-(9 59 5)-(14 17 11)-(12 21 4)-(4 19 2)-(3 59 1)]
0.7085, 0.5465826171874999, [(6 29 26)-(10 4 22)-(4 12 18)-(2 24 1)-(12 55 2)-(3 43 11)]
0.714, 0.5525317230224609, [(7 46 18)-(15 37 1)-(0 8 28)-(14 58 24)-(7 31 27)-(6 39 11)]
0.708, 0.5466231811523438, [(3 16 24)-(0 54 2)-(5 23 13)-(7 41 10)-(3 13 21)-(9 30 8)]
0.6867000000000001, 0.5420615051269531, [(7 54 22)-(6 56 17)-(3 37 3)-(0 50 31)-(8 16 24)-(10 22 26)]
0.714, 0.5525253936767578, [(9 35 6)-(14 3 30)-(15 30 15)-(3 11 8)-(4 59 28)-(4 3 17)]
0.6953, 0.5357062789916993, [(12 26 26)-(11 1 22)-(13 18 30)-(0 38 30)-(14 62 21)-(8 41 13)]
0.714, 0.5525317199707032, [(6 27 5)-(6 45 17)-(5 47 15)-(14 43 26)-(11 63 20)-(9 38 2)]
0.7117, 0.5548042053222657, [(7 19 11)-(5 19 20)-(0 17 23)-(9 55 24)-(7 20 7)-(7 51 28)]
0.1016, 0.0, [(6 54 11)-(2 9 25)-(6 2 15)-(2 0 16)-(5 48 14)-(6 22 30)]
0.714, 0.5525319549560547, [(14 44 25)-(6 33 28)-(13 62 21)-(8 26 14)-(0 50 26)-(0 4 3)]
0.714, 0.5525081512451172, [(14 52 15)-(6 42 22)-(13 28 23)-(8 56 16)-(0 18 20)-(1 57 17)]
0.714, 0.552535546875, [(2 54 0)-(2 7 0)-(7 11 15)-(11 43 29)-(10 15 1)-(14 10 16)]
0.714, 0.5525315948486329, [(2 59 29)-(7 35 21)-(9 24 14)-(0 47 9)-(15 58 6)-(10 49 12)]
0.6983999999999999, 0.5363723144531249, [(8 41 15)-(9 12 4)-(8 54 0)-(14 49 29)-(8 1 23)-(1 39 20)]
0.714, 0.5525318939208984, [(12 30 16)-(2 36 8)-(12 22 14)-(3 54 20)-(1 60 22)-(1 39 1)]
0.7136, 0.5511076965332031, [(7 21 22)-(10 52 9)-(7 58 5)-(4 7 24)-(6 9 6)-(0 57 29)]
0.7136, 0.5548495178222657, [(8 29 18)-(2 14 22)-(3 52 1)-(5 29 12)-(0 50 17)-(9 25 5)]
0.7132000000000001, 0.5528357208251953, [(5 21 15)-(6 14 20)-(10 33 24)-(13 13 13)-(6 52 8)-(11 19 0)]
0.714, 0.5525317077636719, [(12 2 1)-(13 32 4)-(2 55 24)-(7 8 9)-(3 52 12)-(15 30 30)]
0.714, 0.5525317321777343, [(14 40 26)-(1 34 19)-(15 28 6)-(11 59 26)-(9 39 22)-(6 56 16)]
0.7133, 0.5543900512695312, [(14 39 29)-(14 2 22)-(11 60 22)-(9 6 8)-(9 39 15)-(7 22 22)]
0.7128, 0.5534324615478516, [(15 22 25)-(15 5 4)-(8 16 12)-(1 14 28)-(13 14 5)-(2 32 17)]
0.7132000000000001, 0.5523288208007813, [(15 35 18)-(4 45 17)-(13 35 16)-(12 57 16)-(7 8 23)-(3 11 7)]
0.7110000000000001, 0.543366438293457, [(12 0 6)-(1 30 2)-(6 38 17)-(6 9 26)-(0 41 19)-(0 59 8)]
0.632, 0.5897982452392578, [(6 16 21)-(11 19 11)-(5 6 26)-(14 18 0)-(15 25 30)-(12 44 21)]
0.7123999999999999, 0.5519967498779297, [(6 17 18)-(8 44 17)-(7 33 18)-(7 56 7)-(9 45 10)-(12 5 23)]
0.714, 0.5525317321777343, [(1 46 30)-(1 43 4)-(12 37 4)-(3 9 3)-(6 34 11)-(10 62 29)]
0.714, 0.5525316619873046, [(15 17 14)-(4 60 26)-(2 22 10)-(6 43 7)-(11 55 14)-(14 15 5)]
0.6214999999999999, 0.5202091156005859, [(13 29 1)-(8 7 25)-(3 12 31)-(0 1 24)-(12 27 21)-(10 56 0)]
0.7139, 0.5525580017089844, [(1 30 9)-(2 29 13)-(4 55 29)-(3 18 19)-(14 52 29)-(14 60 27)]
0.7091000000000001, 0.5482565704345703, [(13 35 28)-(9 58 22)-(8 4 25)-(2 38 10)-(15 39 7)-(7 54 2)]
0.7135, 0.5525962127685546, [(1 60 12)-(6 33 10)-(11 5 20)-(4 35 24)-(3 62 27)-(5 42 25)]
0.7135, 0.5524360168457031, [(3 10 14)-(1 15 27)-(11 61 4)-(5 51 2)-(5 23 17)-(12 26 27)]
0.714, 0.5525320251464844, [(7 54 1)-(7 10 11)-(3 56 6)-(4 38 10)-(0 16 12)-(5 0 6)]
0.7058, 0.5589563171386719, [(4 62 13)-(12 15 23)-(7 2 18)-(10 8 4)-(0 36 19)-(2 22 26)]
0.7111000000000001, 0.5443420196533204, [(4 9 10)-(4 0 2)-(15 7 13)-(3 41 4)-(10 16 25)-(14 9 3)]
0.714, 0.5525317260742187, [(3 55 25)-(11 30 29)-(14 4 4)-(10 33 8)-(14 9 20)-(10 24 10)]
0.24080000000000001, 0.0, [(10 9 24)-(10 11 2)-(2 19 11)-(5 14 30)-(9 34 13)-(3 50 31)]
0.7098, 0.5555025482177735, [(11 42 0)-(3 21 29)-(8 18 23)-(2 27 19)-(1 35 4)-(14 31 3)]
0.7154, 0.5510437194824219, [(11 16 31)-(13 59 10)-(7 40 18)-(5 41 24)-(12 42 9)-(7 17 27)]
0.714, 0.5525319458007812, [(5 60 18)-(4 30 8)-(0 9 11)-(9 55 22)-(6 41 9)-(14 15 12)]
0.7139, 0.552539437866211, [(1 15 0)-(9 30 11)-(10 45 4)-(11 8 18)-(10 50 9)-(1 36 19)]
0.714, 0.5525326232910157, [(11 2 3)-(13 56 17)-(15 58 27)-(10 8 15)-(3 44 2)-(4 14 14)]
0.6375, 0.5153237487792969, [(0 6 14)-(4 10 11)-(1 27 16)-(12 2 26)-(8 56 22)-(12 42 3)]
0.714, 0.5525262573242187, [(13 61 2)-(2 6 14)-(8 31 21)-(3 48 9)-(5 6 12)-(11 59 3)]
0.714, 0.5525317260742187, [(2 37 18)-(14 30 16)-(11 38 24)-(2 43 15)-(3 60 2)-(1 47 10)]
0.714, 0.5525317413330078, [(6 43 14)-(6 54 3)-(3 6 1)-(1 55 25)-(3 37 23)-(12 40 10)]
0.714, 0.5525317779541016, [(3 46 2)-(14 31 3)-(8 23 9)-(8 13 6)-(1 36 16)-(0 59 16)]
0.714, 0.5526408630371094, [(1 51 28)-(12 13 14)-(12 7 20)-(14 17 0)-(2 27 7)-(3 25 7)]
0.714, 0.5525288787841798, [(5 48 8)-(7 15 17)-(10 20 14)-(14 40 15)-(13 43 25)-(1 42 17)]
0.6706, 0.5864496154785157, [(7 61 8)-(10 3 29)-(13 42 2)-(5 28 29)-(9 20 8)-(5 42 24)]
0.7138, 0.5526032562255859, [(1 10 17)-(4 13 10)-(15 33 9)-(7 42 20)-(9 14 27)-(15 53 16)]
0.714, 0.5525317260742187, [(11 33 26)-(8 59 1)-(0 12 0)-(8 33 17)-(2 45 8)-(2 55 10)]
0.7131, 0.5535210174560546, [(1 32 23)-(6 8 27)-(15 33 8)-(8 29 11)-(5 25 9)-(15 41 8)]
0.7139, 0.5525893432617187, [(3 62 5)-(14 61 16)-(10 13 11)-(10 8 20)-(11 62 30)-(15 5 14)]
0.714, 0.5525317321777343, [(2 40 27)-(15 55 24)-(1 60 8)-(11 52 31)-(8 30 4)-(6 42 31)]
0.7135, 0.553787954711914, [(7 41 9)-(7 32 27)-(7 19 23)-(10 28 29)-(6 17 22)-(3 5 9)]
0.6820999999999999, 0.5488784393310547, [(13 58 31)-(7 20 7)-(7 53 9)-(8 50 15)-(8 7 24)-(10 62 7)]
0.7142999999999999, 0.5525255493164063, [(9 52 31)-(2 23 27)-(8 60 2)-(12 30 7)-(1 47 29)-(11 29 6)]
0.714, 0.5534299133300782, [(1 2 27)-(15 33 31)-(6 46 27)-(10 4 28)-(11 15 24)-(13 42 11)]
0.7141, 0.5514178405761718, [(0 62 14)-(6 32 3)-(6 31 4)-(13 27 28)-(1 4 23)-(3 53 30)]
0.7103999999999999, 0.5551252197265625, [(3 4 10)-(11 47 24)-(1 3 22)-(2 5 27)-(5 16 23)-(13 6 22)]
0.714, 0.5525304016113282, [(13 4 11)-(14 12 0)-(7 6 15)-(1 45 16)-(13 19 25)-(12 24 18)]
0.714, 0.5525377288818359, [(3 20 15)-(14 24 10)-(15 30 31)-(5 40 16)-(2 33 0)-(10 7 19)]
0.6174, 0.5134565551757813, [(1 33 17)-(13 49 2)-(12 4 20)-(14 2 25)-(2 17 22)-(14 31 26)]
0.6872, 0.5847645355224609, [(7 30 25)-(7 21 16)-(5 60 29)-(0 59 24)-(2 61 20)-(0 0 23)]
0.714, 0.5525319366455078, [(11 31 24)-(8 6 5)-(6 13 11)-(5 23 13)-(0 43 25)-(6 62 3)]
0.714, 0.5525320343017579, [(3 56 4)-(0 33 25)-(12 53 16)-(11 23 3)-(7 24 15)-(5 62 12)]
0.714, 0.5525317291259766, [(9 21 3)-(11 46 4)-(14 54 27)-(1 26 5)-(8 47 12)-(1 63 17)]
0.7134, 0.5526074310302735, [(11 8 22)-(11 15 27)-(4 20 13)-(14 7 5)-(14 9 26)-(15 48 28)]
0.2933, 0.0, [(6 1 22)-(2 20 30)-(3 39 8)-(8 43 14)-(12 40 1)-(15 61 3)]
0.714, 0.5525317535400391, [(1 3 3)-(2 43 15)-(7 21 9)-(5 6 6)-(8 39 16)-(10 63 25)]
0.47050000000000003, 0.45048090209960934, [(14 28 21)-(13 16 16)-(10 58 29)-(7 11 6)-(8 57 20)-(3 2 24)]
0.714, 0.5525317260742187, [(2 32 1)-(3 60 12)-(14 56 29)-(2 54 17)-(3 58 26)-(15 21 25)]
0.714, 0.5525317291259766, [(6 44 14)-(2 41 0)-(2 50 6)-(6 41 9)-(8 33 17)-(14 56 29)]
0.7141, 0.5523253356933594, [(8 13 10)-(7 25 10)-(12 14 15)-(8 15 21)-(11 58 7)-(15 49 28)]
0.714, 0.5525317443847656, [(3 40 10)-(15 48 4)-(5 54 11)-(11 47 18)-(8 7 5)-(3 45 12)]
0.714, 0.5525317291259766, [(12 31 20)-(5 53 16)-(7 34 5)-(4 48 16)-(13 10 5)-(9 25 4)]
0.7137, 0.5525364013671874, [(10 23 7)-(14 44 11)-(6 51 9)-(0 17 3)-(9 46 9)-(3 29 21)]
0.714, 0.5525321197509765, [(4 41 16)-(3 48 25)-(2 41 28)-(5 29 1)-(2 59 19)-(10 26 14)]
0.714, 0.5525317321777343, [(13 62 16)-(15 46 23)-(10 25 5)-(3 32 13)-(4 44 12)-(15 24 25)]
0.714, 0.5525317321777343, [(13 54 5)-(0 37 17)-(6 57 20)-(3 35 14)-(7 32 4)-(15 43 20)]
0.714, 0.5525318481445312, [(7 62 30)-(4 27 5)-(3 46 7)-(15 46 1)-(2 43 22)-(7 26 11)]
0.7139, 0.5525207885742187, [(10 44 5)-(15 9 29)-(7 38 23)-(9 9 19)-(3 16 12)-(15 62 8)]
0.714, 0.5525319702148437, [(15 13 13)-(1 20 29)-(8 25 12)-(10 6 0)-(15 19 27)-(12 62 0)]
0.714, 0.5525317291259766, [(0 45 26)-(8 7 2)-(2 36 30)-(2 34 12)-(15 10 22)-(10 56 13)]
0.714, 0.5525428619384766, [(1 6 17)-(5 32 26)-(12 21 0)-(14 32 19)-(3 32 1)-(13 49 18)]
0.714, 0.5525317398071289, [(3 40 27)-(11 31 23)-(4 62 29)-(14 32 3)-(4 45 23)-(11 41 31)]
0.714, 0.5525314117431641, [(11 15 11)-(13 13 3)-(9 59 3)-(6 46 4)-(8 8 13)-(4 37 31)]
0.7139, 0.5525380859375, [(9 57 23)-(7 35 17)-(14 18 18)-(10 15 20)-(7 52 22)-(15 37 20)]
0.7132000000000001, 0.5530018218994142, [(2 38 9)-(5 20 29)-(0 31 15)-(7 29 23)-(8 57 3)-(4 34 22)]
0.714, 0.5525317230224609, [(15 34 27)-(11 0 2)-(4 30 0)-(12 33 28)-(5 47 15)-(8 57 12)]
0.714, 0.5525317260742187, [(8 38 11)-(3 39 22)-(13 27 31)-(13 44 11)-(3 55 14)-(15 53 25)]
0.7139, 0.55253125, [(12 30 25)-(10 24 21)-(1 19 0)-(13 15 8)-(2 36 6)-(14 37 1)]
0.714, 0.5525317230224609, [(14 19 4)-(2 9 1)-(6 61 8)-(14 3 14)-(12 13 28)-(7 30 0)]
0.7081, 0.5463043472290039, [(3 12 24)-(2 29 25)-(14 42 16)-(13 8 4)-(12 55 26)-(1 56 12)]
0.714, 0.5525322509765624, [(7 34 0)-(6 36 21)-(5 22 15)-(8 54 16)-(4 56 2)-(7 41 18)]
0.7138, 0.5535489196777343, [(0 23 28)-(1 51 1)-(5 10 5)-(1 28 1)-(4 2 20)-(15 4 4)]
0.7110000000000001, 0.5548613464355469, [(14 6 24)-(3 19 20)-(2 6 12)-(14 26 16)-(9 6 26)-(3 31 15)]
0.714, 0.5525317199707032, [(14 43 27)-(14 44 6)-(1 49 30)-(13 24 24)-(15 26 18)-(0 43 0)]
0.7146, 0.5523043670654297, [(8 34 4)-(15 52 11)-(8 35 26)-(4 61 10)-(15 19 0)-(1 16 23)]
0.7082999999999999, 0.5573359619140625, [(14 6 16)-(6 21 24)-(14 2 23)-(1 36 2)-(15 7 3)-(7 60 12)]
0.714, 0.5525317260742187, [(3 34 18)-(6 33 9)-(8 40 26)-(3 45 30)-(3 43 25)-(14 24 18)]
0.7144, 0.5524956268310547, [(4 57 3)-(8 30 1)-(10 57 11)-(14 45 20)-(12 18 23)-(2 7 29)]
0.47609999999999997, 0.5219735565185546, [(2 26 20)-(11 39 30)-(10 2 25)-(12 11 1)-(8 63 12)-(0 22 26)]
0.0998, 0.0, [(12 44 5)-(5 14 26)-(9 5 11)-(12 3 30)-(3 8 29)-(6 22 9)]
0.7124, 0.5519984008789063, [(5 20 22)-(3 1 13)-(1 35 19)-(15 55 17)-(1 28 21)-(6 63 18)]
0.714, 0.5524826843261719, [(6 5 22)-(3 21 13)-(7 7 1)-(4 21 3)-(13 62 26)-(6 42 9)]
0.7129, 0.5526761657714844, [(11 12 21)-(13 57 2)-(0 46 12)-(14 30 29)-(14 49 18)-(15 30 14)]
0.714, 0.5525330139160156, [(9 52 28)-(6 47 24)-(3 42 24)-(15 1 13)-(14 2 8)-(14 34 28)]
0.7138, 0.5529134307861328, [(4 11 0)-(8 25 19)-(2 41 27)-(13 18 15)-(10 20 27)-(7 45 12)]
0.714, 0.5525332763671875, [(0 62 2)-(4 55 13)-(9 40 29)-(4 63 13)-(14 16 17)-(5 15 15)]
0.7143999999999999, 0.5530795745849609, [(10 21 12)-(7 4 2)-(7 21 2)-(4 5 11)-(5 47 30)-(6 9 23)]
0.6491, 0.5505649169921876, [(6 22 5)-(7 5 7)-(9 57 11)-(8 20 25)-(8 1 10)-(6 23 15)]
0.6676, 0.5453777069091796, [(4 7 14)-(3 29 26)-(11 14 18)-(8 46 14)-(0 49 31)-(11 16 26)]
0.714, 0.552503303527832, [(4 31 6)-(12 62 24)-(10 13 20)-(1 52 16)-(9 29 3)-(8 10 19)]
0.7139, 0.5525291229248047, [(1 50 6)-(6 60 23)-(11 25 21)-(12 25 5)-(7 7 20)-(7 61 17)]
0.714, 0.5525317352294922, [(6 58 28)-(5 41 18)-(0 61 15)-(13 4 26)-(14 34 16)-(13 35 0)]
0.714, 0.5525317260742187, [(11 52 2)-(3 11 3)-(14 39 14)-(12 6 5)-(8 47 5)-(7 7 5)]
0.7138, 0.5525544067382813, [(1 62 23)-(11 40 17)-(10 34 17)-(11 10 15)-(11 17 19)-(13 63 27)]
0.714, 0.5525317230224609, [(8 44 11)-(13 7 10)-(2 51 10)-(2 18 5)-(14 32 1)-(0 6 0)]
0.40759999999999996, 0.6675736358642578, [(9 40 11)-(2 58 23)-(4 0 28)-(7 61 18)-(0 60 5)-(12 3 25)]
0.714, 0.5525363372802734, [(14 0 12)-(2 37 13)-(5 59 8)-(6 60 24)-(6 54 29)-(5 60 25)]
0.714, 0.5526669891357422, [(1 31 8)-(5 56 20)-(10 58 5)-(4 41 24)-(15 50 11)-(5 6 19)]
0.7122999999999999, 0.5540312164306641, [(4 53 2)-(6 15 6)-(13 41 16)-(8 47 27)-(4 18 24)-(0 10 24)]
0.714, 0.5525317199707032, [(12 47 24)-(6 53 22)-(10 10 6)-(13 32 28)-(9 41 0)-(12 35 24)]
0.714, 0.5525312469482422, [(7 41 17)-(6 34 22)-(2 45 24)-(10 24 19)-(9 22 14)-(2 61 29)]
0.714, 0.5524568115234375, [(7 7 0)-(2 20 28)-(14 47 26)-(6 27 18)-(9 22 5)-(8 51 6)]
0.714, 0.5525341125488281, [(5 30 22)-(8 27 11)-(12 21 14)-(10 7 15)-(12 19 12)-(2 50 8)]
0.712, 0.5496251586914063, [(5 8 3)-(0 27 12)-(3 1 19)-(4 11 31)-(13 49 23)-(3 12 9)]
0.7002, 0.5421372772216797, [(2 31 31)-(10 24 9)-(3 3 26)-(6 32 26)-(1 5 18)-(0 42 10)]
0.7139, 0.5525415313720703, [(4 45 27)-(12 30 17)-(1 41 0)-(7 63 25)-(15 60 12)-(12 12 22)]
0.7145999999999999, 0.5527831176757811, [(1 22 3)-(12 3 4)-(5 58 21)-(2 17 20)-(11 56 3)-(6 12 8)]
0.714, 0.5525317291259766, [(12 52 13)-(1 12 1)-(13 52 26)-(8 53 24)-(12 42 24)-(9 57 30)]
0.0998, 0.0, [(10 15 4)-(11 62 1)-(9 20 22)-(12 3 30)-(0 20 5)-(13 34 9)]
0.714, 0.5525317230224609, [(1 42 11)-(2 39 20)-(15 10 22)-(15 14 13)-(13 5 20)-(0 62 24)]
0.6791, 0.569035528564453, [(8 33 18)-(1 10 23)-(2 19 26)-(10 28 22)-(3 8 17)-(4 14 13)]
0.714, 0.5525317230224609, [(12 40 31)-(1 61 28)-(11 47 26)-(7 38 13)-(2 51 15)-(15 6 11)]
0.7121, 0.5496169998168945, [(15 35 31)-(4 19 20)-(7 59 13)-(14 7 2)-(7 29 31)-(9 61 18)]
0.713, 0.5520131317138672, [(14 4 28)-(0 27 20)-(15 36 7)-(4 56 15)-(15 36 23)-(8 29 24)]
0.7053, 0.5562563690185547, [(5 33 1)-(7 20 11)-(12 6 31)-(4 25 24)-(10 6 28)-(14 10 12)]
0.7139, 0.5525415069580077, [(15 62 14)-(15 59 5)-(12 51 24)-(8 61 20)-(12 12 22)-(6 23 3)]
0.7139, 0.5525492614746094, [(5 52 30)-(0 40 31)-(8 5 18)-(13 55 9)-(12 54 18)-(13 33 11)]
0.5522, 0.6670073547363282, [(10 38 1)-(0 7 14)-(7 46 5)-(6 15 9)-(0 3 28)-(2 44 9)]
0.714, 0.5525317260742187, [(0 3 2)-(12 5 6)-(9 36 30)-(5 18 3)-(15 50 28)-(0 29 28)]
0.1778, 0.9566536102294922, [(5 62 27)-(10 10 30)-(10 28 9)-(13 45 4)-(13 0 8)-(3 40 0)]
0.7134, 0.5525737426757813, [(15 48 18)-(13 32 26)-(5 24 22)-(3 35 25)-(2 50 28)-(11 34 4)]
0.714, 0.5525317291259766, [(8 52 13)-(6 58 25)-(5 35 18)-(10 61 2)-(4 34 8)-(2 30 14)]
0.714, 0.5528714263916015, [(0 15 17)-(15 0 18)-(9 39 30)-(2 44 6)-(5 17 28)-(2 9 10)]
0.714, 0.5525319091796874, [(0 7 28)-(3 12 17)-(0 58 8)-(12 46 17)-(0 32 10)-(13 54 12)]
0.714, 0.5525255859375, [(14 38 2)-(3 20 2)-(11 32 27)-(13 27 11)-(8 22 18)-(11 38 0)]
0.7142999999999999, 0.5520987274169922, [(2 55 16)-(5 21 22)-(4 8 12)-(14 35 10)-(8 4 10)-(9 9 0)]
0.7141, 0.5525990112304687, [(13 15 15)-(3 3 17)-(14 27 31)-(0 30 7)-(1 11 20)-(3 58 1)]
0.7136, 0.5523351623535155, [(6 10 3)-(3 16 20)-(12 32 3)-(5 41 1)-(5 16 27)-(9 56 14)]
0.7139, 0.5527834197998047, [(13 11 1)-(2 43 28)-(14 62 19)-(7 42 13)-(7 12 23)-(2 6 7)]
0.714, 0.5525325073242188, [(12 55 13)-(3 3 15)-(9 23 1)-(14 41 25)-(6 49 25)-(10 25 9)]
0.7135, 0.5527293304443359, [(9 26 21)-(10 3 18)-(3 41 9)-(0 62 27)-(5 20 19)-(1 49 1)]
0.714, 0.552531768798828, [(1 25 13)-(6 32 17)-(5 61 29)-(11 27 5)-(8 47 10)-(14 46 6)]
0.712, 0.551729898071289, [(2 10 18)-(5 5 31)-(10 26 20)-(9 44 4)-(8 29 0)-(8 4 7)]
0.7135, 0.5525343536376953, [(5 7 21)-(4 13 1)-(2 62 19)-(5 28 17)-(2 51 11)-(8 9 12)]
0.714, 0.5525317169189453, [(14 18 28)-(11 43 28)-(0 7 29)-(15 24 28)-(13 17 12)-(7 41 25)]
0.0998, 0.0, [(7 18 22)-(12 3 30)-(3 38 1)-(11 42 16)-(0 49 26)-(7 53 1)]
0.714, 0.5525317291259766, [(11 50 29)-(5 59 24)-(10 44 12)-(4 49 12)-(7 27 2)-(4 8 0)]
0.7132000000000001, 0.5528138244628906, [(5 55 26)-(14 3 5)-(5 28 22)-(5 29 23)-(6 3 2)-(5 60 27)]
0.714, 0.5525317291259766, [(7 3 9)-(0 40 7)-(15 15 24)-(8 60 12)-(15 12 24)-(0 19 0)]
0.7139, 0.5520010528564453, [(5 20 0)-(11 43 18)-(3 0 14)-(6 53 18)-(4 48 14)-(8 10 23)]
0.714, 0.5525317260742187, [(14 51 23)-(9 37 8)-(13 15 6)-(4 46 27)-(10 28 3)-(3 60 20)]
0.714, 0.5525317230224609, [(9 60 30)-(0 55 13)-(14 16 5)-(14 44 30)-(7 55 0)-(12 27 0)]
0.714, 0.552531982421875, [(15 52 26)-(1 56 19)-(3 52 10)-(5 47 1)-(9 0 6)-(3 12 14)]
0.7132000000000001, 0.5519082824707031, [(10 2 27)-(2 22 18)-(5 1 3)-(3 31 3)-(4 56 24)-(11 10 1)]
0.714, 0.5525319763183594, [(4 11 14)-(0 42 21)-(7 52 29)-(4 30 16)-(6 53 16)-(1 30 10)]
0.7121999999999999, 0.5538695770263672, [(6 14 22)-(3 51 24)-(8 4 2)-(14 20 15)-(12 21 1)-(2 27 0)]
0.714, 0.5525316467285156, [(14 9 11)-(10 55 3)-(1 43 26)-(10 16 11)-(15 22 11)-(10 30 22)]
0.714, 0.5525317108154297, [(8 51 31)-(3 4 6)-(10 47 19)-(6 18 10)-(0 40 20)-(9 45 7)]
0.714, 0.5525468200683594, [(14 6 13)-(13 0 13)-(7 54 13)-(14 55 26)-(2 5 0)-(10 2 4)]
0.7117, 0.5484169097900391, [(2 27 2)-(6 27 0)-(10 20 26)-(3 14 2)-(10 43 13)-(13 7 11)]
0.5626, 0.5811482604980469, [(12 15 14)-(5 23 8)-(8 0 24)-(2 31 3)-(4 23 14)-(15 10 8)]
0.7137, 0.5530962738037108, [(4 55 28)-(11 0 18)-(4 63 22)-(3 17 2)-(6 39 2)-(11 36 25)]
0.7132000000000001, 0.5541123275756836, [(10 34 16)-(10 8 19)-(12 27 9)-(2 27 21)-(4 22 29)-(11 34 13)]
0.714, 0.5525337493896485, [(0 22 17)-(6 51 12)-(4 22 14)-(4 26 6)-(4 10 7)-(15 19 9)]
0.7115, 0.5506818481445312, [(0 38 0)-(4 7 25)-(9 33 25)-(2 63 11)-(0 42 2)-(8 31 17)]
0.7138, 0.5525336364746094, [(12 10 21)-(5 51 21)-(14 22 9)-(4 45 20)-(14 60 8)-(0 27 10)]
0.7135, 0.5525764434814453, [(12 32 29)-(9 29 17)-(11 16 21)-(0 54 0)-(13 16 14)-(14 31 23)]
0.7091000000000001, 0.5474702575683594, [(15 12 28)-(2 59 23)-(3 62 28)-(6 8 26)-(4 37 20)-(10 61 1)]
0.714, 0.552531771850586, [(6 42 15)-(8 53 16)-(1 61 19)-(1 63 3)-(5 54 21)-(0 29 11)]
0.7144, 0.5519865051269531, [(7 7 26)-(7 6 1)-(6 46 9)-(9 47 14)-(5 39 31)-(11 58 17)]
0.714, 0.5525317291259766, [(7 43 26)-(14 63 28)-(1 39 12)-(14 23 31)-(15 2 6)-(5 55 23)]
0.714, 0.5525347015380859, [(0 37 12)-(13 38 7)-(8 0 10)-(6 55 19)-(2 49 16)-(0 51 20)]
0.138, 0.9694454193115234, [(7 41 7)-(3 14 19)-(4 23 31)-(10 13 30)-(0 29 4)-(1 35 20)]
0.7012, 0.5430497039794921, [(8 58 19)-(9 2 23)-(15 36 14)-(1 60 29)-(1 27 0)-(3 38 1)]
0.714, 0.5525317626953126, [(8 28 8)-(3 5 6)-(12 24 0)-(0 29 0)-(3 36 17)-(5 35 23)]
0.714, 0.5525316131591798, [(7 59 30)-(13 51 18)-(15 23 3)-(11 15 2)-(13 28 24)-(3 22 13)]
0.714, 0.5525317199707032, [(13 51 15)-(4 43 9)-(6 32 12)-(6 44 8)-(0 38 15)-(13 55 5)]
0.7139, 0.5525475769042969, [(7 1 16)-(3 27 3)-(10 59 31)-(9 24 8)-(13 10 27)-(6 29 18)]
0.7129, 0.5533424530029296, [(5 51 15)-(1 38 7)-(14 11 11)-(1 58 7)-(7 29 24)-(7 32 4)]
0.7139, 0.5512809539794922, [(2 52 27)-(7 56 24)-(7 41 17)-(12 15 19)-(7 27 24)-(12 57 3)]
0.714, 0.5525294464111328, [(2 25 4)-(8 15 15)-(15 3 21)-(9 6 0)-(0 19 9)-(4 41 0)]
0.7146999999999999, 0.5526692626953125, [(3 20 15)-(12 27 7)-(5 63 4)-(15 49 8)-(5 27 18)-(1 63 23)]
0.7132000000000001, 0.5527994140625, [(8 31 5)-(14 20 0)-(15 59 1)-(5 15 22)-(0 26 5)-(9 47 1)]
0.713, 0.5524708282470703, [(0 5 24)-(13 15 23)-(1 52 1)-(5 11 17)-(3 21 10)-(3 42 25)]
0.7138, 0.5525151641845703, [(1 44 19)-(4 35 21)-(2 43 16)-(5 28 9)-(5 21 18)-(7 9 14)]
0.7078, 0.5383936065673829, [(2 6 24)-(9 35 12)-(6 32 29)-(10 40 1)-(2 45 14)-(13 31 24)]
0.714, 0.5525504821777343, [(14 18 31)-(14 18 9)-(2 44 22)-(6 6 28)-(12 36 13)-(6 14 16)]
0.7141, 0.5525500671386718, [(4 18 11)-(7 25 0)-(12 14 5)-(1 17 16)-(7 7 7)-(11 26 5)]
0.0999, 0.0, [(7 31 1)-(12 32 12)-(11 30 14)-(5 19 30)-(0 57 26)-(10 63 19)]
0.7144, 0.5525737304687499, [(0 14 11)-(11 11 0)-(2 43 5)-(10 13 27)-(9 56 5)-(0 57 11)]
0.7139, 0.552529605102539, [(3 24 18)-(1 60 8)-(9 34 5)-(1 8 5)-(11 11 16)-(9 35 26)]
0.714, 0.5525317596435546, [(15 35 14)-(7 25 11)-(8 41 28)-(13 34 26)-(2 40 21)-(4 36 9)]
0.714, 0.5525317352294922, [(2 62 4)-(10 38 24)-(15 61 17)-(3 43 3)-(11 25 5)-(0 6 7)]
0.7142999999999999, 0.5505928222656249, [(6 57 1)-(2 51 8)-(11 13 24)-(14 60 19)-(7 26 14)-(14 20 30)]
0.714, 0.5525310028076171, [(8 28 0)-(2 36 24)-(12 30 26)-(6 22 5)-(12 3 13)-(14 32 15)]
0.1268, 0.9311247375488281, [(14 7 15)-(6 29 30)-(13 40 11)-(5 13 9)-(1 51 10)-(15 51 16)]
0.7124, 0.5537531127929687, [(2 7 11)-(5 29 28)-(15 32 4)-(15 47 20)-(2 49 1)-(4 27 23)]
0.1032, 0.9930535095214843, [(4 4 30)-(11 52 4)-(1 36 1)-(14 3 20)-(13 9 4)-(10 26 15)]
0.714, 0.5525317230224609, [(13 33 28)-(13 19 2)-(5 34 20)-(6 63 16)-(13 9 10)-(8 47 29)]
0.7133, 0.5519995239257812, [(0 14 23)-(7 56 8)-(10 51 2)-(9 31 28)-(1 49 12)-(3 14 7)]
0.7139, 0.5525228881835937, [(6 17 27)-(11 1 9)-(7 1 5)-(14 22 19)-(0 16 3)-(5 10 19)]
0.714, 0.5525317260742187, [(15 60 3)-(5 49 17)-(3 32 7)-(4 59 16)-(5 51 28)-(5 46 29)]
0.71, 0.5454156951904297, [(3 26 13)-(0 2 31)-(13 39 8)-(14 18 31)-(11 22 29)-(13 19 19)]
0.7133, 0.5451389739990234, [(2 35 24)-(4 9 13)-(0 12 25)-(1 20 15)-(2 41 24)-(0 8 19)]
0.7056, 0.5431379730224609, [(8 2 23)-(15 8 31)-(9 52 8)-(5 40 5)-(2 17 11)-(12 60 14)]
0.5356000000000001, 0.5449779724121093, [(11 44 20)-(1 55 15)-(10 28 22)-(1 1 24)-(7 20 10)-(3 16 31)]
0.714, 0.5525317138671875, [(13 8 17)-(11 35 4)-(11 34 20)-(9 50 9)-(12 3 10)-(11 12 8)]
0.714, 0.5525317291259766, [(8 34 22)-(6 51 8)-(0 42 13)-(13 23 10)-(6 56 6)-(5 44 2)]
0.099, 0.0, [(1 26 30)-(4 53 30)-(10 31 15)-(11 6 3)-(6 11 31)-(15 18 12)]
0.5436000000000001, 0.666095571899414, [(0 3 26)-(4 49 9)-(5 0 21)-(12 50 3)-(13 11 15)-(2 8 23)]
0.7141, 0.552515982055664, [(13 48 19)-(6 22 18)-(0 33 21)-(8 59 30)-(2 51 12)-(9 50 6)]
0.714, 0.5525317352294922, [(11 36 23)-(14 36 30)-(8 28 0)-(10 60 13)-(0 5 29)-(8 28 0)]
0.5817, 0.5019492004394531, [(10 52 0)-(9 10 26)-(11 26 0)-(2 62 14)-(8 1 24)-(10 46 8)]
0.714, 0.5525322052001953, [(12 46 9)-(2 58 28)-(15 55 12)-(7 18 12)-(13 12 28)-(7 44 29)]
0.714, 0.5525316680908203, [(9 35 8)-(2 30 26)-(6 30 4)-(15 63 3)-(5 11 9)-(15 6 7)]
0.09209999999999999, 0.0, [(10 54 1)-(4 5 13)-(11 3 30)-(5 23 5)-(2 33 11)-(11 63 3)]
0.714, 0.5525317169189453, [(3 62 21)-(3 39 23)-(4 42 15)-(12 58 20)-(8 54 20)-(14 12 16)]
0.714, 0.5525317291259766, [(1 46 9)-(15 41 14)-(15 6 8)-(4 45 23)-(14 26 0)-(8 37 18)]
0.488, 0.5388199615478516, [(6 13 25)-(1 50 14)-(2 37 6)-(6 16 4)-(1 35 29)-(0 1 25)]
0.7143999999999999, 0.5516111251831055, [(11 61 14)-(12 50 22)-(11 33 19)-(5 37 8)-(10 12 25)-(4 37 7)]
0.7139, 0.5517093505859375, [(2 11 22)-(6 42 19)-(5 53 15)-(0 7 0)-(10 9 28)-(3 57 31)]
0.7138, 0.5525499313354492, [(13 49 20)-(5 13 22)-(10 54 9)-(3 23 2)-(11 21 16)-(14 63 15)]
0.7138, 0.5525092559814453, [(15 9 3)-(8 32 9)-(6 18 19)-(1 53 31)-(14 56 26)-(12 52 2)]
0.1369, 0.0, [(14 63 5)-(13 18 9)-(1 49 9)-(12 54 26)-(9 20 30)-(8 62 27)]
0.7134, 0.5526041381835938, [(14 6 29)-(1 1 13)-(11 5 20)-(10 43 1)-(14 37 0)-(10 45 19)]
0.0989, 0.35, [(7 49 26)-(0 41 7)-(15 24 24)-(4 8 20)-(0 19 30)-(11 13 6)]
0.714, 0.5525320098876954, [(10 58 30)-(2 6 0)-(8 11 12)-(14 32 5)-(6 60 12)-(14 29 29)]
0.5776, 0.5813002563476563, [(0 19 21)-(3 56 1)-(0 21 23)-(2 14 25)-(11 38 19)-(13 0 0)]
0.7110000000000001, 0.5480662811279298, [(0 54 2)-(9 23 26)-(15 51 15)-(11 7 5)-(1 52 23)-(15 42 25)]
0.11629999999999999, 0.0, [(5 37 28)-(0 57 19)-(5 43 26)-(5 53 24)-(10 11 30)-(3 14 25)]
0.714, 0.552531332397461, [(0 24 16)-(2 59 18)-(3 13 0)-(8 30 22)-(8 33 25)-(7 31 26)]
0.7129000000000001, 0.5526532501220702, [(12 55 1)-(11 8 14)-(11 54 7)-(13 7 7)-(1 24 9)-(8 9 21)]
0.714, 0.5525317260742187, [(12 7 4)-(3 48 11)-(10 56 23)-(1 57 29)-(14 13 29)-(15 44 17)]
0.714, 0.5525317230224609, [(3 24 6)-(5 18 3)-(0 28 8)-(1 47 7)-(13 18 19)-(11 28 7)]
0.714, 0.55253544921875, [(0 0 10)-(9 61 21)-(7 59 1)-(5 32 30)-(1 23 4)-(9 59 24)]
0.714, 0.5525346923828125, [(8 2 9)-(13 21 19)-(8 13 18)-(0 17 10)-(7 34 23)-(11 51 0)]
0.7127, 0.553125228881836, [(11 60 23)-(8 42 24)-(15 4 8)-(11 34 18)-(11 46 25)-(4 20 23)]
0.714, 0.5525404327392578, [(0 40 15)-(2 32 29)-(11 6 31)-(6 27 11)-(8 5 17)-(14 63 6)]
0.714, 0.5525317321777343, [(5 59 27)-(0 54 21)-(0 33 18)-(6 49 20)-(1 36 7)-(2 60 5)]
0.714, 0.5525295532226562, [(3 9 14)-(8 52 30)-(4 19 16)-(7 23 16)-(9 61 0)-(9 40 15)]
0.714, 0.5525317199707032, [(13 15 24)-(12 51 10)-(13 34 10)-(14 19 6)-(11 24 3)-(3 10 6)]
0.712, 0.5503747497558593, [(2 8 14)-(5 46 22)-(11 8 31)-(7 9 7)-(7 29 17)-(15 3 5)]
0.714, 0.5525317291259766, [(12 29 28)-(7 42 31)-(4 33 3)-(0 41 29)-(15 21 27)-(15 45 28)]
0.714, 0.5525317260742187, [(4 55 8)-(0 63 29)-(8 50 29)-(11 63 11)-(5 52 15)-(3 55 12)]
0.714, 0.5525339935302734, [(9 44 1)-(12 62 14)-(2 1 11)-(14 51 31)-(5 17 10)-(13 9 17)]
0.7119, 0.5502868194580077, [(11 37 26)-(0 32 30)-(12 40 17)-(6 19 25)-(7 38 3)-(12 38 29)]
0.7132000000000001, 0.5526153991699219, [(10 13 23)-(4 61 9)-(9 10 3)-(3 58 9)-(14 42 3)-(4 31 22)]
0.7137, 0.5525442504882813, [(8 31 23)-(2 40 10)-(0 9 9)-(7 11 29)-(1 10 21)-(5 44 9)]
0.714, 0.5525224304199219, [(4 58 25)-(11 38 22)-(13 34 14)-(2 11 16)-(13 46 15)-(9 30 16)]
0.7123999999999999, 0.5545089660644531, [(3 21 2)-(12 48 21)-(4 59 12)-(2 26 24)-(6 59 27)-(2 51 9)]
0.7113, 0.5539536895751953, [(1 57 13)-(7 52 7)-(0 47 28)-(1 17 22)-(1 28 15)-(2 4 7)]
0.714, 0.5525472686767579, [(15 17 1)-(9 23 4)-(13 19 9)-(5 0 12)-(15 6 12)-(13 8 28)]
0.714, 0.5525465972900391, [(14 50 11)-(14 43 11)-(3 41 12)-(0 16 19)-(0 11 0)-(4 36 30)]
0.1797, 0.0, [(9 19 15)-(8 1 29)-(6 10 30)-(9 48 24)-(12 13 20)-(12 13 9)]
0.714, 0.5525312469482422, [(11 10 13)-(12 8 1)-(6 21 1)-(4 4 10)-(5 21 29)-(4 23 5)]
0.714, 0.5525317199707032, [(13 54 22)-(1 48 31)-(6 34 14)-(9 21 6)-(3 47 15)-(12 10 5)]
0.7139, 0.5525256652832031, [(0 27 1)-(12 12 11)-(3 45 19)-(7 15 14)-(14 21 21)-(6 18 18)]
0.714, 0.5527135864257813, [(4 27 2)-(9 49 16)-(8 4 1)-(12 21 21)-(5 29 17)-(10 43 11)]
0.7129, 0.5499470275878906, [(1 10 27)-(4 8 31)-(4 53 8)-(13 20 14)-(12 31 0)-(6 33 8)]
0.714, 0.5525302032470703, [(0 58 26)-(8 24 15)-(9 8 16)-(3 63 12)-(1 41 27)-(5 35 16)]
0.7135, 0.5521173889160156, [(7 4 24)-(15 56 2)-(7 31 30)-(14 24 0)-(4 35 31)-(3 15 5)]
0.7069000000000001, 0.5506990112304688, [(12 0 12)-(12 55 16)-(4 53 18)-(7 16 26)-(4 12 21)-(7 49 27)]
0.7139, 0.5522726013183594, [(4 4 31)-(10 10 15)-(8 39 23)-(4 14 6)-(15 61 17)-(1 16 8)]
0.714, 0.5525317230224609, [(4 10 1)-(8 1 0)-(8 41 19)-(13 29 6)-(2 34 17)-(3 55 4)]
0.7142999999999999, 0.5523338775634765, [(6 38 11)-(5 40 29)-(1 39 15)-(12 10 27)-(3 54 5)-(3 56 2)]
0.7075, 0.556780014038086, [(1 22 4)-(4 42 30)-(3 28 5)-(9 15 26)-(10 1 28)-(13 2 14)]
0.7106, 0.5403741729736329, [(8 53 19)-(7 14 31)-(1 25 27)-(4 62 28)-(6 12 26)-(13 25 27)]
0.7138, 0.552589730834961, [(13 9 13)-(13 4 23)-(4 20 20)-(9 50 15)-(13 39 4)-(8 46 15)]
0.714, 0.552531805419922, [(9 10 31)-(5 61 18)-(9 39 23)-(14 27 0)-(8 40 7)-(6 15 10)]
0.7132000000000001, 0.5526346099853516, [(13 12 22)-(7 3 23)-(0 39 28)-(2 52 19)-(10 49 21)-(12 11 1)]
0.714, 0.5525345825195312, [(3 7 10)-(7 44 17)-(10 61 27)-(4 0 0)-(10 1 16)-(13 47 30)]
0.714, 0.5525317321777343, [(12 34 14)-(7 50 15)-(9 31 24)-(1 45 19)-(2 54 0)-(13 28 28)]
0.7142, 0.5525521636962891, [(8 62 28)-(12 17 28)-(8 57 27)-(0 61 26)-(14 49 13)-(14 54 9)]
0.714, 0.5525321594238282, [(4 12 6)-(1 12 15)-(9 17 28)-(14 14 28)-(14 4 22)-(15 26 8)]
0.7136, 0.5525541107177734, [(11 12 19)-(13 22 29)-(13 52 3)-(2 19 28)-(6 5 20)-(3 17 8)]
0.714, 0.5525316711425782, [(1 33 14)-(1 16 7)-(2 31 10)-(8 2 9)-(3 62 31)-(8 61 22)]
0.7121, 0.5542882125854491, [(15 15 15)-(7 15 9)-(1 39 24)-(1 9 23)-(6 13 7)-(4 35 8)]
0.7141, 0.5525234588623047, [(3 50 31)-(6 26 18)-(3 25 16)-(12 47 7)-(12 59 31)-(10 40 22)]
0.714, 0.5525317291259766, [(0 56 27)-(12 49 27)-(11 9 10)-(11 39 10)-(2 32 9)-(11 30 6)]
0.714, 0.552530337524414, [(6 12 15)-(7 20 9)-(13 35 23)-(0 49 4)-(3 32 10)-(12 37 2)]
0.7135, 0.548088754272461, [(14 42 28)-(3 32 25)-(0 48 0)-(10 45 23)-(2 23 19)-(11 20 31)]
0.714, 0.5525317245483399, [(1 44 20)-(7 46 31)-(12 31 30)-(14 17 26)-(12 53 10)-(8 50 2)]
0.714, 0.5525317199707032, [(15 3 17)-(10 46 4)-(4 39 11)-(4 58 3)-(11 48 26)-(14 14 19)]
0.7134, 0.5524752899169922, [(5 8 20)-(5 50 20)-(1 1 8)-(10 62 3)-(11 53 20)-(0 11 16)]
0.7136, 0.5526953247070312, [(2 42 26)-(10 40 26)-(0 23 20)-(10 58 4)-(11 43 22)-(15 40 3)]
0.5711999999999999, 0.4586631408691406, [(6 44 29)-(2 24 30)-(1 53 23)-(7 1 17)-(7 23 6)-(7 46 22)]
0.7132000000000001, 0.5548939727783203, [(0 62 5)-(5 27 4)-(6 24 6)-(2 28 23)-(5 38 3)-(2 63 8)]
0.714, 0.5525405792236329, [(15 25 8)-(10 21 6)-(11 48 8)-(6 17 12)-(6 0 11)-(11 32 10)]
0.1764, 0.9593233276367188, [(12 27 9)-(0 21 31)-(9 38 23)-(12 11 15)-(14 63 4)-(10 10 30)]
0.2838, 0.0, [(5 40 23)-(0 34 21)-(9 1 24)-(14 0 14)-(15 0 29)-(7 42 31)]
0.7003, 0.5472913940429688, [(5 59 0)-(6 11 31)-(3 6 13)-(15 23 16)-(4 3 31)-(10 27 16)]
0.714, 0.5525342102050781, [(3 30 7)-(0 61 15)-(8 41 30)-(15 31 7)-(1 62 30)-(12 18 18)]
0.7139, 0.5524093963623047, [(4 24 31)-(4 33 17)-(2 50 4)-(0 58 29)-(14 0 6)-(15 53 20)]
0.714, 0.5525350006103515, [(13 19 14)-(9 60 5)-(6 21 15)-(14 48 16)-(9 48 31)-(1 41 21)]
0.714, 0.5525317199707032, [(7 35 14)-(5 20 1)-(8 32 18)-(0 36 28)-(13 4 19)-(4 13 4)]
0.714, 0.5525320495605468, [(12 22 29)-(11 15 14)-(9 38 3)-(3 33 23)-(12 53 21)-(3 36 9)]
0.714, 0.5525379669189453, [(1 54 30)-(4 23 22)-(14 47 23)-(7 2 28)-(9 27 18)-(9 47 17)]
0.714, 0.5525317138671875, [(1 37 7)-(9 35 26)-(9 48 3)-(14 30 4)-(5 42 21)-(7 31 23)]
0.7142999999999999, 0.5526952575683594, [(2 15 3)-(3 1 28)-(9 62 24)-(0 3 2)-(0 42 12)-(14 2 19)]
0.7135, 0.5531300659179688, [(3 21 0)-(7 53 11)-(12 32 4)-(9 28 4)-(8 49 5)-(12 16 24)]
0.6988000000000001, 0.5454302001953124, [(6 10 11)-(5 15 25)-(6 57 4)-(6 15 7)-(15 31 19)-(9 37 22)]
0.7135, 0.5478464019775391, [(0 48 14)-(15 27 11)-(5 30 19)-(11 10 25)-(14 59 16)-(4 42 20)]
0.7139, 0.552313787841797, [(1 24 21)-(14 23 18)-(8 30 26)-(15 18 14)-(2 49 23)-(15 15 2)]
0.7029000000000001, 0.5568495941162109, [(13 32 10)-(9 32 7)-(4 51 9)-(13 4 2)-(0 41 11)-(6 14 25)]
0.7139, 0.5525533264160156, [(8 55 5)-(12 14 19)-(15 29 10)-(3 3 8)-(8 51 16)-(0 33 14)]
0.6949, 0.5429669891357422, [(5 16 27)-(7 8 21)-(5 45 30)-(12 30 26)-(10 28 25)-(15 4 7)]
0.7127, 0.5521177368164063, [(12 25 9)-(9 9 21)-(13 7 12)-(4 1 19)-(3 29 31)-(2 46 3)]
0.714, 0.5525368759155274, [(2 38 19)-(8 57 27)-(11 13 27)-(7 39 14)-(6 47 29)-(7 45 26)]
0.714, 0.5525362060546875, [(5 47 9)-(5 29 18)-(4 48 27)-(15 11 29)-(15 11 23)-(15 17 20)]
0.7132000000000001, 0.5532515441894531, [(3 26 27)-(7 1 30)-(4 19 19)-(7 1 21)-(12 6 16)-(6 5 2)]
0.714, 0.5525317230224609, [(12 61 3)-(15 35 18)-(6 31 24)-(7 40 18)-(4 29 0)-(7 38 12)]
0.7146, 0.5526926666259766, [(12 40 16)-(11 49 22)-(1 46 31)-(10 15 23)-(1 45 2)-(7 49 21)]
0.1, 0.0, [(12 61 13)-(3 1 30)-(9 61 13)-(6 40 22)-(8 37 0)-(11 62 29)]
0.714, 0.5525317260742187, [(14 43 17)-(8 39 29)-(4 46 4)-(8 35 31)-(6 52 2)-(14 54 11)]
0.7145999999999999, 0.5526703430175781, [(9 22 0)-(11 16 15)-(13 53 11)-(15 62 14)-(5 27 18)-(13 3 30)]
0.7125, 0.5520255462646484, [(12 24 23)-(15 34 2)-(1 18 31)-(10 34 26)-(0 11 16)-(12 57 25)]
0.7112, 0.5521444061279297, [(10 29 22)-(15 21 9)-(4 14 24)-(8 15 13)-(4 13 16)-(2 58 8)]
0.5872999999999999, 0.5315360229492188, [(2 42 30)-(7 54 7)-(12 35 17)-(4 47 29)-(3 57 11)-(11 28 25)]
0.714, 0.5525299255371094, [(5 27 8)-(15 34 22)-(0 37 17)-(10 55 20)-(2 7 14)-(2 15 9)]
0.7007, 0.5610827178955078, [(5 19 27)-(8 31 22)-(2 38 5)-(3 30 24)-(1 52 14)-(4 40 19)]
0.08879999999999999, 0.0, [(15 42 20)-(3 28 30)-(3 53 12)-(12 55 8)-(10 32 9)-(15 36 6)]
0.7139, 0.5523867980957031, [(4 15 14)-(5 50 19)-(14 60 7)-(13 55 20)-(5 44 1)-(4 25 23)]
0.7127, 0.5514505615234375, [(15 62 11)-(9 14 31)-(2 53 22)-(10 3 4)-(1 11 11)-(15 16 14)]
0.7134, 0.5528201049804687, [(9 15 23)-(7 63 22)-(9 47 9)-(12 29 6)-(1 7 17)-(0 59 15)]
0.712, 0.5494602081298827, [(14 10 29)-(1 30 29)-(4 11 31)-(13 51 28)-(2 34 16)-(8 21 3)]
0.714, 0.5525314819335938, [(8 37 0)-(13 16 4)-(2 18 28)-(2 53 29)-(0 25 29)-(9 17 15)]
0.714, 0.5525325408935546, [(3 3 15)-(8 27 6)-(13 2 6)-(10 36 12)-(5 56 5)-(8 38 9)]
0.7136, 0.5520710144042968, [(11 31 23)-(3 61 25)-(14 5 5)-(6 51 16)-(11 52 13)-(0 4 23)]
0.714, 0.5525336975097657, [(4 19 14)-(3 13 17)-(3 48 20)-(14 36 18)-(8 6 0)-(15 42 0)]
0.5673, 0.5788159759521485, [(5 1 24)-(9 38 31)-(6 20 20)-(10 39 0)-(8 38 22)-(15 32 5)]
0.708, 0.5498649383544922, [(10 8 25)-(8 56 21)-(9 19 21)-(9 42 29)-(14 58 24)-(9 53 30)]
0.714, 0.5525317443847657, [(9 42 22)-(8 37 14)-(0 61 17)-(3 28 11)-(0 59 2)-(6 51 15)]
0.714, 0.5525345672607422, [(14 50 20)-(15 50 30)-(2 0 11)-(13 19 3)-(8 39 12)-(2 13 2)]
0.714, 0.552531736755371, [(1 41 27)-(1 52 17)-(11 63 3)-(3 2 21)-(3 2 3)-(3 54 15)]
0.714, 0.5525317413330078, [(14 3 23)-(1 44 2)-(5 37 6)-(6 51 21)-(2 0 1)-(8 57 2)]
0.7137, 0.552582290649414, [(10 58 3)-(4 16 9)-(2 19 15)-(10 26 5)-(9 14 22)-(2 24 19)]
0.7019, 0.5524661010742187, [(13 28 29)-(1 19 22)-(12 6 18)-(4 20 26)-(8 63 29)-(11 17 2)]
0.714, 0.5525317291259766, [(5 30 1)-(0 61 0)-(13 16 30)-(15 33 13)-(4 55 2)-(5 45 27)]
0.714, 0.5525317199707032, [(13 5 25)-(15 12 26)-(2 52 9)-(11 36 0)-(10 48 14)-(9 40 6)]
0.7049, 0.5529712768554688, [(11 57 26)-(11 48 15)-(8 5 24)-(7 27 26)-(14 62 19)-(5 9 19)]
0.714, 0.5525317230224609, [(14 58 25)-(4 56 27)-(13 48 5)-(1 53 20)-(10 60 15)-(15 24 27)]
0.0952, 1.0, [(8 45 7)-(5 37 10)-(10 26 18)-(6 60 15)-(7 3 30)-(1 41 12)]
0.714, 0.5525317626953126, [(3 28 6)-(3 13 28)-(11 4 11)-(9 39 25)-(8 31 28)-(7 56 14)]
0.092, 0.0, [(0 3 16)-(14 32 15)-(14 37 17)-(13 8 18)-(4 19 30)-(14 4 18)]
0.712, 0.5549757843017578, [(3 37 4)-(12 33 3)-(5 53 6)-(3 25 23)-(0 53 7)-(5 10 8)]
0.714, 0.552531689453125, [(0 33 20)-(10 36 0)-(11 29 2)-(10 20 13)-(2 8 2)-(4 23 1)]
0.7121999999999999, 0.5527437622070313, [(9 1 21)-(15 29 11)-(5 62 13)-(15 34 4)-(4 6 22)-(14 48 14)]
0.6996, 0.5467766784667969, [(10 23 15)-(10 1 14)-(3 57 19)-(11 58 27)-(8 9 25)-(2 63 29)]
0.5961000000000001, 0.4802232635498047, [(4 52 29)-(8 0 31)-(2 39 2)-(3 55 3)-(7 57 27)-(3 59 10)]
0.7026, 0.5462822021484375, [(12 51 16)-(11 53 0)-(11 14 25)-(3 31 3)-(11 24 26)-(4 24 7)]
0.7034, 0.5630766021728515, [(15 59 26)-(13 0 23)-(4 41 1)-(9 53 24)-(15 14 13)-(14 51 30)]
0.7139, 0.551684033203125, [(7 45 20)-(6 34 4)-(2 11 22)-(11 29 1)-(3 39 31)-(9 1 1)]
0.714, 0.5525321105957031, [(8 57 27)-(3 0 8)-(6 54 12)-(4 58 4)-(0 23 2)-(12 47 25)]
0.7125999999999999, 0.5526752624511719, [(6 39 9)-(9 14 24)-(14 47 6)-(9 28 9)-(2 27 0)-(14 55 9)]
0.7143999999999999, 0.5524390869140625, [(0 12 27)-(0 51 24)-(9 38 2)-(10 16 1)-(6 29 6)-(9 41 14)]
0.6972, 0.5516119689941407, [(8 48 30)-(15 17 10)-(1 9 24)-(11 36 29)-(0 35 17)-(9 1 6)]
0.0934, 0.0, [(13 29 25)-(4 59 3)-(12 54 13)-(3 15 30)-(10 26 8)-(4 55 21)]
0.7138, 0.552634945678711, [(0 42 1)-(13 58 28)-(5 19 18)-(8 58 17)-(10 35 29)-(12 31 23)]
0.7137, 0.5533592163085937, [(14 29 28)-(10 19 26)-(0 19 20)-(0 28 17)-(13 61 1)-(6 53 10)]
0.714, 0.5525272735595703, [(11 13 7)-(6 1 28)-(6 54 19)-(5 33 17)-(14 51 21)-(4 1 14)]
0.714, 0.5525317230224609, [(5 39 8)-(15 34 22)-(5 32 6)-(11 41 4)-(15 42 14)-(13 48 4)]
0.6984999999999999, 0.5553735992431641, [(2 32 0)-(2 57 21)-(3 25 4)-(15 27 26)-(4 27 25)-(12 9 27)]
0.7093, 0.5502501037597656, [(4 5 20)-(9 50 12)-(4 49 23)-(12 9 25)-(8 55 29)-(10 42 21)]
0.7131000000000001, 0.5532168670654297, [(5 17 19)-(14 15 1)-(0 14 27)-(4 53 6)-(14 28 27)-(9 0 18)]
0.1142, 0.9984349060058594, [(4 48 27)-(7 40 3)-(8 19 20)-(12 24 30)-(3 50 20)-(4 19 3)]
0.7104999999999999, 0.5476006072998048, [(0 14 23)-(13 1 12)-(1 45 23)-(10 15 26)-(2 16 15)-(14 58 2)]
0.6534, 0.5242210571289063, [(6 56 7)-(15 18 2)-(3 16 25)-(13 3 25)-(5 31 23)-(4 2 7)]
0.7139, 0.5525235137939453, [(1 7 16)-(14 21 18)-(3 0 8)-(2 61 27)-(14 49 20)-(7 15 19)]
0.5764, 0.5842041900634766, [(5 25 21)-(7 50 6)-(0 11 13)-(2 14 25)-(13 22 5)-(12 38 12)]
0.4649, 0.7156503356933595, [(9 1 13)-(12 25 1)-(10 23 29)-(5 27 27)-(4 52 13)-(9 18 8)]
0.714, 0.5525315246582032, [(8 59 11)-(14 33 26)-(11 48 8)-(3 2 29)-(7 6 12)-(2 21 5)]
0.714, 0.5525284515380859, [(2 48 20)-(4 6 12)-(13 27 20)-(5 62 18)-(12 47 17)-(7 6 16)]
0.7111000000000001, 0.5513684356689452, [(7 21 24)-(0 45 7)-(10 5 8)-(10 61 2)-(12 33 3)-(11 24 28)]
0.714, 0.5525327636718751, [(9 58 6)-(6 2 6)-(14 9 15)-(9 15 15)-(0 0 3)-(15 31 0)]
0.7141, 0.5521223541259765, [(15 41 20)-(15 19 5)-(4 8 23)-(8 38 27)-(5 21 20)-(0 61 20)]
0.7141, 0.5528633544921875, [(10 47 8)-(0 54 18)-(3 61 12)-(6 23 21)-(9 0 9)-(3 7 9)]
0.7137, 0.5525759948730469, [(2 14 7)-(7 37 9)-(9 5 10)-(0 29 21)-(4 12 6)-(4 41 16)]
0.6898, 0.5445352020263672, [(2 21 26)-(1 15 31)-(10 61 10)-(0 38 6)-(2 20 11)-(15 59 2)]
0.714, 0.5525317199707032, [(12 55 8)-(4 36 2)-(14 6 17)-(4 53 22)-(4 59 18)-(10 57 19)]
0.7131000000000001, 0.5571592346191406, [(12 5 31)-(2 27 22)-(3 55 7)-(3 39 9)-(15 30 26)-(6 43 18)]
0.1347, 0.0, [(3 36 10)-(3 5 7)-(2 16 30)-(15 27 20)-(12 52 20)-(10 51 19)]
0.7083999999999999, 0.5643538269042969, [(5 44 4)-(9 0 22)-(0 35 1)-(4 3 4)-(3 61 4)-(2 21 29)]
0.714, 0.5525317230224609, [(13 32 15)-(14 21 20)-(5 46 2)-(13 4 24)-(15 44 2)-(6 4 4)]
0.714, 0.5525317108154297, [(14 31 3)-(1 44 14)-(3 58 1)-(4 30 6)-(9 34 19)-(1 58 5)]
0.7098, 0.5492231842041015, [(1 4 25)-(15 44 9)-(5 59 6)-(5 0 8)-(15 50 13)-(6 50 26)]
0.7137, 0.5525550689697265, [(11 48 8)-(10 34 24)-(5 19 16)-(11 35 22)-(12 35 16)-(0 54 11)]
0.0996, 0.0, [(6 35 22)-(10 0 19)-(10 8 22)-(6 0 30)-(14 56 27)-(8 50 23)]
0.7134, 0.5528803161621094, [(3 24 13)-(5 49 8)-(0 44 3)-(1 7 3)-(6 19 21)-(9 2 17)]
0.714, 0.5525382354736328, [(11 14 28)-(11 5 17)-(1 43 12)-(15 56 17)-(1 4 8)-(0 14 10)]
0.714, 0.5525316436767578, [(13 30 13)-(13 63 1)-(14 40 2)-(11 6 12)-(1 19 5)-(14 35 19)]
0.714, 0.5525317230224609, [(0 33 11)-(14 54 13)-(8 36 7)-(10 8 2)-(0 35 27)-(9 26 28)]
0.714, 0.5525317504882812, [(0 29 10)-(6 14 6)-(7 60 2)-(3 38 5)-(5 36 14)-(14 48 27)]
0.714, 0.5525317199707032, [(2 47 17)-(12 56 31)-(13 19 10)-(1 30 31)-(11 39 4)-(12 21 1)]
0.714, 0.5525332336425781, [(12 47 12)-(9 1 12)-(3 1 8)-(2 36 10)-(8 46 28)-(1 39 28)]
0.7132000000000001, 0.5524101226806641, [(12 29 23)-(5 59 19)-(10 54 28)-(6 39 2)-(3 40 19)-(13 53 17)]
0.714, 0.5525318542480468, [(7 62 20)-(5 58 1)-(5 28 11)-(9 20 2)-(9 24 11)-(4 55 26)]
0.714, 0.55253251953125, [(4 57 28)-(4 12 13)-(10 4 28)-(1 48 21)-(15 31 23)-(15 35 15)]
0.7136, 0.5525813507080077, [(3 39 15)-(14 24 25)-(10 27 21)-(7 3 1)-(4 57 1)-(9 50 29)]
0.714, 0.5525317169189453, [(13 11 15)-(15 56 16)-(12 33 8)-(1 25 0)-(8 50 15)-(6 42 0)]
0.714, 0.5525317565917969, [(5 52 21)-(13 19 0)-(6 23 7)-(2 35 26)-(10 51 9)-(6 60 11)]
0.6732, 0.5419838760375977, [(8 17 25)-(12 28 20)-(4 35 27)-(11 49 15)-(2 25 9)-(8 44 17)]
0.7094, 0.5551139129638671, [(11 22 5)-(1 57 12)-(14 55 8)-(15 50 29)-(8 42 15)-(8 18 23)]
0.714, 0.5524041809082031, [(5 53 17)-(12 9 8)-(0 20 20)-(5 59 11)-(5 10 23)-(11 18 15)]
0.7127, 0.5527956146240234, [(12 2 0)-(10 53 23)-(0 27 29)-(3 7 23)-(15 6 12)-(2 30 13)]
0.7138, 0.5525813232421874, [(1 37 19)-(10 63 2)-(14 54 9)-(0 63 9)-(7 62 19)-(5 19 17)]
0.7036, 0.5445752334594727, [(0 13 25)-(9 32 12)-(13 38 1)-(2 16 17)-(11 41 13)-(12 27 2)]
0.714, 0.5525329833984375, [(2 57 8)-(2 47 17)-(3 19 18)-(8 56 31)-(13 49 17)-(0 15 15)]
0.714, 0.5525317672729493, [(11 43 29)-(15 53 8)-(0 47 14)-(6 42 3)-(12 1 14)-(7 18 12)]
0.714, 0.5525307495117188, [(8 4 14)-(3 62 9)-(5 32 1)-(3 39 7)-(2 48 16)-(6 59 18)]
0.714, 0.552531704711914, [(3 24 11)-(4 16 8)-(14 37 22)-(10 30 31)-(13 32 23)-(14 36 20)]
0.7139, 0.5524120361328125, [(15 31 21)-(13 15 23)-(10 59 0)-(0 1 18)-(10 16 21)-(2 6 7)]
0.7135, 0.552498861694336, [(2 10 22)-(10 34 28)-(7 63 11)-(10 42 4)-(11 13 7)-(1 22 19)]
0.7135, 0.5537331817626954, [(2 10 2)-(6 23 23)-(5 57 10)-(1 48 23)-(9 39 29)-(4 44 19)]
0.714, 0.5525317260742187, [(5 40 8)-(12 34 2)-(14 44 23)-(5 44 28)-(2 53 20)-(13 19 24)]
0.11510000000000001, 0.0, [(2 45 27)-(3 53 15)-(8 2 30)-(9 45 2)-(1 38 31)-(14 25 13)]
0.714, 0.5525316192626953, [(10 52 29)-(6 12 12)-(7 9 9)-(3 51 16)-(15 9 27)-(1 59 1)]
0.714, 0.5525224334716797, [(8 62 16)-(2 11 16)-(9 45 20)-(9 46 31)-(10 38 20)-(5 54 13)]
0.714, 0.551899346923828, [(12 35 25)-(12 49 25)-(6 1 20)-(9 63 3)-(1 43 20)-(4 54 8)]
0.7132000000000001, 0.5519116439819336, [(5 3 11)-(15 24 21)-(9 56 18)-(1 32 2)-(2 4 31)-(10 28 4)]
0.7134, 0.5530526611328126, [(1 59 31)-(7 11 9)-(13 26 26)-(0 59 18)-(5 16 31)-(2 62 22)]
0.7136, 0.5526954010009766, [(1 55 26)-(9 49 8)-(10 0 5)-(0 23 20)-(10 44 30)-(11 61 24)]
0.714, 0.5525317199707032, [(5 37 19)-(7 35 2)-(10 45 2)-(7 51 2)-(3 37 16)-(13 29 21)]
0.714, 0.5525337005615234, [(10 3 10)-(7 26 4)-(5 27 3)-(7 17 16)-(15 24 12)-(14 32 7)]
0.714, 0.5525308959960937, [(13 5 20)-(7 33 13)-(5 14 29)-(9 50 10)-(2 38 16)-(7 6 14)]
0.714, 0.5525317291259766, [(4 63 23)-(10 61 27)-(13 42 11)-(14 25 22)-(5 41 6)-(4 58 11)]
0.714, 0.5525317657470703, [(7 62 0)-(3 6 8)-(8 50 14)-(15 23 29)-(7 20 2)-(3 60 30)]
0.714, 0.552532080078125, [(6 36 11)-(14 45 22)-(10 38 15)-(3 59 20)-(12 42 18)-(4 12 12)]
0.7122999999999999, 0.5493817810058594, [(9 50 17)-(0 26 15)-(8 10 24)-(10 50 5)-(3 26 23)-(1 4 13)]
0.714, 0.5525317535400391, [(13 33 25)-(0 49 13)-(1 33 21)-(2 26 8)-(0 54 19)-(7 46 28)]
0.7143999999999999, 0.5527820709228516, [(13 43 4)-(12 55 0)-(11 54 0)-(4 62 29)-(2 19 15)-(3 2 20)]
0.7117, 0.5537051361083984, [(0 60 27)-(15 3 6)-(14 26 21)-(10 47 11)-(0 5 31)-(5 9 2)]
0.7039, 0.5536680145263672, [(9 50 25)-(15 11 19)-(14 1 23)-(15 4 10)-(15 41 31)-(8 33 30)]
0.7124999999999999, 0.5526477569580077, [(5 14 23)-(13 56 22)-(12 26 21)-(1 21 6)-(11 54 20)-(10 16 21)]
0.714, 0.55253955078125, [(14 13 22)-(9 35 4)-(2 7 0)-(5 0 11)-(2 18 0)-(0 46 16)]
0.7103999999999999, 0.5559902069091798, [(15 7 14)-(12 35 15)-(1 17 23)-(14 43 22)-(11 53 15)-(11 49 19)]
0.6956, 0.5511758941650391, [(12 7 1)-(11 3 23)-(3 6 24)-(9 22 27)-(5 58 18)-(10 21 18)]
0.7137, 0.5528798400878907, [(9 42 5)-(7 58 19)-(1 50 13)-(5 12 16)-(1 28 17)-(9 0 17)]
0.714, 0.5525317352294923, [(4 44 10)-(4 4 3)-(11 37 19)-(0 26 10)-(3 53 21)-(2 26 29)]
0.7076, 0.5482854110717773, [(12 57 14)-(10 6 31)-(10 49 21)-(13 33 9)-(4 6 17)-(2 33 23)]
0.714, 0.5525317321777343, [(12 23 3)-(14 54 6)-(7 58 22)-(13 34 1)-(12 31 19)-(12 61 29)]
0.714, 0.5525317352294922, [(5 36 6)-(12 36 27)-(7 49 24)-(0 58 3)-(0 16 1)-(8 22 2)]
0.71, 0.5454167022705079, [(1 9 11)-(5 16 29)-(8 44 18)-(0 47 11)-(0 2 31)-(1 33 12)]
0.714, 0.5525319076538087, [(2 13 6)-(8 43 18)-(3 0 7)-(4 56 9)-(15 48 5)-(7 48 27)]
0.1085, 0.0, [(8 58 24)-(2 3 9)-(12 41 5)-(2 40 7)-(15 1 3)-(9 14 30)]
0.7133, 0.5525346496582031, [(0 24 22)-(1 44 16)-(9 48 27)-(13 27 19)-(2 57 27)-(11 61 25)]
0.714, 0.5525344696044922, [(13 55 29)-(5 38 4)-(4 59 23)-(9 0 10)-(14 19 9)-(12 52 8)]
0.714, 0.5525333984375, [(2 2 7)-(12 2 13)-(13 59 30)-(7 45 26)-(9 27 2)-(5 22 7)]
0.7133, 0.5529309936523438, [(2 30 16)-(10 35 8)-(10 3 21)-(13 14 24)-(4 20 3)-(11 23 16)]
0.7138, 0.5524998962402343, [(5 39 28)-(8 34 25)-(13 47 23)-(11 58 18)-(11 16 27)-(3 4 17)]
0.714, 0.5525317260742187, [(14 35 2)-(12 60 7)-(5 37 10)-(2 39 3)-(8 55 31)-(15 42 19)]
0.714, 0.552531900024414, [(7 18 7)-(6 49 29)-(11 27 13)-(13 6 5)-(9 23 4)-(6 56 23)]
0.714, 0.5525322937011719, [(1 42 24)-(7 3 15)-(6 45 11)-(9 11 29)-(4 45 20)-(0 33 15)]
0.7139, 0.5525325439453126, [(3 16 4)-(6 60 15)-(8 21 13)-(0 35 17)-(13 33 2)-(0 11 16)]
0.10089999999999999, 0.0, [(14 30 28)-(15 37 26)-(6 41 5)-(2 23 31)-(10 61 20)-(6 28 30)]
0.7106, 0.5487372985839845, [(0 24 12)-(10 25 4)-(8 15 24)-(6 35 6)-(12 10 2)-(4 38 26)]
0.7139, 0.5525360961914063, [(15 24 18)-(1 25 18)-(12 7 12)-(7 14 0)-(3 59 27)-(1 26 12)]
0.714, 0.5525317565917969, [(3 57 30)-(11 5 9)-(15 8 2)-(2 35 13)-(9 53 30)-(8 53 28)]
0.7136, 0.5526311309814453, [(6 23 9)-(9 60 3)-(15 23 11)-(12 20 10)-(12 26 21)-(10 36 10)]
0.714, 0.5525317230224609, [(7 46 9)-(15 58 4)-(7 39 11)-(13 29 13)-(7 52 2)-(6 49 17)]
0.7139, 0.5525135925292969, [(13 2 5)-(11 52 2)-(1 21 15)-(9 12 19)-(1 29 21)-(5 38 23)]
0.714, 0.5525317260742187, [(9 63 26)-(6 63 5)-(14 40 30)-(0 46 11)-(4 15 29)-(5 42 11)]
0.714, 0.5525316528320312, [(14 55 12)-(10 41 9)-(0 44 14)-(11 44 9)-(14 61 18)-(10 16 11)]
0.7139, 0.5525705322265625, [(0 56 28)-(14 58 6)-(7 50 11)-(6 5 8)-(13 2 17)-(2 27 11)]
0.714, 0.5525317413330078, [(4 31 11)-(9 22 0)-(8 58 15)-(2 31 26)-(9 13 6)-(2 58 16)]
0.7137, 0.5526970977783203, [(5 52 13)-(3 10 12)-(1 49 5)-(10 30 6)-(0 17 19)-(13 56 11)]
0.1019, 0.9994519622802733, [(1 22 30)-(3 55 0)-(12 53 7)-(7 30 29)-(14 36 0)-(14 29 5)]
0.7135, 0.552890658569336, [(4 0 13)-(12 44 25)-(14 5 9)-(2 28 20)-(11 26 18)-(0 25 20)]
0.714, 0.5525317291259766, [(3 45 25)-(15 5 15)-(6 52 12)-(14 18 26)-(13 42 25)-(14 57 3)]
0.7142, 0.5524494873046875, [(13 42 1)-(5 47 19)-(12 21 27)-(0 8 19)-(6 54 16)-(13 17 31)]
0.4494, 0.7236413238525391, [(3 23 7)-(5 63 28)-(4 29 25)-(13 0 28)-(3 32 13)-(12 26 18)]
0.7134, 0.5525669494628906, [(3 11 19)-(11 46 8)-(13 2 15)-(15 17 5)-(9 53 17)-(3 63 13)]
0.13429999999999997, 0.9764515319824218, [(10 26 25)-(7 52 21)-(1 29 30)-(8 8 28)-(11 41 23)-(14 6 4)]
0.7143999999999999, 0.5523156188964844, [(2 20 31)-(11 40 0)-(15 19 21)-(11 2 0)-(14 43 1)-(6 34 20)]
0.714, 0.5525317199707032, [(2 49 25)-(3 41 24)-(12 23 1)-(3 54 20)-(10 31 6)-(8 53 12)]
0.714, 0.552531674194336, [(7 47 26)-(8 25 1)-(10 24 7)-(11 22 13)-(15 40 9)-(15 52 9)]
0.7137, 0.5538150360107421, [(1 23 23)-(14 17 3)-(13 23 24)-(14 61 5)-(14 9 30)-(9 32 24)]
0.7133, 0.5528982604980468, [(13 33 28)-(4 9 1)-(11 33 29)-(9 13 13)-(4 21 28)-(15 56 9)]
0.7139, 0.5523381164550781, [(10 28 16)-(0 34 22)-(2 6 19)-(3 44 8)-(13 3 27)-(1 13 19)]
0.714, 0.5525317321777343, [(12 33 6)-(1 47 5)-(5 15 8)-(6 24 0)-(15 34 22)-(1 33 28)]
0.714, 0.5525317260742187, [(14 38 1)-(13 49 16)-(12 52 29)-(14 57 4)-(7 60 27)-(13 57 1)]
0.6935, 0.5552860748291015, [(0 19 21)-(4 10 28)-(11 18 5)-(5 27 0)-(9 26 24)-(7 0 20)]
0.7139, 0.5525237487792969, [(10 15 6)-(11 48 31)-(15 16 27)-(0 27 2)-(13 59 24)-(0 19 17)]
0.714, 0.55253173828125, [(4 56 3)-(8 40 11)-(10 57 4)-(13 4 7)-(8 57 17)-(2 56 28)]
0.714, 0.5526638229370118, [(1 10 1)-(6 6 16)-(15 55 22)-(2 8 17)-(9 7 14)-(13 11 19)]
0.7134, 0.5525737579345703, [(15 60 21)-(15 22 12)-(13 6 9)-(0 32 21)-(5 24 22)-(3 48 28)]
0.7137, 0.5526168731689454, [(14 53 0)-(11 35 23)-(12 63 27)-(15 41 3)-(6 1 10)-(1 27 21)]
0.714, 0.5525317260742187, [(10 57 0)-(13 49 12)-(15 4 13)-(6 47 9)-(7 21 0)-(3 26 2)]
0.714, 0.5525320068359374, [(7 12 14)-(2 4 11)-(13 36 28)-(10 55 24)-(10 46 8)-(10 1 4)]
0.714, 0.5525627410888672, [(14 24 3)-(6 23 15)-(12 46 10)-(2 0 1)-(4 21 17)-(5 29 9)]
0.7138, 0.5524882202148438, [(14 50 10)-(14 14 14)-(5 31 9)-(13 27 0)-(14 50 30)-(10 17 19)]
0.714, 0.5525317199707032, [(6 61 25)-(15 20 29)-(4 22 12)-(14 27 8)-(10 63 6)-(4 25 8)]
0.714, 0.5525317260742187, [(12 30 0)-(2 41 3)-(8 48 4)-(0 31 14)-(15 61 31)-(15 15 14)]
0.7139, 0.5523879608154296, [(2 47 31)-(7 33 22)-(11 6 15)-(1 61 9)-(7 32 19)-(5 21 20)]
0.4638, 0.0, [(4 49 31)-(15 0 29)-(14 26 16)-(14 58 28)-(4 21 6)-(0 26 24)]
0.7133, 0.5505746551513672, [(0 3 21)-(11 25 1)-(1 57 20)-(9 11 21)-(8 18 15)-(9 25 13)]
0.714, 0.5525317199707032, [(7 56 13)-(11 34 13)-(4 7 1)-(13 26 0)-(5 31 20)-(6 10 0)]
0.6647, 0.5367850936889649, [(2 6 8)-(1 18 2)-(13 28 24)-(5 11 25)-(5 49 24)-(2 16 4)]
0.7021, 0.5323183654785156, [(6 34 3)-(4 18 6)-(2 7 25)-(5 10 20)-(1 36 19)-(3 0 19)]
0.705, 0.5323308624267578, [(5 15 16)-(2 37 12)-(6 11 26)-(1 49 8)-(0 31 14)-(1 0 5)]
0.6992, 0.5306411102294922, [(5 2 31)-(11 22 21)-(11 35 8)-(13 5 6)-(4 24 6)-(12 0 12)]
0.714, 0.552534405517578, [(1 60 31)-(3 13 18)-(6 35 7)-(12 32 9)-(12 31 24)-(4 62 30)]
0.7142999999999999, 0.5526895751953125, [(1 19 20)-(4 21 20)-(0 36 2)-(8 41 0)-(8 2 15)-(10 5 22)]
0.7135, 0.5530395324707031, [(1 61 4)-(5 50 18)-(2 9 6)-(5 16 23)-(14 52 19)-(13 52 20)]
0.7133, 0.5514410217285156, [(8 16 24)-(7 37 8)-(0 58 18)-(7 11 2)-(5 23 3)-(9 28 9)]
0.6053999999999999, 0.5823577056884766, [(1 38 4)-(6 0 24)-(12 39 7)-(13 37 23)-(13 30 10)-(3 0 16)]
0.71, 0.5497929931640625, [(11 24 11)-(6 2 6)-(10 28 26)-(15 16 7)-(13 33 28)-(8 3 15)]
0.714, 0.552545053100586, [(8 29 5)-(12 37 12)-(6 18 16)-(7 16 28)-(1 21 19)-(15 11 20)]
0.714, 0.5525330505371093, [(1 29 16)-(10 23 12)-(13 5 19)-(7 44 31)-(13 11 15)-(9 6 16)]
0.709, 0.5754664764404297, [(8 9 19)-(1 0 22)-(4 12 12)-(5 61 15)-(11 7 13)-(1 38 20)]
0.7101999999999999, 0.551313429260254, [(0 51 0)-(12 1 22)-(3 24 10)-(15 46 0)-(15 33 1)-(7 12 27)]
0.7134, 0.5523091979980468, [(1 19 12)-(12 48 25)-(3 1 27)-(4 4 21)-(10 0 10)-(2 15 7)]
0.6984, 0.5386084365844727, [(0 25 21)-(5 24 6)-(9 9 15)-(7 19 26)-(2 13 25)-(14 24 25)]
0.6762, 0.5706600830078126, [(2 26 25)-(2 28 13)-(10 60 17)-(15 4 10)-(14 33 24)-(12 38 15)]
0.714, 0.5525317230224609, [(13 28 24)-(13 11 31)-(6 55 7)-(7 48 14)-(14 12 8)-(0 3 1)]
0.7126, 0.5524998626708985, [(5 52 24)-(11 30 7)-(10 33 21)-(9 44 7)-(14 2 27)-(10 56 29)]
0.714, 0.5525316864013672, [(8 1 0)-(7 15 11)-(11 33 11)-(14 15 0)-(0 47 27)-(4 38 18)]
0.08879999999999999, 0.0, [(6 2 12)-(8 5 0)-(6 10 17)-(1 37 19)-(15 8 19)-(3 28 30)]
0.7127, 0.5533249114990234, [(4 4 28)-(7 15 6)-(1 53 7)-(12 5 31)-(0 10 10)-(12 17 19)]
0.7134, 0.5509229614257813, [(12 2 7)-(2 11 23)-(15 58 27)-(4 12 19)-(13 43 19)-(5 42 28)]
0.714, 0.5525317352294923, [(13 26 10)-(1 60 14)-(8 61 1)-(7 21 29)-(2 17 5)-(13 36 13)]
0.675, 0.5264493408203125, [(11 55 0)-(10 34 22)-(6 62 17)-(12 22 2)-(1 37 28)-(12 29 26)]
0.714, 0.5525325805664063, [(8 11 14)-(5 6 2)-(7 49 4)-(1 33 3)-(13 32 17)-(12 25 8)]
0.714, 0.5525620178222657, [(2 56 7)-(6 34 27)-(6 15 19)-(9 55 0)-(4 52 9)-(8 49 16)]
0.7139, 0.5525055236816406, [(12 49 23)-(0 17 2)-(11 24 1)-(1 41 6)-(2 12 17)-(14 46 19)]
0.6551, 0.5774005706787109, [(0 6 16)-(1 19 25)-(0 0 27)-(3 27 8)-(6 6 16)-(2 2 29)]
0.714, 0.5525318145751954, [(6 57 7)-(15 50 13)-(1 38 6)-(5 34 16)-(7 57 9)-(11 20 10)]
0.714, 0.5525317321777343, [(9 39 1)-(13 21 0)-(10 35 12)-(14 5 5)-(7 27 5)-(8 55 15)]
0.7132000000000001, 0.5527990081787109, [(4 36 2)-(6 48 0)-(8 63 14)-(4 22 25)-(7 34 7)-(3 61 11)]
0.714, 0.5525441711425781, [(12 59 8)-(7 10 1)-(4 35 3)-(15 0 13)-(2 45 27)-(1 60 18)]
0.714, 0.5525331420898437, [(4 23 28)-(15 0 10)-(3 16 10)-(8 33 26)-(7 2 0)-(13 63 27)]
0.714, 0.5525320159912109, [(2 19 8)-(5 48 1)-(7 45 4)-(7 16 11)-(6 43 9)-(5 41 26)]
0.5817, 0.5021915710449218, [(6 42 12)-(6 26 21)-(12 51 29)-(10 23 5)-(10 31 2)-(8 1 24)]
0.7137, 0.5523065887451172, [(10 19 9)-(10 18 13)-(9 10 23)-(12 13 14)-(5 13 4)-(12 44 21)]
0.7131000000000001, 0.5524323822021484, [(5 35 18)-(5 44 29)-(3 9 22)-(13 34 9)-(12 30 19)-(9 59 23)]
0.714, 0.55253173828125, [(3 24 8)-(8 22 3)-(5 62 12)-(4 8 1)-(5 22 29)-(6 57 2)]
0.7136, 0.5526053955078125, [(3 60 31)-(6 53 9)-(5 34 11)-(2 7 8)-(9 14 22)-(7 59 7)]
0.714, 0.5525317199707032, [(2 48 29)-(4 56 9)-(1 59 17)-(9 49 25)-(14 61 6)-(9 22 6)]
0.7108000000000001, 0.5478232269287109, [(7 23 5)-(2 45 0)-(4 1 23)-(1 53 29)-(8 39 22)-(13 59 17)]
0.714, 0.5525304046630859, [(13 1 12)-(13 9 28)-(6 48 10)-(9 33 5)-(13 47 31)-(14 12 21)]
0.7083, 0.546515756225586, [(5 26 4)-(4 61 2)-(7 17 25)-(3 2 18)-(1 60 8)-(3 62 29)]
0.7139, 0.5525813629150391, [(1 18 27)-(15 24 27)-(15 60 1)-(5 53 15)-(6 55 18)-(9 59 31)]
0.7139, 0.5525285034179688, [(1 8 28)-(10 57 16)-(15 1 12)-(3 53 14)-(3 42 5)-(11 25 4)]
0.7136, 0.5505773101806641, [(4 51 18)-(0 4 24)-(15 5 28)-(0 49 3)-(7 30 24)-(11 53 30)]
0.7008, 0.5425548278808594, [(1 6 4)-(8 8 25)-(4 12 29)-(0 46 12)-(6 3 13)-(4 42 17)]
0.214, 0.0, [(10 55 15)-(11 23 30)-(1 53 8)-(9 6 7)-(11 38 14)-(6 39 8)]
0.714, 0.5525311767578125, [(2 61 15)-(1 54 25)-(0 41 20)-(5 38 25)-(6 36 5)-(6 11 12)]
0.714, 0.5525317626953126, [(7 16 1)-(2 40 7)-(14 35 27)-(13 9 5)-(7 24 12)-(4 24 10)]
0.7141, 0.5524794494628906, [(9 63 8)-(15 63 11)-(6 54 0)-(4 4 19)-(11 12 0)-(14 57 22)]
0.714, 0.5525316772460938, [(14 19 14)-(0 55 21)-(11 22 13)-(15 7 19)-(1 7 1)-(1 47 24)]
0.1, 0.0, [(12 39 26)-(13 27 10)-(3 60 9)-(4 61 23)-(7 0 30)-(14 56 18)]
0.5917, 0.0, [(5 28 30)-(8 48 9)-(8 16 12)-(10 0 13)-(8 45 4)-(13 23 20)]
0.1251, 0.9836299896240235, [(10 13 0)-(10 40 12)-(8 24 30)-(10 40 8)-(1 33 31)-(8 55 29)]
0.714, 0.5525422821044922, [(12 12 11)-(4 44 17)-(10 34 17)-(13 14 13)-(2 10 27)-(10 43 22)]
0.714, 0.5525317199707032, [(1 42 19)-(1 19 8)-(10 41 3)-(9 56 15)-(12 61 29)-(13 22 8)]
0.7135, 0.5522441223144532, [(1 8 27)-(13 9 26)-(11 21 22)-(14 32 8)-(2 38 26)-(8 8 1)]
0.714, 0.5525317413330078, [(2 39 30)-(15 31 5)-(5 18 28)-(1 53 6)-(11 40 26)-(8 30 1)]
0.7123999999999999, 0.552382325744629, [(11 32 24)-(9 42 9)-(3 22 24)-(0 4 16)-(8 62 23)-(10 21 1)]
0.7131000000000001, 0.552329705810547, [(1 46 15)-(3 51 12)-(7 8 23)-(12 33 3)-(12 1 13)-(10 33 6)]
0.713, 0.5524868530273438, [(0 5 24)-(1 29 17)-(2 40 2)-(11 21 29)-(13 55 0)-(13 39 6)]
0.48350000000000004, 0.6421276977539063, [(11 36 5)-(4 0 26)-(10 21 16)-(15 17 10)-(0 23 0)-(6 1 7)]
0.714, 0.5525317138671875, [(0 36 0)-(2 39 25)-(13 39 8)-(12 10 7)-(1 42 30)-(6 33 26)]
0.6558999999999999, 0.5270997619628907, [(8 26 5)-(0 21 25)-(11 29 11)-(14 42 16)-(4 51 30)-(0 33 20)]
0.714, 0.5525318664550781, [(2 45 4)-(10 11 9)-(13 23 27)-(13 14 25)-(7 42 11)-(11 27 10)]
0.6453, 0.5103841629028321, [(6 13 28)-(0 19 25)-(6 15 19)-(12 0 3)-(4 18 2)-(1 4 24)]
0.714, 0.5527934844970703, [(6 57 11)-(11 34 4)-(7 37 18)-(2 18 3)-(4 62 6)-(2 5 27)]
0.714, 0.5525284118652344, [(13 7 10)-(9 30 11)-(1 16 3)-(5 7 2)-(5 41 22)-(5 10 19)]
0.714, 0.5525317169189452, [(8 51 19)-(3 56 6)-(11 29 8)-(1 22 5)-(15 3 6)-(15 58 18)]
0.7134, 0.5525914428710939, [(7 52 5)-(5 56 10)-(6 51 7)-(6 58 19)-(11 17 21)-(8 4 14)]
0.714, 0.5525362182617188, [(15 8 25)-(11 12 16)-(9 16 5)-(8 47 31)-(0 62 14)-(10 56 23)]
0.714, 0.5525317291259766, [(8 53 2)-(2 37 28)-(9 51 9)-(3 46 22)-(15 14 11)-(1 37 10)]
0.714, 0.5525316680908203, [(8 30 7)-(15 52 26)-(10 56 17)-(11 10 28)-(3 9 11)-(15 10 28)]
0.7138, 0.5525612167358398, [(6 32 13)-(5 31 21)-(15 2 9)-(4 17 1)-(3 52 4)-(10 14 19)]
0.6999, 0.5607261810302735, [(12 29 8)-(3 26 23)-(7 60 19)-(5 19 27)-(13 58 21)-(13 47 3)]
0.6714, 0.53728720703125, [(4 34 29)-(9 30 7)-(5 1 31)-(15 10 18)-(7 20 24)-(14 35 27)]
0.714, 0.5525319610595703, [(4 45 18)-(14 17 12)-(2 40 22)-(7 47 3)-(10 60 15)-(11 17 13)]
0.7137, 0.552335610961914, [(2 24 21)-(9 23 15)-(1 31 12)-(13 43 27)-(2 47 23)-(13 8 22)]
0.714, 0.5525320495605468, [(1 58 11)-(10 6 7)-(8 7 9)-(3 59 0)-(3 35 5)-(4 52 4)]
0.7106, 0.5487372955322265, [(8 15 24)-(3 51 14)-(0 14 4)-(0 19 9)-(7 37 30)-(10 63 10)]
0.7132000000000001, 0.5516876434326172, [(15 50 16)-(14 17 8)-(3 62 24)-(7 18 0)-(3 0 13)-(8 15 23)]
0.714, 0.5525524627685547, [(11 63 4)-(0 3 7)-(1 46 30)-(12 46 3)-(1 9 2)-(9 26 18)]
0.714, 0.5525257659912108, [(10 50 16)-(0 58 12)-(2 4 3)-(5 21 16)-(6 49 12)-(5 17 8)]
0.7142, 0.5534965850830078, [(11 28 19)-(0 36 16)-(3 58 14)-(14 22 6)-(11 2 21)-(1 4 9)]
0.6917, 0.542653109741211, [(14 42 12)-(7 56 24)-(14 11 15)-(8 36 25)-(10 26 3)-(12 20 26)]
0.714, 0.5525317321777343, [(14 25 10)-(7 55 22)-(6 22 28)-(15 33 6)-(5 41 19)-(8 42 19)]
0.714, 0.5521330932617188, [(7 12 12)-(8 38 3)-(2 8 17)-(5 7 27)-(2 24 10)-(8 44 28)]
0.714, 0.5525317260742187, [(2 5 5)-(15 12 16)-(10 27 6)-(0 47 31)-(13 27 7)-(15 35 16)]
0.7128, 0.5490270660400391, [(1 63 5)-(13 3 2)-(14 27 3)-(15 33 2)-(1 19 10)-(10 23 24)]
0.714, 0.5523964172363282, [(6 59 14)-(7 56 23)-(8 53 12)-(2 35 29)-(6 50 3)-(2 7 20)]
0.714, 0.5525317230224609, [(15 44 14)-(8 51 21)-(9 49 31)-(3 34 30)-(15 1 0)-(3 43 27)]
0.7133, 0.5526972351074219, [(6 62 9)-(1 48 1)-(6 62 11)-(3 46 8)-(12 13 3)-(10 4 23)]
0.7134, 0.5527779693603516, [(6 29 15)-(15 32 25)-(2 1 18)-(10 13 8)-(6 47 13)-(2 52 9)]
0.0949, 0.9965164001464843, [(9 38 12)-(1 63 3)-(5 29 26)-(4 11 30)-(14 57 1)-(11 13 25)]
0.7035, 0.5383950073242187, [(2 3 1)-(9 24 7)-(2 13 25)-(6 18 13)-(8 13 11)-(14 25 28)]
0.7137, 0.5525542724609375, [(2 23 6)-(13 8 27)-(5 4 20)-(12 14 8)-(10 46 26)-(2 7 19)]
0.1001, 0.0, [(6 37 24)-(3 8 22)-(8 57 9)-(3 2 30)-(7 48 21)-(11 43 0)]
0.7136, 0.5526305847167969, [(9 15 8)-(1 41 3)-(8 53 14)-(11 21 16)-(0 57 13)-(12 26 21)]
0.714, 0.55253173828125, [(3 55 23)-(10 15 1)-(2 38 7)-(11 28 3)-(4 55 11)-(10 28 7)]
0.4909, 0.5969209411621094, [(13 7 18)-(2 19 25)-(12 29 17)-(2 24 20)-(6 10 1)-(12 30 9)]
0.714, 0.5525317352294922, [(5 58 28)-(14 30 13)-(10 54 21)-(5 43 6)-(10 52 10)-(3 11 6)]
0.714, 0.5525317260742187, [(15 43 3)-(15 3 12)-(7 1 5)-(6 34 8)-(7 43 9)-(5 48 5)]
0.714, 0.5525317749023437, [(7 31 28)-(15 41 26)-(5 53 16)-(2 50 14)-(5 18 14)-(15 30 31)]
0.7141, 0.5526039489746094, [(11 3 21)-(5 27 11)-(14 21 19)-(7 35 21)-(12 46 4)-(10 2 10)]
0.7098, 0.5466642761230469, [(11 35 9)-(3 33 19)-(2 11 23)-(1 6 17)-(5 3 25)-(9 6 4)]
0.6857, 0.5335606918334961, [(13 43 29)-(12 60 10)-(0 44 14)-(9 11 30)-(14 3 19)-(14 40 3)]
0.7116, 0.5507892486572266, [(15 33 19)-(4 2 16)-(14 52 15)-(6 30 9)-(6 11 23)-(14 21 16)]
0.7142, 0.5525941192626953, [(1 11 20)-(15 6 13)-(13 24 4)-(15 39 31)-(0 53 21)-(2 56 29)]
0.7135, 0.5526394409179687, [(5 9 8)-(2 4 27)-(13 14 21)-(5 21 5)-(5 1 7)-(11 57 14)]
0.714, 0.55253173828125, [(5 39 14)-(1 17 1)-(3 39 21)-(0 61 15)-(4 43 13)-(15 39 2)]
0.7123, 0.5537268341064454, [(5 12 2)-(10 49 7)-(7 10 24)-(11 27 26)-(1 38 21)-(13 48 3)]
0.714, 0.5525317352294923, [(0 58 1)-(2 32 11)-(0 41 22)-(7 48 22)-(6 63 24)-(14 3 26)]
0.7048000000000001, 0.5434851974487305, [(6 0 13)-(8 42 21)-(10 59 8)-(8 11 31)-(0 54 25)-(6 8 15)]
0.6383, 0.6009227783203125, [(7 6 3)-(3 63 7)-(8 17 18)-(5 6 29)-(5 38 6)-(5 1 22)]
0.6923, 0.5401603790283203, [(9 42 24)-(10 40 3)-(0 7 26)-(3 4 28)-(2 1 29)-(9 18 24)]
0.1016, 0.0, [(3 16 6)-(10 37 23)-(2 59 20)-(1 22 12)-(7 29 30)-(6 4 9)]
0.7121, 0.5490228759765625, [(2 11 24)-(9 40 26)-(10 63 27)-(10 21 5)-(1 22 10)-(8 6 27)]
0.6977, 0.5442377227783204, [(13 27 22)-(4 19 25)-(0 45 5)-(3 33 7)-(12 1 23)-(1 55 4)]
0.714, 0.5525317321777343, [(1 46 8)-(8 63 10)-(1 49 6)-(10 50 29)-(5 41 19)-(2 12 2)]
0.714, 0.5525317321777343, [(10 20 10)-(10 36 17)-(5 48 6)-(6 61 2)-(4 21 5)-(10 47 16)]
0.714, 0.5525317199707032, [(5 49 16)-(4 54 21)-(15 33 26)-(13 20 6)-(2 55 31)-(4 53 12)]
0.714, 0.5525317108154297, [(5 36 23)-(4 33 3)-(11 52 26)-(6 57 10)-(7 39 30)-(10 47 12)]
0.714, 0.5525317230224609, [(12 48 24)-(9 38 16)-(7 42 5)-(7 27 28)-(6 50 25)-(9 37 16)]
0.714, 0.5525317230224609, [(8 16 7)-(12 41 11)-(5 54 26)-(0 40 15)-(14 27 13)-(10 50 25)]
0.714, 0.5525312286376953, [(13 50 15)-(15 46 30)-(10 39 27)-(3 20 14)-(4 32 31)-(7 54 11)]
0.7138, 0.5545467163085938, [(2 15 11)-(10 13 2)-(10 6 21)-(2 62 19)-(4 0 19)-(0 17 31)]
0.714, 0.5525322631835937, [(3 20 1)-(14 6 24)-(10 4 11)-(6 17 28)-(13 33 28)-(3 13 15)]
0.7136, 0.5526610473632813, [(4 42 29)-(15 28 23)-(13 60 30)-(1 13 24)-(0 51 25)-(4 41 23)]
0.714, 0.5525318115234374, [(7 21 5)-(5 15 11)-(11 23 9)-(6 60 15)-(13 36 23)-(12 63 31)]
0.714, 0.5525318420410157, [(7 31 1)-(9 25 11)-(14 8 5)-(1 53 25)-(8 52 22)-(2 31 9)]
0.7063, 0.5523776763916015, [(9 47 27)-(4 18 4)-(11 30 8)-(0 34 7)-(1 2 23)-(6 45 11)]
0.7127, 0.5528852264404297, [(7 8 0)-(5 3 24)-(12 55 20)-(4 30 30)-(4 55 26)-(2 54 17)]
0.7139, 0.5524880157470703, [(12 49 24)-(8 35 19)-(6 56 24)-(2 24 19)-(3 4 7)-(13 15 26)]
0.714, 0.5525317260742187, [(13 44 20)-(9 39 13)-(9 46 19)-(13 24 20)-(3 43 30)-(0 57 1)]
0.6517999999999999, 0.5551850616455078, [(2 50 4)-(3 0 29)-(7 25 14)-(2 59 27)-(5 34 0)-(10 2 14)]
0.1004, 0.0, [(4 21 7)-(6 7 30)-(9 39 23)-(3 60 2)-(3 63 21)-(13 43 4)]
0.7139, 0.5525352264404297, [(2 56 13)-(4 9 15)-(8 35 31)-(3 39 26)-(15 29 13)-(4 21 14)]
0.714, 0.5525317199707032, [(6 25 3)-(5 59 28)-(12 36 14)-(11 50 7)-(1 4 6)-(5 41 22)]
0.714, 0.5525312561035156, [(9 26 2)-(14 53 5)-(12 20 13)-(5 51 9)-(4 18 2)-(6 52 6)]
0.714, 0.5525322540283204, [(7 13 15)-(14 27 11)-(5 62 26)-(7 46 7)-(12 18 13)-(10 17 7)]
0.7134, 0.5520089111328125, [(5 18 23)-(4 56 18)-(10 56 17)-(0 30 28)-(10 2 27)-(5 4 16)]
0.714, 0.5525317352294922, [(5 48 12)-(1 30 2)-(12 44 5)-(8 49 16)-(6 49 26)-(6 36 1)]
0.6864, 0.5692020568847656, [(9 29 16)-(8 0 23)-(14 48 12)-(8 22 24)-(9 57 16)-(14 24 5)]
0.1022, 0.19939273681640624, [(0 11 29)-(2 43 9)-(1 5 30)-(2 45 9)-(11 46 2)-(1 24 2)]
0.7135, 0.5523069305419922, [(5 62 22)-(11 31 17)-(15 4 2)-(2 25 18)-(4 35 7)-(5 18 27)]
0.6780999999999999, 0.55585078125, [(8 18 24)-(2 63 1)-(15 18 25)-(11 10 11)-(3 38 13)-(12 40 28)]
0.714, 0.5525317230224609, [(10 43 2)-(4 37 22)-(6 38 24)-(0 44 10)-(9 59 8)-(3 41 3)]
0.714, 0.5525317291259766, [(14 11 10)-(14 18 30)-(1 48 15)-(13 6 4)-(3 46 18)-(5 31 22)]
0.6699999999999999, 0.5577582824707031, [(2 9 26)-(7 19 18)-(6 31 0)-(4 17 26)-(11 51 15)-(8 21 24)]
0.7125, 0.5536979278564453, [(5 51 24)-(6 15 22)-(11 19 23)-(12 38 18)-(11 34 9)-(15 44 20)]
0.7113, 0.5530391571044921, [(5 29 25)-(15 19 15)-(14 49 30)-(13 25 6)-(1 35 18)-(2 22 4)]
0.7138, 0.5535488525390625, [(3 1 0)-(0 32 31)-(4 7 12)-(4 2 20)-(8 44 29)-(8 40 29)]
0.6890000000000001, 0.5337017959594728, [(10 53 6)-(9 33 14)-(12 11 25)-(12 55 9)-(14 4 15)-(15 55 23)]
0.6913, 0.5324039474487304, [(5 41 15)-(6 59 1)-(12 34 12)-(4 21 31)-(13 44 17)-(3 19 18)]
0.7139, 0.552486752319336, [(11 60 11)-(12 54 19)-(11 35 30)-(1 51 5)-(9 6 9)-(12 27 22)]
0.7139, 0.5525443847656251, [(3 41 3)-(10 31 10)-(7 28 12)-(2 38 7)-(14 45 7)-(9 4 22)]
0.714, 0.5525322662353516, [(1 29 7)-(8 5 13)-(3 54 21)-(15 11 17)-(10 63 20)-(8 55 9)]
0.7138, 0.552607504272461, [(4 26 18)-(5 44 16)-(9 18 15)-(14 61 29)-(2 57 25)-(2 49 26)]
0.7138, 0.5525414276123047, [(0 15 13)-(0 57 15)-(1 5 21)-(15 18 28)-(1 23 9)-(15 44 17)]
0.7139, 0.5525224914550781, [(14 56 3)-(0 13 20)-(6 31 10)-(6 44 28)-(13 50 2)-(6 24 9)]
0.6840999999999999, 0.5217234756469726, [(9 28 17)-(12 56 23)-(0 53 29)-(5 24 8)-(13 1 24)-(1 32 1)]
0.714, 0.5525317321777343, [(13 44 28)-(2 62 28)-(2 60 0)-(8 33 2)-(15 47 12)-(0 59 22)]
0.714, 0.5525320068359375, [(4 35 26)-(7 15 8)-(12 0 8)-(14 55 11)-(0 5 11)-(12 57 16)]
0.6053, 0.5817500244140625, [(11 34 11)-(0 11 20)-(10 50 31)-(2 21 25)-(0 60 12)-(5 16 9)]
0.7141, 0.5488810455322266, [(12 59 21)-(12 39 6)-(15 19 30)-(4 24 16)-(11 11 31)-(4 2 1)]
0.6491, 0.5505457000732422, [(2 28 3)-(7 54 9)-(6 28 19)-(8 20 25)-(1 21 2)-(6 10 5)]
0.7138, 0.5521627807617188, [(6 3 29)-(12 3 21)-(8 17 27)-(2 21 1)-(10 44 13)-(2 36 18)]
0.7138, 0.5525042907714843, [(8 16 19)-(2 40 1)-(15 38 27)-(13 36 14)-(0 2 6)-(1 16 14)]
0.7139, 0.5525543151855469, [(2 47 0)-(11 40 1)-(10 40 11)-(14 41 29)-(7 35 31)-(4 18 20)]
0.7133, 0.5522645385742188, [(11 8 15)-(12 15 15)-(3 33 26)-(1 50 13)-(12 39 20)-(1 13 31)]
0.4108, 0.6026436798095703, [(10 58 24)-(11 0 25)-(1 53 29)-(13 49 14)-(12 18 28)-(7 25 8)]
0.099, 0.0, [(8 22 29)-(15 0 11)-(2 8 30)-(5 26 7)-(15 6 8)-(13 49 24)]
0.714, 0.5525317291259766, [(1 25 6)-(3 63 27)-(13 52 11)-(9 31 7)-(11 36 2)-(0 46 21)]
0.1778, 0.9398320404052734, [(13 5 31)-(7 39 16)-(2 21 4)-(6 20 12)-(10 32 19)-(2 22 30)]
0.616, 0.5727911804199219, [(2 8 24)-(0 47 11)-(14 14 6)-(15 32 25)-(9 54 28)-(9 40 26)]
0.7139, 0.5525492645263672, [(15 43 19)-(6 22 28)-(12 43 31)-(6 5 10)-(5 32 24)-(8 5 18)]
0.714, 0.5525969665527344, [(14 0 8)-(0 42 2)-(8 18 5)-(9 5 19)-(12 3 10)-(1 33 21)]
0.714, 0.5525359069824218, [(8 61 25)-(5 27 11)-(1 60 29)-(8 31 15)-(3 62 28)-(10 8 16)]
0.714, 0.5525312622070313, [(1 20 12)-(7 9 14)-(1 44 24)-(1 32 5)-(3 49 2)-(4 47 13)]
0.7112, 0.5487727325439453, [(2 3 27)-(9 29 8)-(10 37 5)-(8 18 26)-(15 36 1)-(8 12 16)]
0.714, 0.55253173828125, [(4 34 13)-(9 16 4)-(12 51 29)-(15 22 22)-(6 57 22)-(6 61 14)]
0.714, 0.5525317123413086, [(5 55 28)-(0 33 17)-(5 40 8)-(13 35 20)-(1 52 26)-(1 46 1)]
0.714, 0.5525274475097657, [(4 22 2)-(2 45 29)-(0 25 11)-(9 17 18)-(12 43 17)-(5 44 21)]
0.714, 0.5525311370849609, [(6 32 30)-(11 45 17)-(15 15 10)-(6 28 12)-(7 14 2)-(12 28 18)]
0.714, 0.5525333587646484, [(14 15 29)-(7 45 2)-(7 29 7)-(13 52 1)-(9 14 17)-(13 57 3)]
0.714, 0.55253173828125, [(7 13 29)-(15 23 7)-(8 59 28)-(6 5 8)-(0 51 31)-(5 56 3)]
0.7133, 0.5525437713623047, [(4 20 28)-(5 55 12)-(6 58 10)-(12 41 13)-(11 36 23)-(1 19 21)]
0.714, 0.5525326202392578, [(8 27 6)-(15 0 1)-(14 33 13)-(11 50 2)-(15 38 9)-(10 8 14)]
0.2247, 0.9256817749023438, [(2 29 20)-(10 16 30)-(2 39 27)-(1 26 23)-(15 8 3)-(11 33 17)]
0.1081, 0.8997883453369141, [(10 28 17)-(15 48 12)-(15 10 1)-(12 21 6)-(10 12 30)-(8 3 13)]
0.714, 0.5525317291259766, [(2 48 30)-(15 14 22)-(15 52 26)-(15 11 30)-(7 55 8)-(10 24 1)]
0.7055, 0.5491307708740234, [(14 14 17)-(7 14 26)-(2 44 15)-(1 26 25)-(1 30 3)-(7 30 7)]
0.6974, 0.545455517578125, [(2 41 17)-(3 11 25)-(0 16 14)-(13 6 4)-(11 9 4)-(3 14 4)]
0.714, 0.5525317932128906, [(7 2 10)-(12 41 25)-(7 45 7)-(8 2 6)-(7 44 2)-(0 9 7)]
0.714, 0.5525313598632813, [(2 28 2)-(3 23 0)-(14 4 21)-(1 22 14)-(14 22 27)-(10 31 14)]
0.7133, 0.5525275970458985, [(12 29 19)-(5 35 14)-(7 11 14)-(15 26 4)-(10 38 25)-(7 22 22)]
0.713, 0.5561692840576171, [(0 53 8)-(5 17 1)-(2 8 7)-(12 35 24)-(15 18 24)-(2 27 22)]
0.714, 0.5525314849853515, [(8 35 5)-(12 3 11)-(7 33 16)-(9 52 10)-(0 48 20)-(13 33 6)]
0.714, 0.5525301666259765, [(5 35 1)-(11 24 5)-(14 59 23)-(0 27 4)-(7 63 3)-(0 17 28)]
0.1269, 0.0, [(13 42 4)-(11 0 29)-(1 26 7)-(1 2 18)-(6 5 30)-(11 0 25)]
0.7043999999999999, 0.5519350341796875, [(11 42 4)-(10 6 19)-(5 52 14)-(11 21 26)-(15 14 5)-(8 14 5)]
0.7138, 0.5525088836669922, [(6 3 19)-(12 48 13)-(9 26 9)-(7 55 13)-(5 36 3)-(10 56 12)]
0.712, 0.5527740234375, [(0 35 21)-(4 62 11)-(1 32 24)-(11 26 22)-(14 43 6)-(10 58 24)]
0.714, 0.5525317260742187, [(4 10 7)-(8 56 11)-(13 29 5)-(5 41 2)-(13 7 3)-(8 5 0)]
0.0954, 0.9964917236328125, [(2 60 11)-(12 61 25)-(5 50 19)-(4 11 30)-(12 7 20)-(3 61 28)]
0.6816, 0.5346642837524413, [(3 36 27)-(12 17 4)-(10 24 26)-(12 33 23)-(9 45 29)-(5 9 25)]
0.714, 0.5525317321777343, [(14 43 15)-(14 8 23)-(5 34 25)-(13 43 31)-(3 48 6)-(9 36 1)]
0.6882, 0.5446721710205078, [(13 10 0)-(7 4 15)-(10 44 16)-(11 8 12)-(3 5 25)-(9 7 31)]
0.714, 0.5525367645263672, [(12 30 20)-(13 59 1)-(15 42 10)-(4 53 28)-(7 25 18)-(12 51 26)]
0.7148, 0.5525545776367188, [(1 33 13)-(13 48 25)-(3 33 14)-(12 20 11)-(4 22 24)-(3 22 14)]
0.6922999999999999, 0.5356267440795899, [(5 9 12)-(4 5 26)-(8 19 1)-(12 9 12)-(5 30 9)-(15 1 31)]
0.7136, 0.5523687225341797, [(0 24 27)-(4 47 17)-(13 38 3)-(10 59 18)-(10 50 15)-(7 42 20)]
0.7135, 0.5524897796630859, [(13 55 25)-(7 36 11)-(6 26 19)-(10 13 3)-(6 50 2)-(0 24 21)]
0.714, 0.551899365234375, [(7 22 29)-(6 1 20)-(3 48 18)-(8 49 20)-(6 43 12)-(7 56 15)]
0.714, 0.5525317352294923, [(1 37 21)-(4 36 19)-(5 45 15)-(6 34 18)-(0 52 24)-(15 37 2)]
0.7132000000000001, 0.5528532165527343, [(10 56 2)-(13 2 16)-(6 13 14)-(9 27 8)-(11 1 21)-(8 62 0)]
0.7106, 0.5542493133544922, [(11 44 6)-(8 20 3)-(14 18 15)-(4 20 24)-(4 22 18)-(11 25 6)]
0.7126, 0.5535762191772461, [(6 17 22)-(15 3 4)-(3 56 8)-(4 11 1)-(11 58 11)-(9 39 19)]
0.714, 0.5525317260742187, [(11 46 2)-(6 28 5)-(0 47 22)-(5 11 0)-(11 28 7)-(13 3 15)]
0.7130000000000001, 0.552679833984375, [(3 26 14)-(2 9 3)-(8 45 6)-(13 47 9)-(9 57 12)-(7 5 21)]
0.0849, 0.0, [(12 6 30)-(10 56 9)-(8 60 29)-(4 39 7)-(0 26 2)-(0 6 24)]
0.7138, 0.5525653686523437, [(10 43 30)-(5 46 7)-(2 19 16)-(10 16 17)-(5 7 20)-(8 49 18)]
0.7132000000000001, 0.5525981597900391, [(15 54 4)-(10 52 15)-(3 39 14)-(0 8 23)-(10 31 12)-(3 42 1)]
0.6912, 0.5353640548706055, [(14 37 17)-(9 35 1)-(11 7 17)-(12 26 31)-(6 60 12)-(12 11 22)]
0.714, 0.5525330078124999, [(11 3 7)-(7 47 16)-(12 15 10)-(10 62 12)-(11 18 17)-(4 54 19)]
0.1393, 0.0, [(0 4 7)-(4 51 3)-(1 20 30)-(5 18 21)-(13 31 7)-(3 36 12)]
0.7111000000000001, 0.5479365997314454, [(11 32 30)-(13 52 9)-(8 39 1)-(11 26 12)-(13 14 5)-(3 26 26)]
0.7136, 0.5523778381347657, [(11 6 4)-(14 5 23)-(5 43 21)-(1 61 30)-(2 19 28)-(6 3 27)]
0.714, 0.5525353668212891, [(8 44 4)-(5 33 23)-(10 33 23)-(15 49 26)-(10 27 17)-(6 22 2)]
0.1021, 0.9962699584960937, [(5 50 12)-(8 25 18)-(1 29 5)-(5 51 14)-(2 4 30)-(4 12 12)]
0.7139, 0.5525326080322266, [(5 56 26)-(8 59 10)-(6 50 5)-(4 32 9)-(1 12 18)-(3 44 9)]
0.713, 0.5473357223510742, [(7 16 31)-(0 55 22)-(8 34 27)-(13 14 26)-(15 11 17)-(9 26 6)]
0.7139, 0.5524219787597656, [(7 12 15)-(9 21 21)-(6 6 15)-(4 23 8)-(13 4 16)-(7 49 21)]
0.714, 0.5525317291259766, [(7 45 17)-(1 41 3)-(7 56 27)-(9 52 24)-(6 56 22)-(14 3 23)]
0.6614, 0.5363759857177735, [(3 30 10)-(1 13 10)-(13 58 13)-(5 6 24)-(4 60 9)-(9 17 26)]
0.714, 0.5525367431640624, [(11 61 21)-(2 45 13)-(8 63 14)-(0 17 14)-(3 56 5)-(8 59 0)]
0.714, 0.5525316955566406, [(12 50 1)-(8 14 12)-(0 24 2)-(14 46 13)-(5 48 24)-(12 57 17)]
0.714, 0.5525317199707032, [(10 49 19)-(2 44 14)-(12 58 26)-(6 56 6)-(10 62 31)-(5 42 18)]
0.7141, 0.5524683715820312, [(14 8 3)-(6 46 0)-(1 22 9)-(7 28 16)-(4 37 8)-(4 11 27)]
0.1028, 0.0, [(2 42 18)-(5 1 17)-(8 41 19)-(2 21 22)-(14 56 7)-(6 27 30)]
