0.714, 0.5525317291259766, [(3 38 18)]
0.714, 0.5525317138671875, [(14 44 1)]
0.714, 0.5525315155029297, [(10 8 14)]
0.714, 0.5525317291259766, [(10 2 30)]
0.714, 0.5525317230224609, [(8 47 28)]
0.714, 0.5525317230224609, [(10 39 29)]
0.714, 0.5525317321777343, [(14 15 15)]
0.714, 0.5525317291259766, [(14 12 7)]
0.714, 0.5525311981201172, [(1 23 13)]
0.714, 0.5525317199707032, [(8 37 12)]
0.714, 0.5525304962158203, [(11 2 10)]
0.714, 0.5525317321777343, [(2 53 26)]
0.714, 0.5525317260742187, [(4 59 16)]
0.714, 0.5525317138671875, [(15 18 11)]
0.714, 0.5525317260742187, [(14 26 1)]
0.714, 0.5525317321777343, [(13 11 20)]
0.7142, 0.5524564849853515, [(15 2 20)]
0.714, 0.5525317260742187, [(5 39 25)]
0.714, 0.5525317199707032, [(11 40 23)]
0.7127, 0.5520566589355469, [(11 27 25)]
0.714, 0.5525317291259766, [(2 58 5)]
0.7138, 0.552535287475586, [(5 23 22)]
0.714, 0.5525317260742187, [(15 38 18)]
0.714, 0.5525317230224609, [(1 18 30)]
0.714, 0.5525317199707032, [(7 32 10)]
0.714, 0.5525822540283203, [(3 4 20)]
0.714, 0.5525317291259766, [(15 48 26)]
0.714, 0.5525317230224609, [(11 62 11)]
0.714, 0.5525317321777343, [(4 48 27)]
0.7133, 0.5532238189697266, [(2 18 24)]
0.714, 0.5525317260742187, [(11 60 7)]
0.714, 0.5525317260742187, [(14 47 10)]
0.714, 0.5525316162109375, [(3 5 18)]
0.714, 0.5525317352294922, [(15 34 25)]
0.714, 0.5525317230224609, [(15 21 24)]
0.714, 0.5525317352294922, [(1 28 5)]
0.7141, 0.5525048065185547, [(11 12 18)]
0.714, 0.5525317199707032, [(15 40 1)]
0.714, 0.5525317260742187, [(2 35 22)]
0.714, 0.5525291900634766, [(1 20 15)]
0.714, 0.5525317138671875, [(12 46 16)]
0.714, 0.5525317230224609, [(5 45 13)]
0.714, 0.5525317230224609, [(4 34 15)]
0.714, 0.5525317321777343, [(9 56 2)]
0.714, 0.552531704711914, [(3 7 10)]
0.714, 0.5525317230224609, [(1 60 10)]
0.714, 0.5525317260742187, [(14 11 21)]
0.714, 0.5525317260742187, [(9 42 20)]
0.714, 0.5525317199707032, [(2 41 9)]
0.714, 0.5525327178955078, [(0 14 14)]
0.7142999999999999, 0.552361474609375, [(5 2 21)]
0.714, 0.55253173828125, [(9 31 14)]
0.714, 0.5525315673828124, [(1 13 14)]
0.714, 0.5525317199707032, [(1 35 11)]
0.7142999999999999, 0.5527436309814453, [(9 23 24)]
0.714, 0.5525317321777343, [(6 62 31)]
0.714, 0.5525317291259766, [(14 6 1)]
0.714, 0.5525317230224609, [(10 56 31)]
0.714, 0.5525338500976562, [(4 25 16)]
0.714, 0.5525317199707032, [(0 51 5)]
0.714, 0.5525317413330078, [(0 55 18)]
0.7139, 0.5523642242431641, [(14 0 17)]
0.714, 0.5525317230224609, [(15 17 4)]
0.714, 0.5525317169189452, [(12 6 5)]
0.714, 0.5525317108154297, [(14 28 16)]
0.714, 0.5525317260742187, [(13 6 21)]
0.714, 0.55253173828125, [(9 36 0)]
0.714, 0.5525317260742187, [(13 26 15)]
0.714, 0.5525317199707032, [(6 19 0)]
0.714, 0.5525317199707032, [(12 4 3)]
0.714, 0.5525317291259766, [(6 56 12)]
0.714, 0.5525317108154297, [(15 22 18)]
0.7139, 0.5525555572509766, [(5 20 18)]
0.714, 0.5525317230224609, [(13 39 15)]
0.714, 0.5525317260742187, [(10 58 3)]
0.714, 0.5525317260742187, [(10 42 19)]
0.7128, 0.5512933715820312, [(4 20 27)]
0.714, 0.5525317291259766, [(0 49 24)]
0.714, 0.5525317230224609, [(9 57 24)]
0.714, 0.5525317199707032, [(6 29 3)]
0.714, 0.5525317199707032, [(5 35 16)]
0.714, 0.5525317321777343, [(12 50 8)]
0.7137, 0.5512976440429687, [(6 25 31)]
0.714, 0.5525317291259766, [(4 47 5)]
0.714, 0.5525317260742187, [(13 31 0)]
0.714, 0.5525317260742187, [(6 38 29)]
0.714, 0.5525317352294923, [(3 38 0)]
0.714, 0.5525317413330078, [(5 30 6)]
0.7139, 0.5525644256591797, [(9 29 22)]
0.714, 0.5525317291259766, [(1 31 2)]
0.714, 0.5525317199707032, [(2 47 16)]
0.714, 0.5525317321777343, [(10 42 26)]
0.714, 0.5525317260742187, [(4 46 14)]
0.714, 0.5525317169189452, [(5 15 5)]
0.714, 0.5525317291259766, [(5 52 14)]
0.714, 0.5525317230224609, [(11 39 2)]
0.714, 0.5525317352294922, [(12 40 3)]
0.714, 0.5525317230224609, [(2 56 11)]
0.714, 0.5525317321777343, [(4 40 22)]
0.714, 0.5525319122314454, [(7 8 13)]
0.714, 0.5525316955566406, [(0 26 12)]
0.7132000000000001, 0.5528002288818359, [(6 11 20)]
0.7125, 0.5506547119140626, [(12 16 26)]
0.714, 0.5525317260742187, [(13 27 18)]
0.714, 0.5525317260742187, [(4 63 6)]
0.714, 0.5525317260742187, [(9 49 8)]
0.714, 0.5525317291259766, [(8 48 13)]
0.714, 0.5525317260742187, [(15 14 8)]
0.714, 0.5525317321777343, [(14 28 28)]
0.714, 0.5525317108154297, [(5 55 17)]
0.714, 0.55253173828125, [(2 18 3)]
0.714, 0.5525317199707032, [(4 52 3)]
0.714, 0.5525317199707032, [(2 30 1)]
0.714, 0.5525317260742187, [(11 13 8)]
0.714, 0.5525317230224609, [(1 34 11)]
0.714, 0.5525317276000976, [(14 16 19)]
0.714, 0.5525276763916016, [(10 8 16)]
0.714, 0.5525317260742187, [(14 34 14)]
0.7139, 0.5522694122314453, [(1 20 22)]
0.714, 0.5525317199707032, [(7 35 16)]
0.714, 0.5525317230224609, [(8 4 2)]
0.714, 0.5525317138671875, [(15 50 7)]
0.714, 0.5525318084716797, [(5 21 10)]
0.714, 0.5525317230224609, [(4 11 1)]
0.714, 0.5525317199707032, [(4 55 24)]
0.714, 0.5525317321777343, [(12 35 4)]
0.714, 0.5525317260742187, [(13 33 10)]
0.714, 0.5525317260742187, [(15 44 14)]
0.714, 0.5525317276000976, [(13 59 8)]
0.714, 0.55253173828125, [(8 37 19)]
0.7108, 0.5483899719238281, [(1 23 25)]
0.714, 0.5525317169189453, [(15 50 21)]
0.714, 0.5525317291259766, [(5 34 17)]
0.7124999999999999, 0.5532949279785155, [(4 16 25)]
0.714, 0.5525317321777343, [(10 47 25)]
0.7134, 0.5529128723144532, [(11 24 26)]
0.7136, 0.5529645446777344, [(1 7 28)]
0.714, 0.5525317291259766, [(13 17 22)]
0.714, 0.5525317291259766, [(1 62 0)]
0.714, 0.5525317169189453, [(14 53 23)]
0.714, 0.5525317260742187, [(5 58 26)]
0.7132000000000001, 0.5525449676513672, [(6 3 21)]
0.714, 0.5525317230224609, [(7 42 0)]
0.714, 0.5525317199707032, [(9 13 24)]
0.7135, 0.5526096984863281, [(6 2 18)]
0.714, 0.5525317230224609, [(5 11 30)]
0.714, 0.55253173828125, [(14 49 26)]
0.714, 0.5525330627441406, [(7 16 15)]
0.714, 0.5525317352294923, [(2 18 7)]
0.714, 0.5525317230224609, [(13 30 22)]
0.7136, 0.5525075439453125, [(10 18 19)]
0.7147, 0.5533832824707031, [(3 8 26)]
0.714, 0.5525317321777343, [(5 33 28)]
0.714, 0.5525317321777343, [(10 52 28)]
0.714, 0.5525317291259766, [(9 51 28)]
0.714, 0.5525317199707032, [(8 58 27)]
0.714, 0.5525317321777343, [(9 33 20)]
0.714, 0.5525368774414063, [(4 14 15)]
0.714, 0.5525317230224609, [(13 16 19)]
0.714, 0.5525317321777343, [(11 41 8)]
0.714, 0.5525316986083985, [(6 28 9)]
0.714, 0.5525317260742187, [(15 17 26)]
0.714, 0.5525306579589844, [(10 26 15)]
0.714, 0.5525317138671875, [(10 53 3)]
0.714, 0.5525317138671875, [(5 0 1)]
0.714, 0.5525317276000976, [(9 49 12)]
0.7136, 0.5525473419189453, [(3 10 26)]
0.714, 0.5525317199707032, [(7 59 22)]
0.714, 0.5525317321777343, [(7 53 2)]
0.714, 0.5525317291259766, [(3 55 7)]
0.714, 0.5525317199707032, [(10 62 3)]
0.714, 0.5525317108154297, [(1 9 6)]
0.7027, 0.5407284698486328, [(12 1 25)]
0.714, 0.5525317199707032, [(13 7 31)]
0.7123999999999999, 0.55185546875, [(8 25 29)]
0.714, 0.5525317199707032, [(1 42 21)]
0.714, 0.5525313537597656, [(2 0 8)]
0.714, 0.5525317230224609, [(1 9 0)]
0.714, 0.5525317260742187, [(15 32 27)]
0.714, 0.5525317199707032, [(6 30 10)]
0.714, 0.5525317413330078, [(9 43 10)]
0.714, 0.5525317352294923, [(2 38 21)]
0.714, 0.5525317260742187, [(14 48 6)]
0.7022999999999999, 0.5422919403076172, [(15 1 27)]
0.714, 0.5525318115234374, [(4 8 12)]
0.714, 0.5525317291259766, [(1 52 9)]
0.714, 0.5525317291259766, [(12 54 22)]
0.714, 0.5525317291259766, [(3 47 9)]
0.714, 0.5525317169189453, [(7 45 18)]
0.7137, 0.552520718383789, [(3 29 22)]
0.7142999999999999, 0.5523706420898438, [(12 11 26)]
0.7022999999999999, 0.5422917541503907, [(15 1 28)]
0.714, 0.5525317260742187, [(0 40 11)]
0.714, 0.5525317321777343, [(3 57 17)]
0.714, 0.5525317352294923, [(13 59 16)]
0.714, 0.5525317138671875, [(12 49 25)]
0.714, 0.5525317260742187, [(14 16 10)]
0.714, 0.5525317199707032, [(2 42 20)]
0.714, 0.5525317199707032, [(12 0 30)]
0.7131000000000001, 0.5525736236572265, [(3 20 21)]
0.714, 0.5525092468261719, [(2 17 18)]
0.714, 0.5525317291259766, [(10 31 28)]
0.714, 0.5525317291259766, [(3 49 26)]
0.714, 0.5525317291259766, [(14 28 10)]
0.714, 0.5525317199707032, [(7 40 15)]
0.714, 0.5525317199707032, [(15 30 13)]
0.714, 0.5525309967041016, [(0 27 12)]
0.7109000000000001, 0.5520425842285157, [(1 13 31)]
0.714, 0.5525317291259766, [(13 26 21)]
0.714, 0.5525317321777343, [(10 9 8)]
0.714, 0.5525317291259766, [(6 40 21)]
0.714, 0.5525321319580079, [(2 6 10)]
0.714, 0.5525317291259766, [(5 32 3)]
0.714, 0.5525317199707032, [(11 43 29)]
0.714, 0.5525317230224609, [(13 5 10)]
0.714, 0.5525317230224609, [(10 10 7)]
0.714, 0.5525317321777343, [(14 59 20)]
0.714, 0.5497950317382813, [(6 17 25)]
0.7101, 0.5466783203125, [(0 2 31)]
0.714, 0.5525317352294923, [(3 10 18)]
0.714, 0.5525317321777343, [(14 60 14)]
0.714, 0.5525317321777343, [(8 59 4)]
0.714, 0.5525317260742187, [(5 63 23)]
0.714, 0.5525317230224609, [(9 63 31)]
0.714, 0.5525317291259766, [(2 22 7)]
0.714, 0.5525317230224609, [(3 4 3)]
0.714, 0.5525317352294922, [(15 38 16)]
0.714, 0.5525317321777343, [(15 52 27)]
0.7141, 0.5507116424560548, [(0 8 31)]
0.714, 0.5525315948486328, [(14 0 7)]
0.714, 0.5525317260742187, [(13 36 23)]
0.714, 0.5525317169189453, [(11 55 25)]
0.714, 0.5525317291259766, [(2 55 13)]
0.714, 0.5525336395263671, [(3 1 13)]
0.714, 0.5525317230224609, [(7 43 1)]
0.714, 0.5525317230224609, [(7 43 16)]
0.714, 0.5525317352294922, [(4 41 9)]
0.7139, 0.5532905670166015, [(2 15 24)]
0.714, 0.5525317352294922, [(8 52 25)]
0.714, 0.5525317321777343, [(14 38 8)]
0.714, 0.5525317230224609, [(8 58 26)]
0.714, 0.5525317138671875, [(2 31 13)]
0.714, 0.5525317077636719, [(14 1 9)]
0.714, 0.5525319061279297, [(7 8 13)]
0.714, 0.5525317230224609, [(14 33 15)]
0.714, 0.5525317260742187, [(13 35 9)]
0.714, 0.5525317291259766, [(15 47 19)]
0.714, 0.5525317199707032, [(13 58 19)]
0.714, 0.5525317260742187, [(12 49 17)]
0.714, 0.5525317291259766, [(1 41 9)]
0.714, 0.5525317230224609, [(8 28 30)]
0.714, 0.5525317596435546, [(1 24 8)]
0.714, 0.5525317291259766, [(13 61 5)]
0.714, 0.5525317230224609, [(14 33 4)]
0.714, 0.5525317230224609, [(1 40 24)]
0.714, 0.5525317169189453, [(9 63 31)]
0.714, 0.5525317230224609, [(3 60 9)]
0.714, 0.5525317291259766, [(5 41 0)]
0.714, 0.552531721496582, [(5 58 5)]
0.714, 0.5525328186035157, [(7 6 16)]
0.714, 0.5525317321777343, [(1 38 8)]
0.714, 0.5525323822021484, [(8 8 13)]
0.714, 0.5525317230224609, [(4 52 3)]
0.714, 0.5525317321777343, [(3 41 1)]
0.714, 0.5525317260742187, [(8 36 18)]
0.714, 0.5525317352294922, [(14 28 30)]
0.714, 0.5525317230224609, [(2 41 10)]
0.714, 0.5525317291259766, [(13 14 26)]
0.714, 0.5525317169189453, [(11 7 2)]
0.714, 0.5525317413330078, [(15 27 29)]
0.714, 0.5525317352294923, [(0 59 23)]
0.7113, 0.55655791015625, [(6 27 28)]
0.7139, 0.5525238555908203, [(7 19 19)]
0.714, 0.5525316955566406, [(12 18 9)]
0.714, 0.5525318389892577, [(0 3 8)]
0.714, 0.5525317230224609, [(2 10 6)]
0.7141, 0.5525414916992187, [(0 2 18)]
0.714, 0.5525317291259766, [(1 7 2)]
0.714, 0.5525317260742187, [(9 41 13)]
0.714, 0.5525317199707032, [(8 52 25)]
0.714, 0.5525317230224609, [(15 16 27)]
0.714, 0.5525317199707032, [(6 13 5)]
0.714, 0.5525317199707032, [(1 60 5)]
0.7118, 0.5520362487792969, [(7 13 27)]
0.714, 0.5525317321777343, [(15 53 2)]
0.714, 0.5525317291259766, [(8 24 8)]
0.714, 0.552531869506836, [(3 28 14)]
0.6959, 0.5333539489746093, [(15 2 31)]
0.714, 0.5525317260742187, [(12 27 6)]
0.714, 0.5525164611816407, [(2 19 15)]
0.7133, 0.5522549346923828, [(7 28 25)]
0.714, 0.5525317108154297, [(1 42 14)]
0.714, 0.5525317199707032, [(14 60 2)]
0.714, 0.5525317260742187, [(3 63 4)]
0.714, 0.5525317230224609, [(3 61 13)]
0.7141, 0.5527111358642578, [(6 24 23)]
0.714, 0.55253173828125, [(0 40 29)]
0.714, 0.5525316436767578, [(14 1 7)]
0.7138, 0.55249833984375, [(1 23 17)]
0.714, 0.5525317230224609, [(5 30 5)]
0.714, 0.5525309844970703, [(8 9 14)]
0.714, 0.5525317199707032, [(15 1 1)]
0.714, 0.552531736755371, [(5 52 31)]
0.714, 0.5525317260742187, [(3 57 25)]
0.714, 0.5525317291259766, [(14 49 25)]
0.714, 0.5525317169189452, [(0 45 24)]
0.714, 0.5525317352294922, [(4 11 10)]
0.714, 0.5525317321777343, [(5 47 6)]
0.714, 0.5525317230224609, [(12 4 24)]
0.714, 0.5525317413330078, [(1 5 9)]
0.714, 0.5525317169189453, [(15 51 4)]
0.7133, 0.5525424865722657, [(5 13 27)]
0.714, 0.5525317245483399, [(13 30 30)]
0.714, 0.5525317352294922, [(10 50 19)]
0.714, 0.5525316589355469, [(7 22 25)]
0.714, 0.5525317291259766, [(14 28 0)]
0.714, 0.552531704711914, [(6 61 27)]
0.714, 0.5525317291259766, [(15 17 30)]
0.714, 0.5525317199707032, [(8 17 2)]
0.7138, 0.5522413940429687, [(4 11 26)]
0.714, 0.552531721496582, [(3 62 20)]
0.714, 0.5525317199707032, [(13 60 21)]
0.714, 0.55253173828125, [(5 38 15)]
0.714, 0.5525292297363282, [(5 13 18)]
0.714, 0.5525317169189453, [(6 29 9)]
0.714, 0.5525318267822266, [(10 9 12)]
0.7139, 0.553105874633789, [(2 12 24)]
0.714, 0.552531869506836, [(7 2 10)]
0.7127, 0.5533328002929687, [(3 17 27)]
0.714, 0.55253173828125, [(13 32 1)]
0.714, 0.5525317413330078, [(2 23 8)]
0.714, 0.5525317199707032, [(9 48 23)]
0.714, 0.5525317291259766, [(0 29 3)]
0.714, 0.5525318115234374, [(3 16 10)]
0.7137, 0.5514736541748047, [(10 8 27)]
0.714, 0.5525316864013672, [(4 28 13)]
0.714, 0.5525317260742187, [(10 62 5)]
0.714, 0.5525317230224609, [(10 33 5)]
0.714, 0.5525317260742187, [(2 58 27)]
0.714, 0.5525317413330078, [(3 4 9)]
0.714, 0.5525352813720703, [(0 5 17)]
0.714, 0.5525317199707032, [(6 11 5)]
0.714, 0.5525317138671875, [(2 33 3)]
0.713, 0.550022348022461, [(6 6 29)]
0.714, 0.5525317291259766, [(11 11 1)]
0.714, 0.5525317199707032, [(11 40 25)]
0.7126, 0.5515354919433594, [(8 20 23)]
0.714, 0.5525317230224609, [(2 39 18)]
0.7121, 0.5514836517333984, [(7 25 28)]
0.714, 0.5525317260742187, [(2 45 19)]
0.714, 0.5525317230224609, [(4 57 24)]
0.714, 0.5525317260742187, [(15 61 4)]
0.714, 0.5525317230224609, [(3 47 19)]
0.7118, 0.5539131805419921, [(6 1 22)]
0.714, 0.5525317260742187, [(13 62 29)]
0.714, 0.5525317291259766, [(8 44 19)]
0.714, 0.5525317291259766, [(9 37 1)]
0.714, 0.5525317321777343, [(5 42 1)]
0.714, 0.5525317138671875, [(8 7 30)]
0.7139, 0.552499282836914, [(2 27 15)]
0.714, 0.5525317291259766, [(7 55 12)]
0.714, 0.5525317230224609, [(8 47 6)]
0.714, 0.55253173828125, [(3 51 30)]
0.714, 0.5525317169189453, [(11 4 9)]
0.714, 0.5525317291259766, [(12 34 8)]
0.7123999999999999, 0.5504061431884766, [(1 17 22)]
0.714, 0.5525317291259766, [(11 30 28)]
0.5947, 0.4888302017211914, [(9 0 28)]
0.714, 0.5525317260742187, [(6 39 27)]
0.7137, 0.5525106506347657, [(1 13 21)]
0.714, 0.5525317321777343, [(13 59 10)]
0.714, 0.5525317260742187, [(0 58 20)]
0.714, 0.5525317199707032, [(0 51 25)]
0.714, 0.5525317169189452, [(4 23 7)]
0.7141, 0.5525245483398438, [(9 6 18)]
0.714, 0.5525317443847656, [(8 6 6)]
0.714, 0.5525317230224609, [(0 52 20)]
0.714, 0.5525317291259766, [(14 14 15)]
0.714, 0.5525317199707032, [(12 45 6)]
0.714, 0.5525317199707032, [(10 58 2)]
0.714, 0.5525317169189452, [(2 51 31)]
0.714, 0.5525317321777343, [(13 51 27)]
0.714, 0.5525317321777343, [(15 47 7)]
0.7137, 0.5475595489501953, [(2 28 29)]
0.714, 0.5525317230224609, [(1 47 15)]
0.714, 0.55253173828125, [(8 9 2)]
0.714, 0.5525317199707032, [(8 62 23)]
0.714, 0.5525317260742187, [(8 12 4)]
0.714, 0.5525313995361327, [(8 2 12)]
0.7139, 0.5524905578613282, [(9 26 20)]
0.714, 0.5525317260742187, [(7 42 9)]
0.714, 0.552531721496582, [(14 50 4)]
0.714, 0.5525317321777343, [(6 43 5)]
0.714, 0.5525317138671875, [(15 48 4)]
0.7141, 0.5519540527343749, [(9 0 18)]
0.714, 0.5525317230224609, [(3 57 27)]
0.714, 0.5525317230224609, [(5 53 28)]
0.714, 0.5525317291259766, [(15 43 30)]
0.7113, 0.550009896850586, [(1 6 27)]
0.714, 0.5525317321777343, [(7 8 9)]
0.714, 0.5525315704345704, [(5 18 13)]
0.714, 0.5525317230224609, [(15 24 27)]
0.7128, 0.5483456848144531, [(2 16 28)]
0.7145, 0.552069760131836, [(9 26 25)]
0.714, 0.5525317260742187, [(15 31 25)]
0.714, 0.5525317138671875, [(0 40 8)]
0.714, 0.5525317260742187, [(15 18 2)]
0.7132000000000001, 0.5524797241210937, [(7 17 20)]
0.714, 0.5525317169189452, [(14 6 9)]
0.714, 0.5525317321777343, [(2 48 8)]
0.714, 0.5525317321777343, [(8 49 10)]
0.714, 0.5525317138671875, [(8 57 21)]
0.714, 0.552531721496582, [(8 61 7)]
0.714, 0.5525317230224609, [(13 22 28)]
0.714, 0.5525316955566406, [(4 22 11)]
0.714, 0.552531460571289, [(10 13 20)]
0.714, 0.5525317352294922, [(3 53 2)]
0.714, 0.5525317138671875, [(2 57 9)]
0.714, 0.5525317199707032, [(7 21 9)]
0.714, 0.5525317260742187, [(13 29 16)]
0.714, 0.5525317260742187, [(5 35 7)]
0.7142999999999999, 0.5526679412841797, [(3 22 24)]
0.714, 0.55253173828125, [(7 31 20)]
0.714, 0.5525317260742187, [(12 46 22)]
0.714, 0.5525317230224609, [(14 52 18)]
0.714, 0.5525317169189452, [(8 53 9)]
0.7093, 0.5497712188720703, [(12 7 26)]
0.714, 0.55253173828125, [(5 13 30)]
0.714, 0.5525317199707032, [(9 35 8)]
0.714, 0.5525317321777343, [(6 29 30)]
0.714, 0.5525317230224609, [(15 42 6)]
0.714, 0.5525320831298828, [(4 16 13)]
0.714, 0.5525317291259766, [(15 22 23)]
0.7127, 0.547029312133789, [(0 23 29)]
0.714, 0.5525317291259766, [(15 23 4)]
0.714, 0.5525317199707032, [(15 21 8)]
0.714, 0.5525317230224609, [(15 51 3)]
0.714, 0.5525317352294923, [(14 7 24)]
0.714, 0.5525317260742187, [(7 61 8)]
0.714, 0.5525317138671875, [(0 59 29)]
0.714, 0.5525317260742187, [(4 31 18)]
0.714, 0.5525317291259766, [(6 59 16)]
0.714, 0.5525317169189452, [(12 48 30)]
0.714, 0.5525317291259766, [(7 50 25)]
0.714, 0.5525317199707032, [(15 61 3)]
0.714, 0.5525317260742187, [(9 53 1)]
0.7139, 0.5525244079589844, [(5 22 22)]
0.714, 0.552509243774414, [(2 17 18)]
0.714, 0.5525317260742187, [(1 8 8)]
0.714, 0.5525317260742187, [(9 39 9)]
0.7142999999999999, 0.5524169006347657, [(7 5 21)]
0.714, 0.5525317230224609, [(1 11 5)]
0.714, 0.55253173828125, [(7 34 4)]
0.714, 0.5525317291259766, [(5 38 17)]
0.714, 0.5525317138671875, [(2 42 5)]
0.714, 0.5525317199707032, [(13 44 16)]
0.7136, 0.5531203186035156, [(0 28 29)]
0.714, 0.55253173828125, [(14 35 25)]
0.714, 0.5525317199707032, [(6 36 0)]
0.714, 0.5525317199707032, [(2 12 0)]
0.714, 0.5525316345214843, [(7 25 12)]
0.714, 0.5525317291259766, [(6 32 12)]
0.7125, 0.5506447296142578, [(12 16 29)]
0.714, 0.5525317321777343, [(9 42 6)]
0.714, 0.5525317718505859, [(10 9 13)]
0.714, 0.5525317260742187, [(1 31 12)]
0.714, 0.5525377197265624, [(6 27 14)]
0.714, 0.5525317169189452, [(7 53 28)]
0.714, 0.5525276824951172, [(10 16 18)]
0.714, 0.5525317291259766, [(0 62 26)]
0.714, 0.5525306732177735, [(10 1 14)]
0.714, 0.5525317169189453, [(6 9 30)]
0.714, 0.5525317291259766, [(6 14 3)]
0.714, 0.55253173828125, [(8 36 2)]
0.7138, 0.5524364501953125, [(12 2 18)]
0.7141, 0.5525270904541015, [(8 25 17)]
0.714, 0.5525316131591796, [(12 8 11)]
0.714, 0.5525235595703125, [(2 19 13)]
0.714, 0.5525317230224609, [(11 48 11)]
0.714, 0.5525317260742187, [(13 22 10)]
0.7139, 0.5525498352050782, [(6 8 16)]
0.714, 0.5525317230224609, [(11 35 14)]
0.7141, 0.5527938079833985, [(4 29 29)]
0.7128, 0.5516745880126953, [(8 9 28)]
0.714, 0.5525317199707032, [(10 51 22)]
0.714, 0.5525317169189452, [(6 35 8)]
0.714, 0.5525317108154297, [(7 25 6)]
0.714, 0.5525338684082031, [(0 24 18)]
0.714, 0.5525317321777343, [(15 44 25)]
0.714, 0.5525317260742187, [(5 3 6)]
0.714, 0.5525317321777343, [(13 29 14)]
0.714, 0.5525317352294922, [(11 38 23)]
0.714, 0.5525317260742187, [(3 59 7)]
0.714, 0.5525312133789062, [(1 14 13)]
0.714, 0.5525317199707032, [(5 43 22)]
0.714, 0.5525317321777343, [(14 54 12)]
0.714, 0.5525317260742187, [(5 4 30)]
0.714, 0.5525317352294922, [(6 37 28)]
0.714, 0.5525317352294922, [(15 15 3)]
0.7138, 0.5525398468017577, [(11 13 19)]
0.714, 0.5525317260742187, [(12 50 17)]
0.714, 0.5525317260742187, [(9 62 22)]
0.714, 0.5525317260742187, [(12 52 9)]
0.6066, 0.5138518600463867, [(9 0 25)]
0.714, 0.5525317260742187, [(7 50 18)]
0.714, 0.5525317260742187, [(2 58 29)]
0.714, 0.5525317260742187, [(4 46 11)]
0.714, 0.5525249481201172, [(11 20 16)]
0.714, 0.5525304229736328, [(12 2 11)]
0.714, 0.55253173828125, [(0 22 30)]
0.714, 0.5525317260742187, [(5 26 6)]
0.714, 0.5525317352294922, [(15 5 18)]
0.714, 0.5525317230224609, [(10 53 7)]
0.714, 0.5525317352294923, [(13 61 4)]
0.714, 0.5525317230224609, [(13 35 31)]
0.714, 0.5525317230224609, [(6 46 19)]
0.7132000000000001, 0.5525971893310546, [(0 18 29)]
0.714, 0.5525317352294923, [(11 60 29)]
0.714, 0.5525317199707032, [(9 44 20)]
0.714, 0.5525317291259766, [(1 32 1)]
0.714, 0.5525317138671875, [(11 7 1)]
0.714, 0.5525317199707032, [(5 29 8)]
0.714, 0.5525317199707032, [(15 22 7)]
0.714, 0.5525317260742187, [(13 50 16)]
0.714, 0.5525317321777343, [(15 21 27)]
0.714, 0.5525317169189453, [(13 59 28)]
0.714, 0.5525317169189452, [(9 60 30)]
0.714, 0.5525317413330078, [(9 35 19)]
0.714, 0.5525317352294923, [(13 27 17)]
0.714, 0.5525317260742187, [(7 22 8)]
0.714, 0.5525317108154297, [(3 13 12)]
0.714, 0.5525317108154297, [(3 29 9)]
0.7139, 0.5525815826416016, [(4 25 23)]
0.714, 0.5525317321777343, [(5 36 27)]
0.7142, 0.5528327545166016, [(7 8 27)]
0.714, 0.5525317291259766, [(6 36 23)]
0.714, 0.5525317169189453, [(5 20 3)]
0.714, 0.5525317260742187, [(2 25 30)]
0.714, 0.5525317352294922, [(6 30 25)]
0.714, 0.5525317321777343, [(5 0 30)]
0.714, 0.5525317260742187, [(7 7 30)]
0.714, 0.5525317138671875, [(7 63 6)]
0.714, 0.5525317321777343, [(6 24 0)]
0.7138, 0.5525222595214844, [(7 19 20)]
0.714, 0.55253173828125, [(9 30 16)]
0.714, 0.5525317291259766, [(3 46 9)]
0.714, 0.5525317291259766, [(5 56 25)]
0.714, 0.5525317352294922, [(5 29 7)]
0.714, 0.5525317138671875, [(6 31 9)]
0.714, 0.5525315490722656, [(11 7 14)]
0.714, 0.5525317077636718, [(5 29 9)]
0.714, 0.55253173828125, [(11 38 29)]
0.714, 0.5525317199707032, [(14 39 19)]
0.714, 0.5525317199707032, [(6 36 18)]
0.714, 0.5525317230224609, [(13 39 25)]
0.714, 0.5525317260742187, [(1 11 30)]
0.714, 0.5525317199707032, [(3 44 11)]
0.7085, 0.5456089080810547, [(12 4 26)]
0.714, 0.5525317199707032, [(5 37 29)]
0.714, 0.5525317230224609, [(8 39 26)]
0.714, 0.5525317260742187, [(12 19 30)]
0.714, 0.5525317199707032, [(13 0 2)]
0.714, 0.5525317199707032, [(12 45 3)]
0.714, 0.5525317321777343, [(6 60 4)]
0.714, 0.5525316986083985, [(6 14 7)]
0.714, 0.5525317321777343, [(14 10 14)]
0.714, 0.5525317260742187, [(9 39 17)]
0.714, 0.5525317260742187, [(1 52 18)]
0.714, 0.5525317352294922, [(4 41 6)]
0.7137, 0.5548960998535156, [(1 6 31)]
0.714, 0.5525317153930664, [(4 51 8)]
0.714, 0.5525318359375, [(0 4 10)]
0.714, 0.5525317352294923, [(4 60 9)]
0.714, 0.5525317199707032, [(6 63 24)]
0.714, 0.5525317260742187, [(5 62 24)]
0.7145999999999999, 0.5524923828124999, [(11 8 20)]
0.714, 0.5525317260742187, [(10 46 27)]
0.714, 0.5525317199707032, [(2 34 8)]
0.714, 0.5525317260742187, [(9 21 4)]
0.714, 0.5525317291259766, [(10 41 20)]
0.714, 0.5525317321777343, [(7 58 18)]
0.714, 0.5525317291259766, [(6 54 3)]
0.714, 0.5525300079345703, [(11 7 18)]
0.714, 0.5525317108154297, [(15 47 27)]
0.714, 0.5525317169189453, [(9 15 9)]
0.714, 0.5525317138671875, [(3 45 26)]
0.714, 0.5525316864013672, [(2 28 7)]
0.714, 0.5525317199707032, [(0 51 5)]
0.714, 0.5525317199707032, [(7 38 20)]
0.714, 0.5525307891845703, [(0 16 14)]
0.714, 0.5525317260742187, [(3 30 5)]
0.714, 0.5525317291259766, [(13 4 2)]
0.714, 0.5525317230224609, [(15 9 25)]
0.7137, 0.552442123413086, [(9 5 19)]
0.7139, 0.55252431640625, [(1 27 20)]
0.714, 0.5525317321777343, [(14 24 26)]
0.714, 0.5525310913085937, [(3 18 14)]
0.714, 0.5525224243164062, [(12 23 17)]
0.714, 0.55253173828125, [(2 54 20)]
0.714, 0.5525317443847656, [(0 51 28)]
0.714, 0.5525317199707032, [(13 42 3)]
0.714, 0.5525319213867188, [(7 8 13)]
0.714, 0.5525317230224609, [(10 29 2)]
0.714, 0.5525294189453125, [(2 16 13)]
0.7075, 0.5551372283935547, [(3 14 31)]
0.7139, 0.5525362731933594, [(9 27 16)]
0.714, 0.5525341491699218, [(1 18 15)]
0.714, 0.5525317199707032, [(4 18 0)]
0.714, 0.5525314697265625, [(6 4 16)]
0.714, 0.5525315124511718, [(0 2 13)]
0.7129, 0.5520575500488282, [(12 9 28)]
0.714, 0.5525317169189453, [(9 44 21)]
0.714, 0.5525317169189453, [(2 9 3)]
0.714, 0.5525317321777343, [(7 16 8)]
0.714, 0.5525317199707032, [(15 40 29)]
0.714, 0.5525313507080079, [(0 22 13)]
0.6287, 0.49361573944091797, [(0 0 29)]
0.714, 0.5525317352294922, [(2 29 3)]
0.714, 0.5525317230224609, [(6 60 20)]
0.714, 0.5525317291259766, [(13 30 10)]
0.714, 0.5525317291259766, [(7 43 3)]
0.714, 0.5525317321777343, [(3 55 7)]
0.714, 0.5525317199707032, [(3 62 4)]
0.7141, 0.5525786682128906, [(3 8 20)]
0.714, 0.5525317199707032, [(4 60 5)]
0.714, 0.5525317260742187, [(6 61 12)]
0.714, 0.5525317260742187, [(1 48 26)]
0.714, 0.5525317230224609, [(9 57 16)]
0.714, 0.5525317199707032, [(3 60 20)]
0.714, 0.5525317169189453, [(13 55 27)]
0.6366, 0.5198599594116211, [(9 2 31)]
0.714, 0.5525317321777343, [(1 60 21)]
0.714, 0.5525317291259766, [(6 47 5)]
0.714, 0.55253173828125, [(9 25 0)]
0.714, 0.5525317321777343, [(3 5 30)]
0.714, 0.5525317291259766, [(4 44 18)]
0.714, 0.5525317352294922, [(0 49 21)]
0.714, 0.5525317199707032, [(15 22 8)]
0.7138, 0.5522023132324219, [(5 22 27)]
0.714, 0.5525317321777343, [(7 63 5)]
0.714, 0.5525317230224609, [(10 32 22)]
0.714, 0.5525317321777343, [(14 17 23)]
0.714, 0.5525317260742187, [(13 60 18)]
0.714, 0.5525317138671875, [(9 47 22)]
0.7139, 0.5525601745605468, [(1 28 21)]
0.714, 0.5525317352294923, [(15 4 14)]
0.714, 0.5525315673828125, [(7 1 9)]
0.714, 0.5525317291259766, [(3 52 8)]
0.714, 0.5525317291259766, [(13 44 10)]
0.714, 0.5525317230224609, [(8 60 17)]
0.714, 0.5525317245483399, [(10 49 9)]
0.714, 0.552530923461914, [(12 17 13)]
0.714, 0.5525317169189453, [(13 15 16)]
0.47829999999999995, 0.4389056030273437, [(3 1 31)]
0.714, 0.5525317230224609, [(15 23 4)]
0.714, 0.5525315673828125, [(5 18 13)]
0.714, 0.5525317321777343, [(10 57 14)]
0.714, 0.5525317199707032, [(10 63 26)]
0.714, 0.5525317321777343, [(6 41 4)]
0.714, 0.5525317230224609, [(4 31 19)]
0.714, 0.5525317230224609, [(8 1 6)]
0.7132000000000001, 0.5529858337402344, [(11 11 23)]
0.714, 0.5525317291259766, [(4 62 9)]
0.714, 0.5525317230224609, [(10 8 6)]
0.7138, 0.5525337829589844, [(4 7 21)]
0.714, 0.5525317291259766, [(12 27 10)]
0.714, 0.5525317291259766, [(2 56 15)]
0.7142999999999999, 0.5523787811279297, [(4 2 18)]
0.714, 0.5525317321777343, [(1 50 8)]
0.714, 0.5525317474365234, [(3 43 5)]
0.714, 0.5525317230224609, [(4 42 12)]
0.7074, 0.5479303894042968, [(8 1 28)]
0.714, 0.5525317230224609, [(1 33 18)]
0.714, 0.5525317260742187, [(15 55 23)]
0.714, 0.55253173828125, [(0 52 28)]
0.714, 0.5525317138671875, [(13 45 2)]
0.714, 0.5525317138671875, [(14 39 29)]
0.714, 0.5525317260742187, [(10 45 22)]
0.7139, 0.5525021606445313, [(2 0 15)]
0.7149, 0.5504749633789063, [(11 20 28)]
0.714, 0.5525317260742187, [(10 35 19)]
0.714, 0.5525317321777343, [(12 0 30)]
0.714, 0.5525317260742187, [(6 11 30)]
0.714, 0.5525317352294923, [(5 51 2)]
0.714, 0.5525317169189453, [(5 1 30)]
0.714, 0.5525317230224609, [(15 36 18)]
0.714, 0.5525317123413086, [(4 59 1)]
0.714, 0.5525317321777343, [(5 30 2)]
0.714, 0.5525317199707032, [(9 50 22)]
0.714, 0.5525317321777343, [(12 50 27)]
0.714, 0.5525317413330078, [(3 16 8)]
0.714, 0.5525317230224609, [(3 23 7)]
0.714, 0.5525306976318359, [(7 22 21)]
0.714, 0.5525317260742187, [(12 55 23)]
0.714, 0.5525317321777343, [(8 49 16)]
0.7119, 0.5510111694335937, [(1 15 25)]
0.714, 0.5525317260742187, [(7 39 7)]
0.714, 0.5525331512451171, [(4 4 14)]
0.714, 0.5525317291259766, [(1 56 25)]
0.7121999999999999, 0.5402745635986328, [(10 0 23)]
0.7135, 0.5521950469970702, [(10 4 24)]
0.7138, 0.5522050964355469, [(12 12 28)]
0.714, 0.5525317260742187, [(12 37 24)]
0.714, 0.5525317260742187, [(11 48 31)]
0.714, 0.5525317199707032, [(2 62 5)]
0.714, 0.5525317321777343, [(8 11 4)]
0.714, 0.5525317138671875, [(7 58 7)]
0.7139, 0.5525155029296875, [(14 1 15)]
0.714, 0.5525319061279297, [(2 17 12)]
0.714, 0.5525316711425782, [(7 12 11)]
0.714, 0.5525317260742187, [(8 44 29)]
0.714, 0.5525317169189453, [(12 2 12)]
0.714, 0.5525317321777343, [(0 25 4)]
0.714, 0.5525317230224609, [(14 14 16)]
0.714, 0.5525317352294922, [(15 53 29)]
0.714, 0.5525305145263673, [(5 14 15)]
0.714, 0.5525317260742187, [(2 45 8)]
0.7147, 0.5533854370117187, [(3 8 29)]
0.714, 0.5525317291259766, [(15 62 30)]
0.714, 0.5525317169189453, [(12 34 26)]
0.714, 0.5525317169189453, [(2 32 1)]
0.714, 0.5525317230224609, [(13 38 6)]
0.714, 0.5525317199707032, [(3 61 20)]
0.714, 0.5525317321777343, [(3 63 31)]
0.714, 0.5525317230224609, [(7 50 16)]
0.7132000000000001, 0.5529656158447266, [(2 17 24)]
0.7137, 0.5533112548828125, [(0 4 26)]
0.714, 0.5525317260742187, [(2 51 27)]
0.714, 0.55253173828125, [(15 19 12)]
0.714, 0.5525282501220703, [(2 14 13)]
0.714, 0.5525317199707032, [(3 42 13)]
0.714, 0.5525317199707032, [(15 52 24)]
0.714, 0.5525317291259766, [(15 50 0)]
0.714, 0.5525317230224609, [(1 58 23)]
0.7139, 0.5525284545898437, [(5 25 20)]
0.714, 0.5525317260742187, [(4 29 1)]
0.714, 0.5525317260742187, [(11 41 15)]
0.714, 0.5525317199707032, [(15 31 17)]
0.714, 0.5525317230224609, [(13 58 20)]
0.714, 0.5525317230224609, [(4 39 24)]
0.714, 0.5525317230224609, [(1 28 3)]
0.714, 0.5525317260742187, [(0 41 1)]
0.714, 0.5525317291259766, [(8 60 29)]
0.714, 0.5525317199707032, [(6 59 26)]
0.714, 0.5525317352294922, [(1 52 31)]
0.714, 0.5525317352294923, [(14 10 22)]
0.714, 0.5525317291259766, [(13 62 17)]
0.714, 0.5525317260742187, [(13 50 21)]
0.714, 0.5525317306518555, [(14 25 31)]
0.714, 0.5525317321777343, [(0 58 12)]
0.714, 0.5525317260742187, [(11 47 28)]
0.714, 0.5525317352294922, [(7 15 11)]
0.714, 0.5525317413330078, [(11 50 18)]
0.7141, 0.5525172210693359, [(5 1 15)]
0.7133, 0.5525424774169923, [(5 13 28)]
0.7029, 0.5446786254882813, [(9 2 29)]
0.714, 0.5525317352294923, [(4 20 1)]
0.714, 0.5525316009521484, [(1 27 12)]
0.714, 0.5525317230224609, [(6 55 2)]
0.714, 0.5525316589355469, [(10 11 9)]
0.714, 0.5525317321777343, [(1 30 29)]
0.714, 0.5525317230224609, [(5 37 27)]
0.714, 0.55253173828125, [(15 16 25)]
0.714, 0.5525317291259766, [(3 49 8)]
0.714, 0.5525317230224609, [(13 27 26)]
0.714, 0.552531298828125, [(3 15 13)]
0.714, 0.5525317138671875, [(0 25 9)]
0.714, 0.5525317230224609, [(0 25 30)]
0.714, 0.5525317199707032, [(4 59 12)]
0.714, 0.5525317352294922, [(0 62 4)]
0.714, 0.5525317199707032, [(8 29 30)]
0.714, 0.5525317291259766, [(2 50 22)]
0.714, 0.5525317230224609, [(12 32 30)]
0.714, 0.5525317260742187, [(1 49 12)]
0.714, 0.5525317260742187, [(15 33 3)]
0.714, 0.5525317199707032, [(15 20 7)]
0.6993, 0.5413370849609376, [(5 6 26)]
0.714, 0.5525315917968749, [(4 19 12)]
0.714, 0.5525317230224609, [(6 48 8)]
0.714, 0.5525317199707032, [(1 3 1)]
0.7135, 0.5526069732666016, [(4 19 23)]
0.714, 0.5525317230224609, [(2 13 4)]
0.714, 0.5525317199707032, [(6 44 23)]
0.714, 0.5525317199707032, [(9 61 20)]
0.714, 0.5525317291259766, [(7 6 7)]
0.714, 0.5525317291259766, [(2 63 4)]
0.714, 0.5525317230224609, [(10 52 21)]
0.714, 0.5525317260742187, [(9 45 8)]
0.714, 0.5525317169189452, [(12 60 13)]
0.714, 0.5525317352294922, [(2 60 29)]
0.714, 0.5525317321777343, [(9 36 21)]
0.712, 0.5505433868408203, [(7 26 28)]
0.714, 0.5525316802978516, [(0 15 11)]
0.714, 0.5525317230224609, [(10 45 1)]
0.714, 0.5525317291259766, [(4 41 14)]
0.714, 0.5525317199707032, [(14 31 12)]
0.714, 0.5525316040039062, [(11 0 6)]
0.714, 0.5525317169189453, [(6 41 14)]
0.714, 0.5525317291259766, [(7 40 8)]
0.714, 0.5525317291259766, [(4 13 7)]
0.714, 0.5525317352294922, [(10 38 1)]
0.714, 0.5525317230224609, [(14 30 30)]
0.714, 0.5525317321777343, [(14 55 15)]
0.714, 0.5525317199707032, [(1 56 23)]
0.6990000000000001, 0.5496315399169922, [(6 1 28)]
0.714, 0.5525317291259766, [(6 39 26)]
0.714, 0.5525317504882812, [(8 4 10)]
0.714, 0.5525299591064453, [(11 19 14)]
0.714, 0.5525317230224609, [(3 1 30)]
0.714, 0.5525317260742187, [(8 40 7)]
0.714, 0.5525317230224609, [(2 5 0)]
0.713, 0.5524881896972655, [(3 29 31)]
0.714, 0.55253173828125, [(12 37 16)]
0.714, 0.5525317260742187, [(11 20 11)]
0.714, 0.5525317199707032, [(14 49 11)]
0.714, 0.5525317138671875, [(9 54 15)]
0.714, 0.5525317199707032, [(10 30 20)]
0.714, 0.5525317321777343, [(12 37 7)]
0.714, 0.5525317291259766, [(0 60 30)]
0.714, 0.5525317291259766, [(15 7 1)]
0.7133, 0.5523209960937501, [(7 26 23)]
0.714, 0.5525317169189452, [(1 45 25)]
0.714, 0.5525317169189452, [(6 30 10)]
0.714, 0.5525317321777343, [(14 55 18)]
0.714, 0.55253173828125, [(14 27 25)]
0.714, 0.5525317291259766, [(2 39 26)]
0.714, 0.5525317169189453, [(15 62 21)]
0.714, 0.5525317260742187, [(3 38 7)]
0.714, 0.5525315338134766, [(0 6 13)]
0.714, 0.5525317230224609, [(12 23 6)]
0.714, 0.5525317321777343, [(9 45 1)]
0.714, 0.552534848022461, [(4 7 16)]
0.714, 0.5525317291259766, [(11 43 21)]
0.7124, 0.5514201293945312, [(7 14 24)]
0.714, 0.5525317138671875, [(3 19 5)]
0.714, 0.55253173828125, [(5 40 1)]
0.714, 0.5525317153930664, [(1 46 28)]
0.714, 0.5525317199707032, [(6 39 5)]
0.7136, 0.5525473937988281, [(3 10 28)]
0.7137, 0.5514736450195312, [(10 8 27)]
0.714, 0.5525317230224609, [(0 37 16)]
0.714, 0.5525346466064454, [(8 3 15)]
0.7108, 0.549624722290039, [(8 28 26)]
0.714, 0.5525317260742187, [(3 21 1)]
0.714, 0.5525317138671875, [(14 28 13)]
0.714, 0.5525317321777343, [(6 46 11)]
0.714, 0.5525317199707032, [(6 55 15)]
0.7135, 0.5515878875732422, [(1 27 25)]
0.714, 0.5525317260742187, [(3 53 19)]
0.7137, 0.5529128265380859, [(0 28 24)]
0.714, 0.5525317321777343, [(15 22 12)]
0.7043, 0.5420699584960937, [(8 18 25)]
0.714, 0.5525317153930664, [(2 9 4)]
0.7133, 0.5529591430664063, [(2 22 25)]
0.714, 0.5525317260742187, [(12 36 29)]
0.714, 0.5525316802978515, [(5 17 10)]
0.714, 0.5525322631835937, [(10 5 15)]
0.7118, 0.5532795257568359, [(4 14 29)]
0.714, 0.5525317260742187, [(14 60 19)]
0.714, 0.5525317291259766, [(5 30 16)]
0.7009, 0.5371142486572266, [(9 1 27)]
0.714, 0.5525317352294923, [(14 38 14)]
0.7133, 0.552546499633789, [(10 13 29)]
0.714, 0.5525313171386719, [(4 23 12)]
0.714, 0.5525317230224609, [(1 42 4)]
0.714, 0.5525317291259766, [(3 57 5)]
0.714, 0.5525317260742187, [(6 48 4)]
0.714, 0.5525317291259766, [(6 57 1)]
0.714, 0.5525317413330078, [(10 53 20)]
0.714, 0.5525317138671875, [(6 39 20)]
0.714, 0.5525317291259766, [(8 57 10)]
0.714, 0.5525317321777343, [(14 35 22)]
0.714, 0.5525317199707032, [(3 33 15)]
0.714, 0.5525317230224609, [(15 51 31)]
0.714, 0.5525317291259766, [(14 47 28)]
0.714, 0.5525322387695313, [(11 7 17)]
0.714, 0.5525317199707032, [(3 38 16)]
0.714, 0.5525317352294922, [(13 37 20)]
0.7118, 0.5512541870117187, [(12 15 23)]
0.714, 0.5525317352294922, [(7 13 1)]
0.714, 0.5525317291259766, [(12 12 12)]
0.714, 0.5525317321777343, [(14 39 22)]
0.714, 0.5525317230224609, [(9 56 14)]
0.7129, 0.5526886474609375, [(6 7 28)]
0.714, 0.5525317291259766, [(2 58 19)]
0.714, 0.5525317260742187, [(15 6 28)]
0.7136, 0.5524410675048828, [(0 9 21)]
0.714, 0.5525317138671875, [(4 60 10)]
0.7041, 0.5458176940917969, [(11 2 23)]
0.714, 0.5525317260742187, [(6 45 25)]
0.714, 0.5525317291259766, [(11 3 2)]
0.714, 0.5525317199707032, [(13 7 25)]
0.714, 0.55253173828125, [(11 37 16)]
0.714, 0.5525317230224609, [(13 23 17)]
0.714, 0.5525389801025391, [(5 11 17)]
0.714, 0.5525317291259766, [(0 52 6)]
0.714, 0.5525317260742187, [(9 22 3)]
0.7138, 0.5525558258056641, [(9 3 21)]
0.714, 0.5525317077636719, [(2 28 6)]
0.714, 0.5525317459106445, [(11 48 25)]
0.714, 0.5525317321777343, [(4 6 0)]
0.714, 0.5525317291259766, [(12 34 16)]
0.714, 0.5525317123413086, [(15 46 18)]
0.714, 0.5525317352294922, [(13 43 8)]
0.714, 0.5525317291259766, [(0 61 26)]
0.714, 0.5525317230224609, [(9 31 12)]
0.714, 0.5525317321777343, [(1 38 0)]
0.714, 0.5525317321777343, [(9 55 17)]
0.714, 0.5525317291259766, [(5 26 4)]
0.714, 0.5525317169189453, [(5 41 18)]
0.714, 0.5525317230224609, [(2 52 3)]
0.714, 0.5525314361572266, [(11 15 14)]
0.714, 0.5525317230224609, [(1 62 19)]
0.714, 0.5525317199707032, [(7 37 14)]
0.7132000000000001, 0.5527555389404297, [(6 5 27)]
0.714, 0.5525317291259766, [(11 27 0)]
0.714, 0.5525317291259766, [(14 7 16)]
0.714, 0.5525317260742187, [(9 36 20)]
0.714, 0.5525317321777343, [(14 8 27)]
0.7136, 0.5525307159423828, [(12 28 22)]
0.714, 0.55253173828125, [(1 33 15)]
0.714, 0.5525317230224609, [(14 21 22)]
0.714, 0.5525317260742187, [(13 39 29)]
0.714, 0.5525317199707032, [(6 31 0)]
0.714, 0.5525317169189453, [(13 44 20)]
0.714, 0.5525317199707032, [(3 62 21)]
0.714, 0.5525317321777343, [(3 22 30)]
0.714, 0.5525317291259766, [(4 46 0)]
0.714, 0.5525317260742187, [(14 9 19)]
0.714, 0.5525317321777343, [(14 28 21)]
0.714, 0.5525317169189453, [(0 53 8)]
0.714, 0.551386572265625, [(7 29 26)]
0.714, 0.5525317230224609, [(1 13 2)]
0.714, 0.5525317413330078, [(9 3 9)]
0.7131, 0.55213388671875, [(10 18 23)]
0.714, 0.5525317230224609, [(0 57 16)]
0.714, 0.5525317230224609, [(9 61 28)]
0.714, 0.5524905517578125, [(15 0 15)]
0.714, 0.55253173828125, [(2 43 5)]
0.714, 0.5525317291259766, [(13 42 4)]
0.714, 0.5525317276000976, [(1 54 11)]
0.714, 0.5525317321777343, [(5 48 0)]
0.714, 0.5525317260742187, [(0 52 19)]
0.714, 0.5525315734863281, [(1 27 14)]
0.7117, 0.5500590484619141, [(10 18 28)]
0.714, 0.5525317169189452, [(10 36 7)]
0.7117, 0.5492397277832031, [(1 9 25)]
0.714, 0.5525317321777343, [(15 51 10)]
0.7134, 0.5499377532958984, [(2 16 25)]
0.714, 0.5525317169189452, [(9 40 14)]
0.714, 0.5525317321777343, [(4 31 29)]
0.714, 0.5525317352294923, [(15 52 13)]
0.714, 0.5525317260742187, [(9 61 5)]
0.714, 0.5525317169189453, [(7 30 6)]
0.714, 0.5525317291259766, [(11 50 3)]
0.714, 0.5525317230224609, [(9 44 10)]
0.714, 0.5525317260742187, [(15 17 28)]
0.714, 0.55253173828125, [(12 36 14)]
0.714, 0.5525317321777343, [(14 8 3)]
0.714, 0.5525317260742187, [(5 34 0)]
0.714, 0.5525317352294922, [(13 55 26)]
0.714, 0.5525317169189453, [(15 34 12)]
0.7132000000000001, 0.5524537170410155, [(5 27 17)]
0.714, 0.5525317321777343, [(7 52 26)]
0.714, 0.5525317321777343, [(6 46 28)]
0.714, 0.5525317291259766, [(15 38 14)]
0.714, 0.5525317230224609, [(15 49 12)]
0.714, 0.5525317169189453, [(0 47 14)]
0.714, 0.5525317108154297, [(3 41 25)]
0.714, 0.5525317199707032, [(4 57 2)]
0.7135, 0.5523013366699219, [(5 3 24)]
0.714, 0.5525317321777343, [(7 59 30)]
0.714, 0.5525317291259766, [(14 39 17)]
0.714, 0.5525282272338867, [(9 1 13)]
0.714, 0.5525314575195313, [(10 13 20)]
0.7113, 0.5508014862060546, [(10 28 28)]
0.714, 0.5525317077636719, [(10 35 9)]
0.7138, 0.5523893585205077, [(6 13 21)]
0.714, 0.5525317199707032, [(12 40 26)]
0.714, 0.5525317291259766, [(11 62 16)]
0.7138, 0.5532718475341797, [(2 4 24)]
0.714, 0.55253173828125, [(12 33 18)]
0.714, 0.5525317291259766, [(0 31 9)]
0.714, 0.5525317230224609, [(1 14 1)]
0.714, 0.5525317260742187, [(3 60 9)]
0.7142, 0.5525467681884766, [(12 25 22)]
0.7127, 0.553402554321289, [(10 17 29)]
0.714, 0.5525317199707032, [(2 45 26)]
0.714, 0.5525317321777343, [(1 36 3)]
0.714, 0.5525317260742187, [(5 47 16)]
0.714, 0.5525317138671875, [(11 13 1)]
0.714, 0.5525317260742187, [(14 48 6)]
0.7137, 0.5522033264160155, [(0 22 26)]
0.714, 0.5525317352294922, [(12 58 27)]
0.714, 0.5525317260742187, [(6 41 8)]
0.714, 0.5525317260742187, [(12 35 20)]
0.714, 0.5525317321777343, [(4 55 8)]
0.714, 0.5525317260742187, [(11 49 9)]
0.7029, 0.544678775024414, [(9 2 27)]
0.714, 0.5525317169189453, [(14 57 2)]
