0.714, 0.552532778930664, [(2 1 9)-(7 3 16)-(10 4 30)]
0.7144999999999999, 0.5522878784179688, [(7 11 20)-(12 2 20)-(15 35 7)]
0.714, 0.552447900390625, [(2 15 14)-(8 61 23)-(2 14 18)]
0.714, 0.5525317230224609, [(13 20 22)-(0 40 29)-(8 48 29)]
0.7139, 0.552537582397461, [(3 60 5)-(0 4 21)-(11 20 12)]
0.7139, 0.552347396850586, [(2 43 8)-(6 36 25)-(11 28 24)]
0.714, 0.5525317321777343, [(9 58 23)-(15 12 3)-(8 44 4)]
0.714, 0.5525317230224609, [(3 36 9)-(1 7 7)-(7 38 30)]
0.7136, 0.5526057708740235, [(4 41 15)-(1 21 22)-(6 56 5)]
0.714, 0.5525317260742187, [(7 44 22)-(1 39 22)-(14 19 29)]
0.714, 0.5525317291259766, [(15 32 23)-(8 54 20)-(14 57 10)]
0.7136, 0.5514785736083985, [(11 13 2)-(10 8 26)-(8 7 30)]
0.705, 0.5444641845703124, [(0 2 14)-(9 3 16)-(12 17 25)]
0.714, 0.5525317138671875, [(11 33 15)-(11 32 26)-(10 61 17)]
0.7121999999999999, 0.5529645660400391, [(14 52 26)-(0 37 20)-(5 12 29)]
0.714, 0.5525317352294923, [(1 54 5)-(6 63 30)-(5 43 18)]
0.7124999999999999, 0.5508662597656251, [(3 62 21)-(7 7 26)-(9 6 7)]
0.7132000000000001, 0.5531388946533202, [(9 15 30)-(10 29 31)-(11 3 11)]
0.714, 0.5525317626953126, [(9 30 25)-(13 14 15)-(1 8 9)]
0.7130000000000001, 0.5546909729003906, [(2 4 28)-(4 62 19)-(14 51 11)]
0.7139, 0.5527002471923828, [(0 14 4)-(4 12 18)-(6 28 21)]
0.7126, 0.55209140625, [(8 54 4)-(9 17 27)-(5 9 22)]
0.714, 0.5525282775878906, [(12 19 15)-(7 40 5)-(3 9 0)]
0.7134, 0.5523686218261719, [(3 30 22)-(13 12 10)-(5 27 20)]
0.714, 0.5525317199707032, [(3 18 30)-(15 36 4)-(5 19 6)]
0.714, 0.5525324127197266, [(14 31 16)-(11 24 17)-(9 40 21)]
0.714, 0.5525338623046876, [(11 45 13)-(4 17 14)-(4 62 16)]
0.714, 0.5525317230224609, [(14 9 2)-(14 14 1)-(11 44 16)]
0.7, 0.5365100982666016, [(15 46 4)-(7 0 24)-(13 44 8)]
0.7096, 0.5390806289672851, [(2 44 14)-(2 55 7)-(2 21 27)]
0.714, 0.5525317260742187, [(9 35 28)-(4 18 6)-(6 52 3)]
0.7135, 0.5533171356201172, [(8 4 16)-(6 6 8)-(8 6 22)]
0.7099, 0.5507150146484375, [(9 27 6)-(3 18 26)-(12 15 21)]
0.714, 0.5525319580078125, [(1 30 9)-(9 63 20)-(7 2 11)]
0.7133, 0.5525516387939453, [(14 31 12)-(7 27 28)-(15 54 3)]
0.714, 0.5525317321777343, [(15 63 12)-(7 60 10)-(1 9 3)]
0.714, 0.5525317321777343, [(13 54 10)-(14 51 13)-(13 8 18)]
0.7137, 0.5525097137451171, [(1 38 16)-(5 9 18)-(8 35 21)]
0.714, 0.5525316436767578, [(3 18 11)-(14 4 6)-(12 13 5)]
0.714, 0.5525317657470703, [(12 5 10)-(4 40 16)-(13 36 5)]
0.7143999999999999, 0.5524683074951172, [(0 35 14)-(3 11 22)-(11 12 31)]
0.7137, 0.5523267395019531, [(7 44 7)-(3 9 3)-(5 17 21)]
0.7045, 0.544751513671875, [(10 43 6)-(1 14 27)-(4 43 14)]
0.271, 0.6166869354248047, [(2 46 13)-(15 0 31)-(6 63 8)]
0.7131000000000001, 0.5521518768310547, [(0 17 20)-(7 27 26)-(0 56 2)]
0.714, 0.5525314666748047, [(7 43 4)-(0 6 12)-(15 25 9)]
0.7129000000000001, 0.5524580932617187, [(5 48 10)-(3 28 21)-(14 60 6)]
0.714, 0.5525317321777343, [(9 16 6)-(6 50 9)-(2 40 19)]
0.7138, 0.5524866180419922, [(15 22 8)-(1 41 4)-(9 4 24)]
0.714, 0.5525317016601563, [(6 4 6)-(8 20 7)-(9 6 7)]
0.7138, 0.5522022979736328, [(11 47 15)-(5 22 28)-(3 60 7)]
0.714, 0.5525317108154297, [(1 51 20)-(6 5 6)-(7 18 7)]
0.714, 0.5525317230224609, [(15 55 21)-(14 27 10)-(8 61 17)]
0.714, 0.5525317230224609, [(15 63 4)-(3 12 1)-(2 33 18)]
0.7054, 0.5348602081298828, [(15 57 4)-(11 47 15)-(0 0 24)]
0.714, 0.5525317108154297, [(4 20 1)-(3 7 10)-(12 57 8)]
0.714, 0.5525317291259766, [(3 58 27)-(6 18 4)-(15 36 3)]
0.7136, 0.552567904663086, [(7 15 21)-(3 5 21)-(12 17 6)]
0.714, 0.5525317291259766, [(4 37 21)-(15 59 12)-(5 20 30)]
0.714, 0.5525318115234374, [(13 55 13)-(4 36 9)-(2 23 10)]
0.7130000000000001, 0.5521748260498047, [(10 12 31)-(0 12 21)-(7 17 24)]
0.7134, 0.55245625, [(8 36 13)-(7 28 22)-(5 27 12)]
0.714, 0.5525317260742187, [(11 33 2)-(8 30 1)-(8 34 15)]
0.714, 0.5525317291259766, [(8 47 15)-(3 60 7)-(11 62 23)]
0.7136, 0.5539759155273437, [(10 11 13)-(6 1 24)-(4 37 30)]
0.714, 0.5525317413330078, [(0 26 0)-(8 1 9)-(3 28 6)]
0.714, 0.5525289764404298, [(1 6 16)-(10 13 8)-(7 31 19)]
0.714, 0.5525317230224609, [(14 30 24)-(5 40 15)-(15 55 29)]
0.714, 0.5525317291259766, [(4 43 20)-(13 59 31)-(15 22 7)]
0.714, 0.5525317138671875, [(2 30 8)-(1 37 18)-(3 6 6)]
0.714, 0.5525317199707032, [(5 47 17)-(13 18 10)-(7 30 4)]
0.714, 0.5525327239990234, [(12 62 28)-(8 21 14)-(1 37 30)]
0.714, 0.5525317352294922, [(6 11 5)-(9 55 17)-(4 18 7)]
0.7132000000000001, 0.552003402709961, [(11 0 18)-(14 57 30)-(0 43 23)]
0.714, 0.55253173828125, [(0 60 11)-(3 42 13)-(6 41 18)]
0.7096, 0.5390804153442383, [(9 9 7)-(2 21 28)-(9 41 22)]
0.7134, 0.5525104736328126, [(4 19 27)-(10 21 30)-(8 54 0)]
0.714, 0.5525317321777343, [(7 36 0)-(5 3 8)-(2 15 3)]
0.714, 0.5525317321777343, [(3 62 2)-(14 45 20)-(3 33 4)]
0.7066, 0.547163885498047, [(14 18 0)-(6 33 23)-(3 6 26)]
0.714, 0.5525317108154297, [(14 15 6)-(9 50 4)-(1 20 11)]
0.714, 0.5525317321777343, [(14 6 16)-(14 59 11)-(4 63 17)]
0.714, 0.5525298553466798, [(15 63 22)-(4 23 14)-(14 4 15)]
0.714, 0.5525317260742187, [(15 3 18)-(11 31 19)-(3 44 21)]
0.714, 0.5525317352294922, [(7 55 31)-(10 61 17)-(3 32 7)]
0.714, 0.5525281555175782, [(1 37 8)-(4 12 17)-(15 13 21)]
0.7134, 0.5518964111328124, [(12 5 3)-(12 1 9)-(6 9 23)]
0.714, 0.5525317352294922, [(5 32 24)-(13 41 0)-(6 37 22)]
0.7121999999999999, 0.552073876953125, [(2 5 18)-(12 49 11)-(3 28 25)]
0.714, 0.5525317230224609, [(3 45 18)-(14 42 5)-(9 37 9)]
0.7132000000000001, 0.5523659057617187, [(3 5 25)-(6 54 17)-(10 15 23)]
0.714, 0.5525317260742187, [(8 63 18)-(11 21 9)-(13 4 10)]
0.714, 0.552531704711914, [(4 63 8)-(7 52 10)-(12 24 14)]
0.714, 0.552531802368164, [(5 21 10)-(9 27 4)-(12 37 28)]
0.7137, 0.5532635467529297, [(1 7 26)-(0 57 6)-(5 11 24)]
0.7142, 0.5525334197998046, [(4 3 19)-(5 62 24)-(4 46 5)]
0.714, 0.5525317108154297, [(0 53 29)-(14 23 27)-(6 36 12)]
0.7141, 0.5506641265869141, [(1 56 24)-(8 57 12)-(6 14 24)]
0.714, 0.5525317138671875, [(14 62 1)-(5 4 6)-(12 45 18)]
0.713, 0.5507018646240234, [(1 38 30)-(4 28 27)-(10 25 10)]
0.7136, 0.5529147064208985, [(11 11 13)-(8 10 24)-(15 27 11)]
0.7137, 0.5528679168701172, [(6 24 26)-(0 9 14)-(10 21 16)]
0.7135, 0.5518498077392578, [(0 13 30)-(4 26 21)-(6 56 21)]
0.714, 0.5525312377929688, [(6 0 7)-(15 63 4)-(3 52 14)]
0.714, 0.5525317169189453, [(4 43 12)-(10 57 5)-(9 63 9)]
0.714, 0.5525317230224609, [(6 53 12)-(7 48 29)-(12 60 2)]
0.7133, 0.5523264495849609, [(9 33 3)-(5 27 3)-(10 3 20)]
0.7141, 0.5524586059570312, [(3 28 22)-(10 32 28)-(5 9 19)]
0.7126, 0.5510908477783203, [(11 6 29)-(3 42 16)-(13 58 29)]
0.714, 0.5525317260742187, [(3 37 26)-(13 53 20)-(3 62 12)]
0.714, 0.5525317230224609, [(6 56 13)-(14 44 27)-(2 43 9)]
0.714, 0.5525317199707032, [(1 38 8)-(9 51 27)-(12 7 4)]
0.714, 0.5525317184448242, [(13 51 23)-(5 40 31)-(7 36 27)]
0.714, 0.552533627319336, [(8 22 16)-(9 14 4)-(13 59 14)]
0.714, 0.5525317230224609, [(7 42 24)-(14 14 2)-(0 45 17)]
0.714, 0.5525317291259766, [(7 38 28)-(9 37 31)-(2 61 21)]
0.714, 0.5525298370361329, [(7 52 2)-(13 2 12)-(6 42 27)]
0.714, 0.5525321136474609, [(13 53 14)-(4 16 15)-(3 37 5)]
0.714, 0.5525317169189452, [(10 28 8)-(4 52 0)-(5 50 11)]
0.714, 0.5525317321777343, [(14 46 21)-(2 22 1)-(6 59 8)]
0.714, 0.5525315521240235, [(14 16 14)-(10 15 17)-(14 3 30)]
0.7145, 0.5533939239501953, [(11 13 19)-(4 38 7)-(12 5 27)]
0.714, 0.5525317352294923, [(12 41 18)-(0 52 1)-(7 55 31)]
0.714, 0.5525317260742187, [(10 10 1)-(15 20 11)-(3 30 31)]
0.7125, 0.5486395080566406, [(6 0 18)-(11 18 20)-(15 2 29)]
0.714, 0.5525317260742187, [(13 46 5)-(4 36 3)-(15 3 20)]
0.714, 0.5525317260742187, [(9 25 9)-(4 4 6)-(11 47 1)]
0.7137, 0.5525145843505859, [(5 54 21)-(3 51 19)-(3 7 19)]
0.7138, 0.5525738250732422, [(6 16 21)-(11 60 7)-(12 17 6)]
0.7143, 0.5521348266601562, [(5 3 29)-(13 2 3)-(11 29 17)]
0.714, 0.5525317321777343, [(10 50 1)-(14 27 13)-(15 57 8)]
0.7139, 0.5527743835449219, [(9 29 24)-(4 54 10)-(11 19 7)]
0.714, 0.5525317321777343, [(3 21 10)-(13 38 24)-(9 44 29)]
0.714, 0.5525355010986328, [(11 39 13)-(9 49 11)-(2 6 13)]
0.714, 0.5525317108154297, [(7 53 11)-(6 40 5)-(5 6 6)]
0.714, 0.5525315063476562, [(4 21 0)-(15 37 21)-(4 21 10)]
0.714, 0.5525317291259766, [(11 61 25)-(5 48 26)-(15 63 4)]
0.7064, 0.5348513763427735, [(2 19 27)-(12 44 27)-(12 10 9)]
0.714, 0.5525317260742187, [(14 8 8)-(4 62 29)-(15 27 6)]
0.714, 0.5525380828857422, [(0 12 6)-(3 24 19)-(15 11 2)]
0.714, 0.55253173828125, [(6 62 24)-(15 18 22)-(13 55 7)]
0.714, 0.5525317199707032, [(10 52 14)-(14 27 18)-(9 38 22)]
0.714, 0.5525317321777343, [(11 24 3)-(1 6 30)-(0 33 11)]
0.714, 0.5525317230224609, [(10 32 20)-(5 63 24)-(8 59 1)]
0.714, 0.5525317291259766, [(1 34 5)-(5 35 7)-(9 27 30)]
0.7135, 0.5529118743896484, [(3 16 27)-(14 60 28)-(8 49 23)]
0.714, 0.5525317291259766, [(0 38 31)-(1 54 25)-(2 42 29)]
0.714, 0.5525317199707032, [(3 38 11)-(14 57 12)-(15 56 13)]
0.714, 0.5525310363769531, [(1 53 1)-(14 17 31)-(4 26 11)]
0.714, 0.5525317291259766, [(15 52 13)-(13 45 26)-(8 36 10)]
0.7139, 0.5532901885986328, [(11 58 18)-(2 15 24)-(0 27 10)]
0.714, 0.5525317321777343, [(11 24 10)-(7 36 24)-(5 24 0)]
0.7136, 0.552531005859375, [(0 60 1)-(0 46 19)-(12 28 25)]
0.714, 0.5525316833496094, [(6 52 10)-(9 26 9)-(3 17 3)]
0.7132000000000001, 0.5540738464355468, [(7 16 31)-(12 39 4)-(7 16 21)]
0.714, 0.552530874633789, [(5 52 7)-(3 8 3)-(4 19 14)]
0.7126, 0.5510916381835937, [(5 33 7)-(11 6 28)-(2 23 13)]
0.714, 0.5525317291259766, [(12 44 0)-(13 41 7)-(11 54 23)]
0.7151000000000001, 0.5539676666259765, [(13 1 24)-(13 21 10)-(9 14 13)]
0.7, 0.5279921051025391, [(2 8 29)-(7 28 13)-(3 7 21)]
0.714, 0.5525317245483399, [(11 52 4)-(3 45 27)-(14 49 12)]
0.7130000000000001, 0.5524261413574219, [(8 15 29)-(8 5 29)-(7 51 25)]
0.7137, 0.5526886718749999, [(8 55 28)-(11 57 25)-(4 14 22)]
0.7135, 0.5522981109619141, [(2 60 17)-(3 57 24)-(4 19 25)]
0.7127, 0.5533328033447266, [(8 33 12)-(14 46 24)-(3 17 27)]
0.714, 0.552532080078125, [(9 4 12)-(2 13 12)-(4 13 12)]
0.7138, 0.5524763122558594, [(8 16 22)-(13 58 21)-(7 11 9)]
0.7142, 0.5520864349365234, [(1 20 14)-(5 6 21)-(5 43 28)]
0.7132000000000001, 0.5524833618164062, [(3 47 30)-(12 6 29)-(6 39 12)]
0.6568, 0.5466784851074219, [(5 1 26)-(15 4 7)-(3 59 26)]
0.714, 0.5525289947509766, [(13 44 18)-(11 12 17)-(15 47 9)]
0.714, 0.5525317321777343, [(15 8 13)-(15 9 19)-(12 32 3)]
0.714, 0.5525317260742187, [(4 57 16)-(12 29 4)-(12 31 13)]
0.7141, 0.5526288421630859, [(1 19 15)-(15 24 6)-(6 12 23)]
0.714, 0.5525317260742187, [(5 5 8)-(3 55 23)-(4 47 18)]
0.714, 0.5525316650390625, [(5 24 12)-(10 36 2)-(12 51 26)]
0.7137, 0.5528720367431641, [(6 24 28)-(12 9 30)-(4 37 26)]
0.7106, 0.5478161529541015, [(5 44 17)-(6 52 3)-(7 18 27)]
0.714, 0.5525317291259766, [(9 43 26)-(4 43 9)-(12 27 5)]
0.7139, 0.5525265808105468, [(13 5 15)-(11 1 13)-(6 37 21)]
0.714, 0.5525317352294922, [(2 51 17)-(9 59 8)-(9 3 9)]
0.714, 0.5525309478759766, [(14 26 5)-(1 20 16)-(4 62 20)]
0.714, 0.5525317596435546, [(15 37 13)-(2 57 3)-(1 4 10)]
0.7115, 0.5499022796630859, [(5 18 25)-(10 18 27)-(10 9 6)]
0.7139, 0.5525208648681641, [(0 46 2)-(12 17 0)-(1 25 19)]
0.714, 0.552531689453125, [(2 16 8)-(6 9 7)-(3 39 11)]
0.714, 0.5525298370361328, [(7 50 27)-(4 19 30)-(10 4 18)]
0.714, 0.5525256530761719, [(2 59 8)-(8 19 17)-(13 31 4)]
0.7139, 0.5524854309082031, [(4 28 20)-(14 31 26)-(11 3 12)]
0.714, 0.5525317230224609, [(9 38 5)-(0 35 8)-(8 23 1)]
0.7139, 0.552539208984375, [(3 9 18)-(15 26 11)-(3 43 30)]
0.714, 0.5525317199707032, [(14 8 11)-(15 35 29)-(12 58 11)]
0.714, 0.5525317321777343, [(2 31 28)-(7 39 30)-(11 53 31)]
0.714, 0.5525317199707032, [(12 55 12)-(9 43 13)-(0 43 12)]
0.7123999999999999, 0.5521328643798828, [(9 3 27)-(12 15 3)-(12 60 2)]
0.714, 0.5525317352294922, [(13 63 26)-(4 4 8)-(8 22 30)]
0.7110000000000001, 0.5490939727783204, [(14 1 13)-(8 20 26)-(4 58 31)]
0.7137, 0.5523661224365235, [(3 42 25)-(12 11 21)-(4 34 13)]
0.714, 0.5525317199707032, [(14 32 29)-(7 8 30)-(4 54 3)]
0.714, 0.5525317626953126, [(12 49 31)-(13 48 15)-(10 21 14)]
0.714, 0.5525317413330078, [(0 49 27)-(14 51 2)-(4 3 0)]
0.714, 0.5525317230224609, [(13 5 22)-(6 46 24)-(8 48 31)]
0.714, 0.5525317199707032, [(6 63 2)-(8 43 30)-(3 59 4)]
0.714, 0.5525317260742187, [(11 38 29)-(6 35 26)-(7 39 27)]
0.714, 0.5525323181152344, [(9 57 2)-(7 37 0)-(12 6 15)]
0.7137, 0.5524578704833984, [(4 44 15)-(4 22 24)-(6 34 23)]
0.7134, 0.5522840972900391, [(4 60 18)-(7 20 16)-(8 19 23)]
0.7138, 0.5526153839111329, [(0 30 14)-(13 60 23)-(3 26 23)]
0.7135, 0.5524621032714844, [(5 49 5)-(9 41 15)-(10 1 20)]
0.714, 0.5525317260742187, [(15 42 14)-(15 33 13)-(6 40 25)]
0.7009, 0.5371138793945313, [(8 48 23)-(9 1 28)-(15 5 18)]
0.714, 0.5525290161132812, [(6 14 0)-(4 19 16)-(7 12 4)]
0.714, 0.5525317138671875, [(10 13 9)-(4 31 8)-(14 54 31)]
0.7139, 0.5524929260253906, [(8 15 9)-(3 29 25)-(7 46 29)]
0.7139, 0.5525149841308594, [(5 18 21)-(1 40 29)-(7 50 24)]
0.7138, 0.5522023071289062, [(15 54 17)-(5 22 27)-(2 63 14)]
0.714, 0.5525270050048828, [(6 21 17)-(13 44 9)-(1 8 12)]
0.706, 0.5473533447265625, [(15 22 19)-(11 19 24)-(5 28 29)]
0.714, 0.5525317199707032, [(13 38 1)-(14 18 26)-(5 57 1)]
0.714, 0.5525317230224609, [(4 30 3)-(14 38 21)-(12 22 2)]
0.714, 0.5525317031860352, [(14 28 3)-(1 16 11)-(14 54 18)]
0.714, 0.5525317413330078, [(6 2 2)-(5 63 26)-(10 35 5)]
0.714, 0.5525317291259766, [(5 17 4)-(3 63 24)-(6 32 12)]
0.714, 0.5525316711425782, [(4 47 30)-(4 10 14)-(0 27 3)]
0.714, 0.5525317321777343, [(3 25 3)-(15 5 29)-(7 52 8)]
0.7139, 0.5524332977294921, [(10 29 11)-(5 57 12)-(5 9 21)]
0.7137, 0.5526240051269531, [(7 23 21)-(11 41 4)-(5 10 14)]
0.7141, 0.5524968170166016, [(10 24 7)-(7 33 19)-(13 2 19)]
0.714, 0.5525316986083985, [(13 36 16)-(11 1 5)-(13 7 1)]
0.7121999999999999, 0.551588491821289, [(10 52 30)-(8 9 25)-(15 35 29)]
0.714, 0.55253173828125, [(13 54 12)-(12 55 23)-(11 31 22)]
0.7138, 0.5524883666992187, [(1 0 13)-(5 62 25)-(10 51 25)]
0.714, 0.5525316711425782, [(12 12 11)-(1 58 16)-(11 51 3)]
0.714, 0.5525317260742187, [(4 40 20)-(15 43 4)-(13 29 21)]
0.714, 0.5525317810058594, [(6 53 8)-(5 21 12)-(3 45 18)]
0.7139, 0.5527013244628907, [(13 29 27)-(8 12 24)-(8 60 12)]
0.714, 0.5525318939208984, [(6 56 22)-(4 6 12)-(13 38 19)]
0.714, 0.5525317199707032, [(3 55 17)-(13 17 30)-(6 30 29)]
0.714, 0.5525317230224609, [(0 61 24)-(0 40 28)-(15 26 31)]
0.714, 0.5525317291259766, [(2 50 0)-(13 21 21)-(8 47 13)]
0.7128000000000001, 0.551878158569336, [(11 1 10)-(15 59 8)-(0 11 27)]
0.714, 0.5525317169189453, [(7 47 30)-(0 33 25)-(4 11 4)]
0.714, 0.5525317291259766, [(6 42 11)-(12 56 21)-(10 62 13)]
0.714, 0.5525317230224609, [(14 36 17)-(0 60 9)-(4 55 3)]
0.7139, 0.5525418090820313, [(10 32 22)-(12 18 4)-(8 14 20)]
0.714, 0.5525317291259766, [(12 34 13)-(15 53 0)-(0 57 7)]
0.714, 0.5525317260742187, [(13 47 25)-(13 57 17)-(10 37 25)]
0.714, 0.5525317291259766, [(10 56 24)-(2 38 18)-(13 24 31)]
0.714, 0.5525316864013672, [(0 46 26)-(13 30 12)-(9 13 7)]
0.714, 0.5525332977294921, [(15 62 25)-(1 26 16)-(7 49 30)]
0.714, 0.5525317199707032, [(11 58 21)-(14 38 27)-(15 52 12)]
0.714, 0.5525313873291016, [(9 42 15)-(9 22 19)-(6 36 25)]
0.714, 0.5525317230224609, [(0 2 2)-(4 12 0)-(10 35 24)]
0.7125, 0.5542885803222657, [(14 25 19)-(4 1 22)-(13 25 2)]
0.714, 0.5525313598632813, [(9 59 6)-(1 0 6)-(6 16 1)]
0.7133, 0.5522363708496094, [(12 14 2)-(3 0 17)-(3 10 17)]
0.7142, 0.552175991821289, [(0 63 30)-(11 55 11)-(3 16 31)]
0.714, 0.5525317291259766, [(15 12 3)-(8 62 18)-(3 47 14)]
0.7124999999999999, 0.5535458831787109, [(14 62 28)-(6 25 27)-(14 60 27)]
0.7136, 0.5525631164550782, [(7 33 15)-(8 32 0)-(3 12 22)]
0.7142999999999999, 0.5526697540283203, [(5 21 22)-(1 45 24)-(3 16 9)]
0.714, 0.5525320007324219, [(6 17 7)-(9 3 13)-(1 10 6)]
0.7139, 0.5525278442382813, [(9 4 20)-(10 30 13)-(0 47 6)]
0.714, 0.5525317352294922, [(4 35 5)-(1 13 3)-(1 53 14)]
0.714, 0.5525420043945313, [(6 25 16)-(10 30 2)-(6 36 18)]
0.714, 0.5525316589355469, [(11 28 2)-(9 62 27)-(9 18 13)]
0.714, 0.5525317230224609, [(4 61 19)-(12 48 6)-(8 50 8)]
0.714, 0.5525317321777343, [(8 50 27)-(11 32 28)-(11 50 0)]
0.714, 0.5525317230224609, [(10 49 31)-(5 13 1)-(6 58 6)]
0.714, 0.5525317230224609, [(3 19 1)-(4 34 25)-(11 37 13)]
0.714, 0.5525317321777343, [(12 53 8)-(6 2 1)-(13 46 1)]
0.7131000000000001, 0.5524289611816406, [(4 45 12)-(12 32 18)-(11 9 26)]
0.714, 0.5525317077636719, [(3 52 17)-(9 36 7)-(3 60 15)]
0.7139, 0.5525376037597656, [(12 13 19)-(13 26 10)-(13 54 13)]
0.7135, 0.5526003387451172, [(1 29 29)-(11 29 10)-(0 4 30)]
0.714, 0.5525317321777343, [(8 2 5)-(11 24 5)-(9 63 5)]
0.714, 0.5525317291259766, [(8 8 3)-(1 44 8)-(15 34 5)]
0.714, 0.5525317321777343, [(1 46 30)-(6 60 16)-(3 4 7)]
0.714, 0.5525320037841797, [(13 57 28)-(8 35 18)-(8 15 12)]
0.6693, 0.5109223724365235, [(6 13 25)-(6 45 11)-(4 2 29)]
0.714, 0.5525318542480468, [(11 8 7)-(4 3 11)-(10 62 22)]
0.714, 0.5525317352294923, [(15 23 13)-(3 63 30)-(8 55 16)]
0.7142, 0.5502811614990235, [(10 41 3)-(10 4 21)-(8 1 22)]
0.714, 0.5525317260742187, [(13 25 5)-(15 45 31)-(0 33 4)]
0.7136, 0.5526521392822266, [(4 47 30)-(13 18 1)-(10 3 31)]
0.714, 0.5525317169189453, [(5 42 0)-(9 59 3)-(10 24 2)]
0.714, 0.5525318176269531, [(3 35 6)-(11 24 12)-(13 10 27)]
0.714, 0.5525317230224609, [(9 28 9)-(10 38 17)-(15 58 11)]
0.7135, 0.5525035247802734, [(3 13 7)-(9 22 26)-(7 37 28)]
0.7142, 0.5524793487548828, [(13 57 25)-(12 4 19)-(7 52 23)]
0.7139, 0.5515491943359375, [(12 56 24)-(7 11 25)-(10 0 16)]
0.714, 0.55253154296875, [(3 61 1)-(6 10 15)-(8 15 11)]
0.7139, 0.5525197143554688, [(9 25 22)-(11 21 19)-(13 39 9)]
0.7127, 0.5517359588623048, [(3 3 29)-(9 57 11)-(12 50 15)]
0.714, 0.5525317199707032, [(13 9 3)-(14 6 27)-(13 55 3)]
0.714, 0.5525317321777343, [(6 16 8)-(14 46 24)-(15 38 27)]
0.714, 0.5525317565917969, [(8 4 10)-(5 42 31)-(13 61 18)]
0.714, 0.5525317169189453, [(4 39 4)-(0 47 20)-(0 49 25)]
0.714, 0.5525317352294922, [(1 52 18)-(10 60 21)-(11 61 14)]
0.714, 0.5525317321777343, [(4 31 13)-(0 37 10)-(1 40 11)]
0.7138, 0.5525174041748047, [(11 26 13)-(9 7 17)-(11 16 17)]
0.7142999999999999, 0.552491455078125, [(1 43 27)-(15 50 25)-(3 1 21)]
0.714, 0.5525317291259766, [(7 55 4)-(5 59 7)-(6 40 13)]
0.7139, 0.5525261260986328, [(4 28 2)-(3 51 30)-(1 26 18)]
0.7085, 0.5455568664550781, [(12 4 28)-(9 55 0)-(2 9 13)]
0.7115, 0.5546002410888672, [(6 30 10)-(6 27 19)-(1 24 28)]
0.714, 0.5525298248291015, [(8 37 11)-(12 28 0)-(10 4 18)]
0.714, 0.5525317230224609, [(15 43 20)-(0 48 31)-(12 41 29)]
0.7135, 0.5523253448486328, [(12 25 26)-(9 23 19)-(9 19 15)]
0.7137, 0.5525585479736328, [(15 62 26)-(6 52 30)-(9 11 21)]
0.714, 0.5528976867675781, [(8 27 31)-(0 26 16)-(6 16 16)]
0.714, 0.5525319915771485, [(15 60 3)-(3 55 25)-(5 11 11)]
0.7135, 0.5525821380615235, [(14 48 26)-(2 35 15)-(6 18 24)]
0.714, 0.5525317291259766, [(5 33 22)-(14 8 12)-(0 61 5)]
0.714, 0.5525317291259766, [(1 8 30)-(5 60 9)-(13 37 27)]
0.7139, 0.5525499481201172, [(15 27 25)-(5 36 8)-(9 27 18)]
0.714, 0.5525311798095702, [(0 37 11)-(13 8 22)-(3 27 12)]
0.714, 0.5525317230224609, [(6 45 14)-(1 33 11)-(10 57 5)]
0.714, 0.5525317321777343, [(13 4 18)-(5 10 5)-(3 13 3)]
0.714, 0.5525295135498047, [(15 0 8)-(10 49 0)-(4 20 16)]
0.714, 0.5525317352294922, [(0 55 6)-(14 60 11)-(11 31 11)]
0.714, 0.5525213378906251, [(8 36 18)-(5 2 14)-(5 42 19)]
0.714, 0.5525317199707032, [(11 4 10)-(15 23 2)-(7 51 5)]
0.714, 0.5525317230224609, [(0 6 3)-(1 60 5)-(12 36 19)]
0.7130000000000001, 0.5526887695312499, [(6 12 22)-(13 19 7)-(2 3 11)]
0.714, 0.5525440551757812, [(3 9 13)-(5 20 17)-(13 3 25)]
0.7139, 0.5525384857177734, [(9 43 2)-(0 32 0)-(9 3 18)]
0.714, 0.5525317321777343, [(13 27 9)-(3 44 26)-(4 46 0)]
0.7134, 0.5526705993652343, [(8 15 21)-(5 21 9)-(9 52 20)]
0.714, 0.5525315155029297, [(9 18 11)-(8 22 2)-(7 25 3)]
0.7138, 0.5525042114257812, [(13 25 16)-(6 43 18)-(0 6 20)]
0.714, 0.5525317138671875, [(2 41 24)-(15 61 23)-(10 53 4)]
0.714, 0.5525317230224609, [(2 59 22)-(1 40 28)-(8 55 25)]
0.714, 0.5525317230224609, [(13 30 24)-(12 62 19)-(10 50 16)]
0.714, 0.5525315582275391, [(12 0 7)-(13 16 0)-(7 60 20)]
0.7119, 0.5400160858154297, [(6 6 26)-(11 23 23)-(14 0 24)]
0.714, 0.5525316955566406, [(15 28 11)-(9 14 11)-(15 55 11)]
0.7133, 0.5524365936279296, [(11 9 28)-(0 39 28)-(13 46 3)]
0.7141, 0.5523348358154296, [(6 19 20)-(7 11 14)-(5 7 6)]
0.7118, 0.5511515838623047, [(9 6 28)-(7 34 28)-(8 20 25)]
0.714, 0.5525317306518555, [(14 37 28)-(1 45 19)-(4 35 14)]
0.714, 0.5525317138671875, [(6 35 28)-(5 12 6)-(1 44 13)]
0.7134, 0.5537644592285156, [(14 16 5)-(6 4 28)-(6 28 8)]
0.714, 0.5525317565917969, [(15 20 23)-(4 16 10)-(15 34 1)]
0.714, 0.5525317352294922, [(2 12 6)-(13 62 11)-(13 55 5)]
0.714, 0.5525317169189452, [(6 12 1)-(13 37 17)-(0 55 3)]
0.714, 0.5525296661376953, [(10 24 13)-(11 2 11)-(9 48 2)]
0.714, 0.5525317291259766, [(14 27 25)-(9 32 11)-(13 59 23)]
0.714, 0.5525317230224609, [(10 42 10)-(11 7 1)-(14 14 7)]
0.714, 0.5525283233642577, [(6 6 12)-(12 14 12)-(4 5 18)]
0.714, 0.5525070373535157, [(7 1 17)-(11 60 29)-(13 22 2)]
0.714, 0.5525316528320312, [(7 43 22)-(14 28 27)-(11 9 14)]
0.7124999999999999, 0.5516761932373047, [(7 1 21)-(6 31 27)-(10 14 18)]
0.7136, 0.5533371185302733, [(2 22 24)-(9 55 26)-(7 27 1)]
0.714, 0.5525317291259766, [(3 63 0)-(3 47 28)-(5 31 2)]
0.7121, 0.5521152313232423, [(5 23 29)-(7 3 4)-(5 56 11)]
0.714, 0.5525317260742187, [(2 19 1)-(8 20 2)-(1 49 16)]
0.714, 0.5525317230224609, [(2 22 3)-(7 63 21)-(5 43 17)]
0.714, 0.5525317291259766, [(6 44 29)-(9 19 13)-(8 21 4)]
0.714, 0.5525301727294922, [(2 42 11)-(10 32 12)-(7 18 14)]
0.7143999999999999, 0.5523790802001953, [(14 46 9)-(13 19 23)-(10 1 22)]
0.7123999999999999, 0.5523430694580078, [(14 62 20)-(3 15 26)-(14 4 19)]
0.714, 0.5523393402099609, [(4 31 20)-(8 20 21)-(6 46 1)]
0.714, 0.55253212890625, [(8 53 20)-(1 22 14)-(14 12 7)]
0.6982999999999999, 0.5217571807861328, [(11 2 28)-(8 60 8)-(5 63 18)]
0.714, 0.5525317230224609, [(11 53 18)-(13 28 16)-(15 46 25)]
0.7105, 0.5572196197509766, [(11 26 3)-(5 20 13)-(6 8 27)]
0.714, 0.5525279388427734, [(1 25 18)-(15 40 21)-(8 49 31)]
0.714, 0.5525317260742187, [(13 60 30)-(9 62 2)-(10 15 9)]
0.714, 0.5525317230224609, [(14 60 12)-(14 49 12)-(12 35 0)]
0.7141, 0.5517630554199219, [(2 61 14)-(4 7 16)-(10 3 24)]
0.7114, 0.5401713928222656, [(5 56 25)-(3 20 0)-(2 21 25)]
0.7133, 0.552644125366211, [(15 24 1)-(12 24 2)-(4 24 29)]
0.714, 0.5525317230224609, [(0 35 29)-(10 51 18)-(0 55 11)]
0.6356999999999999, 0.4794398727416992, [(5 2 26)-(15 0 27)-(8 5 3)]
0.71, 0.5541069488525391, [(3 15 13)-(5 1 15)-(2 11 26)]
0.7138, 0.5525222778320312, [(5 59 27)-(0 38 22)-(7 19 20)]
0.714, 0.5525311737060548, [(7 46 26)-(9 0 5)-(9 12 17)]
0.714, 0.5525317291259766, [(13 33 22)-(15 15 14)-(0 59 30)]
0.714, 0.5525227691650391, [(0 39 28)-(5 58 11)-(8 26 25)]
0.714, 0.5525316131591798, [(0 0 3)-(12 19 9)-(12 11 0)]
0.714, 0.5525319427490234, [(5 35 10)-(1 4 3)-(5 20 12)]
0.714, 0.5525317230224609, [(0 34 5)-(8 36 31)-(13 63 1)]
0.7137, 0.5526831085205077, [(4 45 15)-(14 24 15)-(7 9 22)]
0.714, 0.5525317230224609, [(13 56 4)-(13 43 10)-(3 51 6)]
0.714, 0.5525317291259766, [(2 56 1)-(15 23 11)-(14 27 13)]
0.714, 0.5525317321777343, [(15 38 8)-(13 7 24)-(10 33 16)]
0.714, 0.5525317321777343, [(11 49 2)-(14 30 8)-(15 24 26)]
0.714, 0.5525301177978515, [(12 1 13)-(7 61 24)-(3 39 5)]
0.714, 0.5525317291259766, [(13 22 0)-(2 35 10)-(2 23 7)]
0.714, 0.5525318267822266, [(3 11 4)-(10 54 16)-(11 22 13)]
0.714, 0.5525316528320312, [(4 11 11)-(13 54 12)-(0 52 27)]
0.714, 0.5525317169189453, [(2 38 31)-(6 4 3)-(7 36 29)]
0.7139, 0.552391455078125, [(11 23 0)-(8 5 21)-(6 23 13)]
0.714, 0.5525317932128906, [(11 54 1)-(1 41 29)-(1 8 15)]
0.714, 0.5525317108154297, [(3 39 11)-(4 55 1)-(6 29 2)]
0.714, 0.5525317199707032, [(8 51 20)-(6 29 5)-(0 48 14)]
0.6990000000000001, 0.5496315368652344, [(4 34 21)-(6 1 29)-(15 62 15)]
0.714, 0.5525317199707032, [(13 60 18)-(13 5 30)-(7 4 9)]
0.7106, 0.5478511474609375, [(7 18 26)-(10 53 21)-(10 27 13)]
0.714, 0.5525313293457031, [(15 49 18)-(4 23 12)-(1 38 27)]
0.7135, 0.5523988067626953, [(8 50 23)-(6 5 23)-(5 12 13)]
0.714, 0.5525316772460938, [(4 20 9)-(11 27 10)-(14 47 28)]
0.714, 0.552531527709961, [(10 3 10)-(8 52 31)-(10 35 23)]
0.714, 0.5525317108154297, [(14 9 22)-(2 41 18)-(13 52 15)]
0.714, 0.5525317352294923, [(13 31 25)-(15 49 7)-(3 48 15)]
0.714, 0.5533604858398438, [(14 8 14)-(4 19 30)-(3 15 24)]
0.7139, 0.5525646484375, [(11 55 18)-(6 4 18)-(15 57 11)]
0.714, 0.5525317138671875, [(8 39 5)-(11 60 29)-(8 37 17)]
0.7142, 0.5525129699707032, [(2 50 7)-(1 12 20)-(10 35 30)]
0.7139, 0.5525450759887696, [(9 62 29)-(11 13 20)-(12 52 24)]
0.714, 0.5525317245483399, [(2 52 26)-(11 49 3)-(8 59 24)]
0.7137, 0.5533139801025391, [(0 62 3)-(0 4 28)-(8 59 31)]
0.714, 0.552531655883789, [(10 12 12)-(9 37 16)-(1 2 3)]
0.714, 0.5525317413330078, [(7 33 3)-(8 61 31)-(8 51 9)]
0.7137, 0.5523180847167969, [(5 22 24)-(9 37 15)-(9 18 12)]
0.714, 0.5525318206787109, [(10 9 12)-(7 34 28)-(10 32 14)]
0.714, 0.5525409271240234, [(1 24 17)-(5 44 5)-(5 33 21)]
0.714, 0.5525317169189453, [(8 17 8)-(7 45 18)-(3 55 11)]
0.7138, 0.5524494812011719, [(7 50 17)-(2 3 19)-(1 31 25)]
0.714, 0.5525318359375, [(4 43 12)-(0 21 9)-(11 62 6)]
0.714, 0.5525317321777343, [(9 9 4)-(6 31 26)-(3 40 4)]
0.7129000000000001, 0.5523686584472656, [(11 9 28)-(7 36 11)-(0 2 21)]
0.7139, 0.5500736434936524, [(10 24 0)-(4 47 0)-(9 5 26)]
0.714, 0.5525317260742187, [(15 4 6)-(2 33 10)-(1 54 29)]
0.7109, 0.5523431732177735, [(0 44 21)-(10 23 28)-(1 1 15)]
0.714, 0.5525303558349609, [(8 13 14)-(1 50 5)-(11 2 10)]
0.714, 0.5525317260742187, [(15 43 3)-(4 50 0)-(12 36 5)]
0.7142, 0.551845004272461, [(2 50 29)-(12 4 6)-(12 17 24)]
0.714, 0.5525242980957031, [(15 8 1)-(0 39 20)-(7 0 11)]
0.714, 0.5525317230224609, [(11 57 10)-(14 57 12)-(2 55 9)]
0.714, 0.5525317291259766, [(11 32 7)-(14 33 16)-(4 40 22)]
0.7127, 0.5525679626464843, [(0 12 28)-(14 10 16)-(3 1 3)]
0.7139, 0.5525815765380859, [(11 34 12)-(0 56 29)-(4 25 23)]
0.714, 0.5525317108154297, [(12 36 10)-(9 18 7)-(12 38 26)]
0.6978, 0.5039643875122071, [(6 26 24)-(5 9 15)-(13 0 27)]
0.714, 0.5525317321777343, [(1 60 7)-(14 27 24)-(15 4 18)]
0.714, 0.5525317169189453, [(12 55 29)-(14 41 29)-(14 51 30)]
0.714, 0.5525317352294923, [(12 35 1)-(9 35 19)-(14 38 26)]
0.7135, 0.5523856353759766, [(9 2 18)-(0 42 23)-(12 31 15)]
0.7138, 0.5525225555419921, [(1 56 28)-(3 28 22)-(4 43 1)]
0.7141, 0.5525504699707031, [(3 11 6)-(10 3 8)-(2 22 18)]
0.714, 0.5525317199707032, [(13 27 27)-(9 19 6)-(4 49 29)]
0.714, 0.5525317138671875, [(8 35 30)-(15 51 15)-(7 33 16)]
0.714, 0.5525317291259766, [(4 44 13)-(10 7 30)-(4 58 17)]
0.7133, 0.5522394012451173, [(6 50 24)-(3 0 17)-(7 23 16)]
0.7129, 0.5525933288574219, [(5 55 28)-(8 1 18)-(7 21 14)]
0.714, 0.5525317199707032, [(2 51 12)-(7 59 25)-(15 43 2)]
0.712, 0.5542029449462891, [(8 6 25)-(9 27 7)-(7 60 4)]
0.714, 0.5525317291259766, [(11 51 24)-(8 62 26)-(8 36 17)]
0.714, 0.552531768798828, [(15 50 12)-(8 50 12)-(12 29 10)]
0.7124999999999999, 0.5517446197509766, [(8 1 2)-(3 20 28)-(5 52 2)]
0.714, 0.55253173828125, [(9 34 9)-(0 59 2)-(15 61 8)]
0.714, 0.5525317352294922, [(0 49 0)-(10 13 0)-(14 52 10)]
0.714, 0.552531736755371, [(1 13 0)-(4 54 17)-(0 30 8)]
0.714, 0.5525310760498047, [(0 45 7)-(1 17 14)-(6 15 13)]
0.714, 0.5525317260742187, [(14 3 6)-(5 56 21)-(8 39 19)]
0.714, 0.5525317291259766, [(10 31 6)-(11 57 21)-(2 32 1)]
0.7141, 0.5521403656005859, [(2 36 15)-(9 52 24)-(10 15 26)]
0.6982999999999999, 0.5217578308105468, [(15 45 17)-(15 35 13)-(11 2 27)]
0.7136, 0.5524410736083984, [(0 9 21)-(9 30 7)-(5 61 21)]
0.714, 0.5525317321777343, [(1 27 6)-(11 12 3)-(14 22 29)]
0.714, 0.5525317321777343, [(12 59 20)-(8 62 16)-(2 40 13)]
0.7141, 0.5525762237548828, [(2 22 19)-(1 41 22)-(2 15 15)]
0.714, 0.5525260772705078, [(3 6 8)-(11 27 17)-(15 1 4)]
0.714, 0.5525317138671875, [(4 19 7)-(4 40 9)-(8 48 25)]
0.714, 0.5525317230224609, [(11 59 11)-(13 37 15)-(9 1 0)]
0.714, 0.5525317321777343, [(12 62 20)-(15 13 3)-(11 52 25)]
0.714, 0.5525317321777343, [(12 53 16)-(9 57 17)-(13 48 28)]
0.714, 0.5525317199707032, [(13 61 18)-(9 38 6)-(7 54 8)]
0.7131, 0.5525597869873047, [(2 3 6)-(15 1 19)-(9 46 15)]
0.714, 0.5525317230224609, [(2 62 0)-(6 51 1)-(9 51 8)]
0.714, 0.5525317169189452, [(14 18 2)-(15 60 21)-(15 13 25)]
0.7137, 0.5524522705078125, [(9 46 7)-(10 5 4)-(12 2 20)]
0.714, 0.5525317169189452, [(6 20 1)-(4 40 26)-(8 4 0)]
0.714, 0.5525317565917969, [(11 38 4)-(10 5 13)-(12 63 22)]
0.714, 0.5525317260742187, [(6 18 6)-(11 43 27)-(15 57 7)]
0.714, 0.5525320434570312, [(10 30 0)-(10 9 15)-(4 55 18)]
0.7062999999999999, 0.5424727706909179, [(4 53 2)-(12 15 25)-(6 62 1)]
0.7131000000000001, 0.5521933776855469, [(10 26 25)-(13 14 26)-(15 29 0)]
0.7133, 0.5525841735839844, [(4 5 5)-(14 21 13)-(11 5 22)]
0.714, 0.5525317321777343, [(3 3 6)-(0 60 1)-(10 54 29)]
0.7127, 0.5543204284667969, [(13 32 17)-(10 26 25)-(2 23 28)]
0.7134, 0.552044125366211, [(5 20 24)-(5 21 25)-(3 58 0)]
0.714, 0.5525312225341796, [(3 27 13)-(3 0 30)-(1 0 4)]
0.7110000000000001, 0.5493126235961914, [(0 13 14)-(12 31 26)-(7 2 29)]
0.7137, 0.5525404663085938, [(1 20 18)-(14 22 0)-(12 55 21)]
0.7136, 0.5524136474609376, [(7 13 25)-(2 34 6)-(14 45 29)]
0.714, 0.5525317260742187, [(9 32 10)-(14 42 27)-(3 58 5)]
0.7139, 0.5525128509521484, [(4 43 15)-(3 0 5)-(10 11 16)]
0.714, 0.5525317443847657, [(13 41 31)-(5 63 31)-(6 57 12)]
0.7129, 0.5527953918457031, [(15 29 5)-(15 48 31)-(4 1 24)]
0.714, 0.5525317291259766, [(10 36 23)-(11 52 31)-(5 49 22)]
0.714, 0.5525317260742187, [(13 27 18)-(4 52 21)-(14 38 0)]
0.714, 0.5525340576171875, [(6 18 17)-(3 40 17)-(10 24 18)]
0.5911, 0.46340640869140626, [(7 0 29)-(7 23 17)-(13 56 13)]
0.714, 0.5525317413330078, [(1 54 3)-(7 1 10)-(6 49 2)]
0.714, 0.5525314666748047, [(5 21 1)-(2 9 9)-(5 16 7)]
0.7127, 0.5524019561767578, [(8 15 5)-(7 3 24)-(11 63 6)]
0.714, 0.552543228149414, [(10 2 4)-(3 19 19)-(5 48 15)]
0.714, 0.5525317321777343, [(4 44 9)-(15 23 10)-(6 42 4)]
0.714, 0.5525317169189453, [(10 44 26)-(0 42 7)-(3 47 3)]
0.7139, 0.5524182434082031, [(4 38 2)-(15 41 7)-(2 21 18)]
0.714, 0.5525313171386719, [(4 22 14)-(15 62 22)-(15 54 17)]
0.714, 0.5525317230224609, [(2 53 28)-(12 42 14)-(12 51 26)]
0.7142999999999999, 0.5529997375488281, [(8 3 22)-(15 11 4)-(4 53 0)]
0.714, 0.5525317199707032, [(15 4 1)-(1 50 22)-(8 41 14)]
0.714, 0.5525317291259766, [(5 61 6)-(10 44 17)-(4 46 14)]
0.714, 0.5525317352294923, [(5 8 8)-(9 7 30)-(12 54 3)]
0.714, 0.5525323272705078, [(1 54 15)-(1 61 15)-(12 26 15)]
0.7138, 0.5525337097167968, [(13 19 26)-(14 28 10)-(12 28 19)]
0.714, 0.5525317291259766, [(0 43 13)-(15 22 15)-(7 30 14)]
0.714, 0.5525317199707032, [(15 51 21)-(10 53 25)-(6 17 0)]
0.714, 0.5525317321777343, [(6 58 5)-(13 47 6)-(11 58 0)]
0.714, 0.5525317199707032, [(11 63 7)-(10 37 24)-(11 33 26)]
0.6815, 0.5525571197509765, [(4 35 2)-(5 47 14)-(0 3 26)]
0.7138, 0.5524653594970703, [(10 60 4)-(1 3 18)-(9 29 21)]
0.714, 0.5525317199707032, [(8 34 16)-(1 45 29)-(9 38 18)]
0.7127, 0.5517547393798828, [(2 31 8)-(11 17 28)-(13 31 31)]
0.714, 0.55253173828125, [(2 24 6)-(13 36 6)-(9 41 30)]
0.714, 0.5525322509765624, [(2 7 12)-(13 43 12)-(1 52 24)]
0.714, 0.5525317321777343, [(12 33 16)-(3 41 28)-(13 4 26)]
0.7143999999999999, 0.5512626495361328, [(13 23 25)-(6 41 2)-(7 16 26)]
0.714, 0.5525317749023437, [(8 2 7)-(7 31 25)-(13 8 26)]
0.714, 0.5525317291259766, [(3 42 27)-(10 60 26)-(15 59 24)]
0.7107000000000001, 0.5507826416015624, [(5 52 20)-(14 61 6)-(9 25 27)]
0.7116, 0.5518756591796875, [(14 21 5)-(5 24 26)-(6 60 4)]
0.714, 0.5525317352294922, [(3 33 31)-(12 55 12)-(12 42 28)]
0.714, 0.5525317291259766, [(10 60 11)-(7 44 0)-(8 10 7)]
0.7138, 0.5525659881591798, [(1 40 6)-(12 44 31)-(12 20 18)]
0.714, 0.5525317230224609, [(3 55 9)-(0 44 18)-(13 45 30)]
0.6982999999999999, 0.5217578231811524, [(11 2 27)-(10 28 7)-(15 51 20)]
0.714, 0.5525283599853515, [(3 5 17)-(9 7 14)-(11 44 13)]
0.714, 0.5525321136474609, [(5 55 21)-(4 16 15)-(12 62 13)]
0.7149, 0.5523506774902344, [(11 17 22)-(0 53 18)-(2 48 6)]
0.7145999999999999, 0.5521259857177734, [(4 18 28)-(9 10 18)-(13 18 18)]
0.714, 0.5525317260742187, [(0 52 22)-(10 43 27)-(6 24 2)]
0.714, 0.5525317230224609, [(0 6 30)-(14 44 14)-(2 32 16)]
0.714, 0.5525317352294923, [(13 37 5)-(4 41 28)-(11 40 0)]
0.7135, 0.5524588653564453, [(5 41 25)-(5 55 28)-(8 13 29)]
0.7133, 0.5524210815429688, [(9 44 6)-(11 6 23)-(13 17 6)]
0.7116, 0.550431591796875, [(5 14 25)-(15 40 14)-(0 35 21)]
0.714, 0.5525317153930664, [(6 8 3)-(1 45 29)-(13 41 2)]
0.714, 0.5525317260742187, [(1 42 26)-(1 60 31)-(12 52 5)]
0.714, 0.5525316589355469, [(12 35 25)-(10 51 13)-(5 1 7)]
0.714, 0.5525317199707032, [(12 19 4)-(3 6 4)-(9 49 20)]
0.714, 0.5525317230224609, [(1 14 30)-(0 40 7)-(13 31 1)]
0.7151000000000001, 0.5521285095214843, [(13 56 14)-(5 23 13)-(11 19 23)]
0.714, 0.5525317321777343, [(8 11 5)-(6 11 1)-(4 57 27)]
0.7132000000000001, 0.551718032836914, [(12 9 25)-(12 16 25)-(12 11 6)]
0.714, 0.5525280639648438, [(2 28 14)-(12 42 3)-(11 47 19)]
0.714, 0.5525316253662109, [(11 5 11)-(6 5 11)-(14 38 14)]
0.7142, 0.5529193237304688, [(6 33 24)-(8 27 19)-(10 10 26)]
0.7129000000000001, 0.5526058044433593, [(5 21 5)-(10 24 9)-(6 20 26)]
0.714, 0.5525317260742187, [(14 57 0)-(9 33 4)-(7 30 8)]
0.7135, 0.5525254302978515, [(13 43 11)-(5 21 29)-(10 42 11)]
0.714, 0.5525317321777343, [(4 49 30)-(14 47 20)-(3 38 24)]
0.7128, 0.5514471710205078, [(11 14 25)-(15 24 23)-(14 18 15)]
0.714, 0.5525317260742187, [(9 46 29)-(11 49 24)-(9 50 28)]
0.7138, 0.5525223052978516, [(15 23 28)-(1 5 22)-(11 49 7)]
0.6884, 0.548975717163086, [(8 35 18)-(0 1 29)-(6 55 1)]
0.714, 0.5525317291259766, [(0 5 2)-(5 38 22)-(2 46 24)]
0.7136, 0.5523016204833985, [(7 63 28)-(4 26 20)-(4 59 19)]
0.714, 0.5525106201171874, [(9 19 18)-(9 25 21)-(8 30 4)]
0.714, 0.5525317260742187, [(15 4 9)-(7 57 24)-(3 31 8)]
0.714, 0.5525317291259766, [(15 24 2)-(9 43 9)-(0 61 3)]
0.714, 0.5525317199707032, [(4 9 7)-(0 40 28)-(1 31 14)]
0.714, 0.552531704711914, [(11 37 22)-(11 33 3)-(5 22 8)]
0.714, 0.5525317169189453, [(3 57 22)-(15 61 12)-(6 3 5)]
0.714, 0.5525317260742187, [(0 50 31)-(10 52 26)-(5 61 0)]
0.7136, 0.5523132843017577, [(6 7 18)-(8 6 13)-(12 25 29)]
0.714, 0.5525269958496094, [(12 19 14)-(8 28 8)-(3 53 5)]
0.714, 0.5525317199707032, [(13 26 1)-(4 14 1)-(14 10 25)]
0.714, 0.5525317260742187, [(9 36 5)-(13 53 4)-(11 43 0)]
0.714, 0.5525317138671875, [(9 43 29)-(11 63 30)-(0 59 29)]
0.7126, 0.553019808959961, [(1 48 10)-(2 22 13)-(4 8 29)]
0.7132000000000001, 0.5526614654541016, [(12 51 9)-(2 20 24)-(4 10 8)]
0.7132000000000001, 0.550395199584961, [(2 17 22)-(9 45 12)-(5 3 16)]
0.714, 0.5525282470703126, [(10 37 16)-(14 35 9)-(12 9 18)]
0.714, 0.5525317260742187, [(4 61 14)-(3 5 2)-(5 29 1)]
0.714, 0.5525317321777343, [(12 44 28)-(12 36 3)-(15 51 10)]
0.714, 0.5525315612792969, [(5 30 2)-(1 4 7)-(0 11 11)]
0.714, 0.5525317199707032, [(10 39 8)-(1 15 2)-(8 51 0)]
0.7141, 0.5518679077148437, [(6 25 11)-(8 47 6)-(10 4 29)]
0.714, 0.5525317321777343, [(4 44 21)-(12 3 4)-(10 47 9)]
0.714, 0.5525313385009766, [(10 26 14)-(10 43 7)-(14 15 10)]
0.714, 0.5525317199707032, [(7 14 7)-(4 2 0)-(5 35 0)]
0.714, 0.5525317169189453, [(6 28 4)-(0 49 5)-(10 53 24)]
0.714, 0.5525317291259766, [(3 49 17)-(12 58 24)-(11 48 18)]
0.714, 0.5525317169189453, [(6 33 31)-(9 20 8)-(15 16 9)]
0.7131000000000001, 0.5520759048461914, [(3 9 11)-(5 14 22)-(1 25 21)]
0.714, 0.5525317413330078, [(0 54 20)-(13 27 6)-(8 32 23)]
0.714, 0.5525317230224609, [(5 57 7)-(5 49 19)-(9 31 11)]
0.714, 0.5525317291259766, [(6 41 27)-(14 55 22)-(15 42 9)]
0.7137, 0.5525123260498047, [(14 19 25)-(12 62 27)-(10 8 19)]
0.714, 0.5525317260742187, [(2 39 29)-(4 37 14)-(3 35 5)]
0.714, 0.55253173828125, [(8 32 3)-(13 22 27)-(9 35 4)]
0.714, 0.5525317321777343, [(1 52 31)-(9 7 4)-(9 60 7)]
0.7133, 0.5525792907714844, [(0 36 28)-(0 54 12)-(10 25 21)]
0.714, 0.5525317230224609, [(4 47 13)-(11 8 6)-(13 34 22)]
0.7129, 0.5525153961181641, [(0 50 28)-(7 21 30)-(11 19 21)]
0.7139, 0.5525265899658203, [(9 10 23)-(9 40 28)-(11 1 13)]
0.714, 0.5525317291259766, [(15 49 8)-(13 37 21)-(7 61 8)]
0.714, 0.5525317230224609, [(6 57 6)-(13 9 18)-(10 59 21)]
0.714, 0.5525311309814454, [(15 5 8)-(9 50 29)-(12 20 16)]
0.714, 0.5525317260742187, [(12 58 11)-(2 20 3)-(13 14 9)]
0.714, 0.5525317230224609, [(3 31 6)-(15 62 8)-(6 52 23)]
0.7138, 0.5525107391357422, [(11 61 17)-(7 20 8)-(1 9 17)]
0.7137, 0.5522063568115234, [(6 32 13)-(12 16 21)-(15 58 2)]
0.714, 0.5525318267822266, [(0 61 6)-(10 5 9)-(7 9 13)]
0.714, 0.5525317291259766, [(13 17 2)-(7 6 0)-(4 33 2)]
0.7139, 0.5524895050048828, [(1 42 10)-(10 7 30)-(4 28 19)]
0.714, 0.5525317199707032, [(5 51 14)-(14 36 23)-(13 20 4)]
0.714, 0.5525317230224609, [(6 31 26)-(0 58 8)-(4 35 16)]
0.714, 0.552531704711914, [(8 55 0)-(9 1 0)-(3 7 10)]
0.7138, 0.5525117584228516, [(3 19 20)-(7 23 9)-(14 52 12)]
0.714, 0.5525317230224609, [(15 21 15)-(2 58 14)-(4 59 8)]
0.7141, 0.5525125152587891, [(10 59 0)-(12 7 18)-(4 31 17)]
0.7087, 0.5533065673828125, [(15 25 1)-(3 26 31)-(15 50 6)]
0.6928000000000001, 0.48235169372558595, [(8 30 0)-(10 0 28)-(0 0 21)]
0.714, 0.5525317169189452, [(8 42 2)-(10 8 6)-(12 57 5)]
0.7137, 0.5515483886718751, [(1 31 10)-(8 27 30)-(0 27 24)]
0.7139, 0.552895132446289, [(4 61 17)-(2 7 23)-(9 14 22)]
0.714, 0.5525317260742187, [(0 8 1)-(4 39 13)-(13 53 4)]
0.714, 0.5525317291259766, [(6 37 25)-(0 38 8)-(8 46 18)]
0.714, 0.5525317138671875, [(5 17 7)-(10 51 31)-(2 20 30)]
0.714, 0.5525317321777343, [(13 24 30)-(13 14 20)-(0 8 2)]
0.714, 0.5525316497802735, [(5 14 10)-(3 49 8)-(4 8 8)]
0.7139, 0.5525491363525391, [(0 60 12)-(2 4 18)-(7 17 7)]
0.714, 0.552531771850586, [(1 58 13)-(2 6 7)-(13 29 13)]
0.714, 0.5525313690185547, [(12 57 12)-(2 32 22)-(12 1 11)]
0.7093, 0.5470743835449219, [(13 0 22)-(0 30 12)-(11 6 26)]
0.714, 0.5525317230224609, [(11 41 12)-(15 60 31)-(14 9 3)]
0.7135, 0.552608544921875, [(5 10 23)-(1 39 27)-(10 17 8)]
0.7138, 0.552551336669922, [(11 25 19)-(6 44 28)-(11 42 24)]
0.7134, 0.5524373962402345, [(3 11 14)-(1 46 1)-(12 8 24)]
0.714, 0.5525317321777343, [(14 44 14)-(3 61 25)-(9 34 8)]
0.7141, 0.552502261352539, [(13 50 17)-(0 30 28)-(11 18 22)]
0.714, 0.5525283386230468, [(13 24 31)-(6 17 1)-(11 5 16)]
0.7133, 0.552551626586914, [(4 49 21)-(7 27 29)-(2 53 17)]
0.714, 0.5525317443847656, [(3 31 17)-(4 19 10)-(6 62 12)]
0.714, 0.5525317108154297, [(13 37 16)-(5 55 11)-(14 51 11)]
0.7127, 0.5434490112304687, [(6 14 26)-(6 3 30)-(1 63 27)]
0.714, 0.5525338592529296, [(0 18 16)-(5 45 16)-(9 23 1)]
0.7123999999999999, 0.5494964202880859, [(1 0 19)-(9 19 29)-(0 26 2)]
0.714, 0.5525317230224609, [(9 11 3)-(13 51 3)-(1 32 10)]
0.714, 0.5525317291259766, [(7 50 23)-(7 58 20)-(6 25 0)]
0.714, 0.5525292633056641, [(5 43 14)-(10 11 13)-(2 57 26)]
0.714, 0.5525317169189452, [(14 54 16)-(15 61 11)-(3 53 14)]
0.7139, 0.5525494110107422, [(3 9 19)-(8 56 27)-(2 14 12)]
0.7138, 0.5522022979736328, [(6 57 19)-(6 12 2)-(5 22 27)]
0.7129, 0.5520075073242188, [(10 15 25)-(11 15 24)-(8 46 21)]
0.714, 0.5525238433837891, [(3 21 12)-(13 49 19)-(5 6 17)]
0.714, 0.552531689453125, [(12 24 6)-(1 24 3)-(1 0 3)]
0.7004, 0.5421551574707031, [(12 13 21)-(12 8 25)-(5 42 13)]
0.714, 0.5525313171386719, [(10 26 6)-(12 62 31)-(6 16 16)]
0.7138, 0.5522082763671875, [(0 53 15)-(5 29 26)-(15 55 31)]
0.714, 0.5525316619873046, [(7 32 17)-(5 55 8)-(11 26 9)]
0.7133, 0.5529352661132813, [(11 24 27)-(7 8 23)-(11 29 3)]
0.714, 0.5525317291259766, [(4 61 29)-(14 61 28)-(0 50 20)]
0.714, 0.5525318664550781, [(4 16 11)-(13 21 15)-(5 40 10)]
0.7139, 0.5525317413330078, [(12 56 13)-(1 26 17)-(14 60 18)]
0.714, 0.5525317199707032, [(1 58 0)-(3 60 17)-(1 50 30)]
0.714, 0.5525317291259766, [(2 37 26)-(9 4 1)-(12 44 0)]
0.714, 0.5525300628662109, [(2 31 17)-(0 7 18)-(2 38 10)]
0.7137, 0.552551904296875, [(8 16 12)-(12 6 19)-(9 22 14)]
0.714, 0.5525317260742187, [(7 19 10)-(15 60 10)-(15 42 5)]
0.7138, 0.5519957916259766, [(10 9 7)-(8 62 2)-(11 15 27)]
0.6993, 0.5413370880126953, [(8 35 8)-(2 11 6)-(5 6 26)]
0.714, 0.5525317260742187, [(12 58 30)-(10 3 0)-(12 54 14)]
0.7111000000000001, 0.5539138610839844, [(10 9 22)-(9 27 6)-(4 15 31)]
0.714, 0.5525317260742187, [(2 56 28)-(8 60 3)-(2 41 0)]
0.7144999999999999, 0.5520838287353516, [(8 2 24)-(7 26 19)-(15 57 19)]
0.714, 0.5525317291259766, [(3 30 21)-(13 53 29)-(14 25 1)]
0.7133, 0.5526615173339844, [(14 47 11)-(5 5 22)-(13 45 8)]
0.7137, 0.5526499786376953, [(4 21 4)-(5 49 30)-(6 3 18)]
0.714, 0.5525317199707032, [(4 42 8)-(1 51 27)-(14 63 1)]
0.714, 0.5525328369140625, [(7 6 16)-(7 55 14)-(15 56 13)]
0.714, 0.5525317199707032, [(10 58 30)-(0 41 28)-(11 38 29)]
0.7144, 0.5516738983154297, [(13 51 27)-(10 39 24)-(10 0 19)]
0.7137, 0.5524750671386719, [(0 56 6)-(5 47 13)-(9 4 28)]
0.714, 0.5525317321777343, [(15 34 27)-(7 12 2)-(3 58 20)]
0.714, 0.5525317169189453, [(12 5 0)-(5 8 2)-(11 2 2)]
0.714, 0.5525317291259766, [(6 12 8)-(13 13 31)-(1 42 14)]
0.7144999999999999, 0.5522438934326173, [(9 46 31)-(4 19 3)-(7 20 20)]
0.714, 0.5525317230224609, [(2 38 11)-(9 63 28)-(9 37 29)]
0.714, 0.5525317230224609, [(9 53 17)-(0 52 12)-(11 54 29)]
0.714, 0.5525317138671875, [(3 51 21)-(13 19 4)-(6 58 31)]
0.7138, 0.5525512115478516, [(5 49 2)-(11 25 19)-(5 22 13)]
0.7138, 0.5529380065917968, [(6 21 24)-(2 30 2)-(10 2 13)]
0.7065, 0.5471116851806641, [(6 13 7)-(10 63 21)-(3 6 27)]
0.714, 0.5525317169189452, [(12 32 11)-(4 40 22)-(5 40 16)]
0.714, 0.55253173828125, [(14 8 24)-(8 54 11)-(0 35 7)]
0.7121, 0.55148369140625, [(7 25 27)-(3 32 12)-(8 3 1)]
0.714, 0.5525317260742187, [(12 30 19)-(15 52 1)-(13 7 23)]
0.714, 0.5525317199707032, [(14 13 7)-(11 36 3)-(7 62 25)]
0.714, 0.5525317199707032, [(2 51 4)-(14 37 13)-(13 25 11)]
0.7119, 0.5526485168457032, [(4 25 27)-(1 15 17)-(2 15 1)]
0.714, 0.5525317291259766, [(7 57 13)-(6 41 25)-(4 48 29)]
0.7139, 0.552661883544922, [(4 63 10)-(13 1 18)-(14 52 5)]
0.714, 0.5525317169189453, [(1 45 19)-(4 11 30)-(11 20 6)]
0.714, 0.5525317260742187, [(4 29 7)-(0 37 8)-(14 30 0)]
0.714, 0.5525317291259766, [(1 46 3)-(0 33 25)-(6 62 3)]
0.6910000000000001, 0.5335018661499024, [(7 1 25)-(0 45 18)-(3 61 3)]
0.714, 0.5525317230224609, [(5 27 30)-(11 3 3)-(8 30 27)]
0.7135, 0.5525350616455078, [(3 19 29)-(6 53 21)-(6 53 7)]
0.714, 0.5525320678710938, [(14 11 5)-(7 23 14)-(15 57 31)]
0.714, 0.5525317169189452, [(1 43 16)-(11 43 1)-(8 42 6)]
0.7131000000000001, 0.5523675384521485, [(8 11 21)-(12 13 9)-(14 62 7)]
0.7022999999999999, 0.5422915603637695, [(9 58 7)-(15 1 27)-(11 12 14)]
0.714, 0.5525317169189453, [(0 54 27)-(3 38 2)-(2 63 11)]
0.714, 0.5525317230224609, [(11 36 5)-(13 10 15)-(9 43 11)]
0.7131, 0.5516265014648437, [(2 0 19)-(10 28 1)-(4 37 31)]
0.714, 0.5525317077636718, [(15 5 2)-(7 44 16)-(14 0 3)]
0.7139, 0.5525510040283204, [(10 17 17)-(13 39 5)-(4 5 6)]
0.714, 0.5525317260742187, [(10 36 13)-(13 22 20)-(11 50 18)]
0.7139, 0.5527025451660157, [(7 43 10)-(0 14 23)-(1 20 10)]
0.7021, 0.5408405639648437, [(8 18 29)-(11 18 6)-(2 50 25)]
0.714, 0.5525317291259766, [(6 52 27)-(6 28 2)-(8 61 4)]
0.714, 0.5525324111938477, [(8 42 18)-(0 28 18)-(7 33 16)]
0.714, 0.552531640625, [(12 42 30)-(4 43 15)-(5 27 7)]
0.714, 0.5525320617675782, [(14 7 5)-(0 32 4)-(1 26 13)]
0.714, 0.5525317230224609, [(14 58 6)-(14 40 20)-(2 60 7)]
0.714, 0.5525317321777343, [(14 29 1)-(12 56 12)-(4 62 9)]
0.714, 0.5525317291259766, [(11 4 3)-(1 52 27)-(3 6 3)]
0.714, 0.5525317260742187, [(2 46 25)-(11 56 12)-(8 45 19)]
0.7136, 0.5525204864501954, [(9 32 23)-(12 37 10)-(7 4 19)]
0.7089, 0.5545691558837891, [(14 45 11)-(4 27 31)-(3 3 11)]
0.7132000000000001, 0.5532192779541016, [(5 2 1)-(6 26 25)-(8 63 6)]
0.714, 0.5525317352294923, [(9 29 2)-(4 63 11)-(8 48 1)]
0.714, 0.5525317199707032, [(7 55 13)-(4 20 2)-(6 51 16)]
0.714, 0.5525317565917969, [(4 13 12)-(13 32 12)-(5 19 5)]
0.714, 0.5525317138671875, [(14 11 29)-(7 47 19)-(9 63 22)]
0.7130000000000001, 0.5530638793945313, [(6 3 26)-(1 26 15)-(15 1 15)]
0.6019, 0.43977470703125, [(1 0 29)-(9 38 27)-(1 46 27)]
0.7121999999999999, 0.5516008026123047, [(15 38 5)-(10 7 26)-(7 58 2)]
0.7129, 0.5529810638427735, [(6 18 27)-(13 57 12)-(6 45 22)]
0.714, 0.5525311798095702, [(13 17 9)-(14 21 28)-(12 19 12)]
0.7138, 0.5525176849365234, [(4 10 28)-(4 28 30)-(1 38 25)]
0.714, 0.5525317169189452, [(12 40 18)-(1 10 4)-(12 53 5)]
0.714, 0.5525317321777343, [(8 34 8)-(13 47 0)-(14 8 26)]
0.7143, 0.5527370635986328, [(3 17 25)-(7 34 21)-(7 49 19)]
0.714, 0.5525311737060548, [(0 15 6)-(1 0 7)-(12 38 31)]
0.714, 0.5525317596435546, [(6 20 10)-(3 21 10)-(7 38 16)]
0.7139, 0.5525301971435548, [(8 1 14)-(1 19 19)-(9 22 5)]
0.7136, 0.5522846893310547, [(9 8 25)-(3 47 16)-(12 13 9)]
0.7119, 0.5501166168212891, [(10 51 13)-(2 27 23)-(8 16 26)]
0.7124999999999999, 0.5517446472167968, [(2 50 19)-(3 20 27)-(13 31 16)]
0.714, 0.5525317810058594, [(2 59 15)-(0 14 9)-(5 43 31)]
0.7127, 0.5513019500732422, [(1 19 15)-(6 3 22)-(8 32 18)]
0.7135, 0.5522763824462891, [(12 32 2)-(4 22 23)-(7 12 25)]
0.7125, 0.5530570068359375, [(0 7 23)-(13 46 4)-(5 12 28)]
0.714, 0.5525317230224609, [(4 44 8)-(12 21 5)-(5 56 2)]
0.7137, 0.5527875915527344, [(12 29 26)-(13 5 21)-(13 11 15)]
0.7134, 0.5532867584228516, [(4 8 11)-(15 38 29)-(6 28 27)]
0.714, 0.5525317352294922, [(3 60 1)-(6 49 16)-(13 1 5)]
0.714, 0.5525317199707032, [(11 48 7)-(9 54 7)-(11 35 17)]
0.7142999999999999, 0.5490756652832032, [(14 0 22)-(12 48 26)-(6 57 16)]
0.714, 0.552531787109375, [(14 51 12)-(13 53 8)-(3 14 9)]
0.7093, 0.5420245361328124, [(4 2 23)-(3 43 17)-(9 44 14)]
0.7131000000000001, 0.5520347778320313, [(3 23 28)-(11 34 9)-(12 26 13)]
0.714, 0.5525317352294922, [(8 34 31)-(4 55 15)-(15 36 12)]
0.714, 0.5525317321777343, [(4 40 12)-(15 9 15)-(5 21 3)]
0.7127, 0.5533770172119141, [(4 16 27)-(7 38 13)-(9 56 1)]
0.7138, 0.5530064208984375, [(10 10 28)-(5 5 30)-(10 49 22)]
0.7004, 0.5422567962646485, [(12 8 25)-(10 23 23)-(13 48 31)]
0.573, 0.4980327484130859, [(15 52 22)-(2 25 31)-(7 0 25)]
0.714, 0.5525316253662109, [(6 13 11)-(12 31 1)-(14 39 30)]
0.714, 0.5525317321777343, [(14 19 7)-(10 63 20)-(4 13 3)]
0.714, 0.5525317504882812, [(3 41 15)-(5 14 6)-(12 43 2)]
0.714, 0.5525317230224609, [(2 60 20)-(5 50 31)-(0 63 19)]
0.7114, 0.5501898010253907, [(5 26 8)-(4 21 18)-(8 23 26)]
0.7141, 0.5525214965820313, [(13 18 2)-(10 1 17)-(13 39 19)]
0.7123999999999999, 0.5524141418457031, [(7 27 15)-(3 15 23)-(9 39 26)]
0.714, 0.5525317260742187, [(0 33 5)-(9 42 14)-(8 0 30)]
0.714, 0.5524235382080078, [(8 17 20)-(14 11 30)-(6 52 19)]
0.714, 0.5525317199707032, [(12 42 27)-(8 48 11)-(8 48 27)]
0.714, 0.5525317291259766, [(8 63 31)-(11 53 5)-(5 48 8)]
0.7127, 0.5506080718994141, [(11 39 12)-(11 2 21)-(10 19 7)]
0.714, 0.5525311614990234, [(2 12 4)-(14 36 5)-(8 26 17)]
0.7133, 0.5529248626708985, [(6 1 20)-(2 60 21)-(11 28 20)]
0.7132000000000001, 0.5515399505615235, [(0 62 12)-(7 12 27)-(13 22 4)]
0.714, 0.5525317230224609, [(12 33 28)-(10 47 11)-(11 23 8)]
0.7137, 0.5524543273925782, [(9 13 18)-(1 57 10)-(15 43 30)]
0.714, 0.552531704711914, [(12 54 0)-(8 7 5)-(3 52 3)]
0.714, 0.5525317230224609, [(5 51 13)-(3 7 7)-(7 52 22)]
0.713, 0.5500223449707031, [(3 35 25)-(9 30 21)-(6 6 29)]
0.7138, 0.5525323699951172, [(7 8 19)-(15 58 25)-(10 59 28)]
0.714, 0.5525317352294922, [(4 36 27)-(6 63 23)-(8 52 26)]
0.7139, 0.5525236541748046, [(8 59 4)-(7 19 17)-(7 53 10)]
0.7126, 0.5530195007324219, [(14 47 12)-(7 34 19)-(4 8 29)]
0.714, 0.5525313690185547, [(13 30 2)-(15 0 8)-(4 56 1)]
0.714, 0.5525317291259766, [(14 19 23)-(11 30 8)-(13 24 0)]
0.7133, 0.5524161285400391, [(3 7 21)-(2 61 11)-(12 43 20)]
0.714, 0.5525317138671875, [(2 55 2)-(2 42 25)-(5 48 1)]
0.714, 0.552531463623047, [(9 23 9)-(3 16 7)-(0 18 15)]
0.714, 0.5525315917968749, [(2 32 15)-(3 24 4)-(3 27 10)]
0.714, 0.5525317199707032, [(12 17 3)-(13 42 0)-(6 39 23)]
0.713, 0.5524091369628906, [(6 25 21)-(15 55 21)-(10 18 23)]
0.714, 0.5525317260742187, [(6 31 24)-(2 54 11)-(14 46 10)]
0.714, 0.5525314758300781, [(5 31 12)-(12 8 14)-(15 40 9)]
0.714, 0.5525213317871094, [(10 58 1)-(13 1 0)-(5 2 14)]
0.714, 0.5525317291259766, [(14 49 26)-(6 39 25)-(3 30 30)]
0.714, 0.5525317016601563, [(1 30 25)-(8 52 3)-(8 28 8)]
0.714, 0.5525316864013672, [(6 34 17)-(9 13 7)-(4 53 4)]
0.7139, 0.5524796203613281, [(5 47 12)-(9 16 19)-(14 45 5)]
0.714, 0.5525317291259766, [(1 49 16)-(15 34 7)-(4 36 4)]
0.714, 0.5525317199707032, [(3 55 29)-(0 58 0)-(6 39 23)]
0.7138, 0.5530064178466796, [(5 52 23)-(10 10 28)-(8 41 4)]
0.7135, 0.5525675598144532, [(10 5 4)-(1 52 7)-(12 3 19)]
0.7131, 0.5519445281982422, [(15 1 23)-(9 7 22)-(6 24 13)]
0.714, 0.5525317321777343, [(7 32 21)-(12 49 28)-(9 54 9)]
0.714, 0.5525316513061523, [(0 31 29)-(8 7 7)-(13 32 4)]
0.7111000000000001, 0.5545573699951172, [(4 4 26)-(15 36 10)-(10 4 13)]
0.714, 0.5525317321777343, [(7 35 1)-(1 43 26)-(2 52 24)]
0.7139, 0.5527403900146484, [(2 22 22)-(11 55 31)-(15 32 23)]
0.714, 0.5525317199707032, [(2 13 1)-(7 9 4)-(0 3 30)]
0.714, 0.5525317108154297, [(11 10 0)-(5 39 29)-(5 55 24)]
0.714, 0.5525317199707032, [(14 37 7)-(10 34 17)-(0 30 14)]
0.7128, 0.5503084884643554, [(10 11 24)-(2 34 14)-(8 58 4)]
0.714, 0.5525315246582032, [(6 40 0)-(3 7 14)-(6 12 2)]
0.714, 0.5525317474365234, [(5 34 10)-(9 63 0)-(3 4 9)]
0.7091000000000001, 0.5574895294189454, [(12 5 8)-(2 6 25)-(0 54 21)]
0.714, 0.5525317230224609, [(15 55 10)-(8 58 10)-(11 58 17)]
0.714, 0.5525317016601563, [(15 25 4)-(10 25 12)-(14 51 22)]
0.7133, 0.5528204681396485, [(0 56 27)-(4 20 0)-(6 22 23)]
0.714, 0.5525317352294923, [(14 12 3)-(0 59 23)-(13 43 3)]
0.714, 0.5525317077636719, [(10 61 7)-(5 18 10)-(4 37 6)]
0.714, 0.5525317199707032, [(12 24 3)-(0 42 30)-(4 47 23)]
0.714, 0.5525317230224609, [(12 30 14)-(10 42 20)-(13 12 21)]
0.7115, 0.5526634063720703, [(12 46 19)-(4 37 16)-(1 26 23)]
0.714, 0.5525317230224609, [(1 58 4)-(14 6 11)-(2 63 15)]
0.6773, 0.5500907531738282, [(3 0 25)-(8 12 12)-(1 20 26)]
0.714, 0.5525317321777343, [(15 40 31)-(15 43 26)-(13 13 22)]
0.714, 0.5525317260742187, [(12 49 12)-(7 45 31)-(3 48 17)]
0.7122999999999999, 0.5507772125244141, [(14 3 27)-(8 11 28)-(9 4 17)]
0.714, 0.5525317260742187, [(5 12 3)-(12 40 26)-(3 62 13)]
0.714, 0.5533327545166016, [(8 16 24)-(3 13 2)-(5 8 4)]
0.714, 0.5525311309814454, [(14 22 12)-(11 18 18)-(5 20 9)]
0.714, 0.5525317321777343, [(13 8 11)-(9 34 25)-(14 47 21)]
0.714, 0.5525317321777343, [(5 31 8)-(11 47 31)-(4 53 17)]
0.7135, 0.5525345153808594, [(9 38 26)-(8 2 16)-(8 31 12)]
0.7135, 0.5525674377441405, [(13 44 24)-(2 0 6)-(12 3 19)]
0.714, 0.5525317199707032, [(5 48 29)-(2 26 5)-(15 27 16)]
0.714, 0.5525317230224609, [(15 60 6)-(0 49 14)-(8 48 2)]
0.6720999999999999, 0.5114471374511719, [(2 28 25)-(4 2 27)-(15 3 18)]
0.714, 0.5525317291259766, [(10 4 0)-(8 58 23)-(4 53 26)]
0.7138, 0.55243642578125, [(8 49 8)-(12 58 14)-(9 0 15)]
0.714, 0.5525314208984375, [(4 34 9)-(1 21 14)-(4 0 3)]
0.7135, 0.5521307403564453, [(3 29 9)-(8 47 26)-(4 12 24)]
0.7139, 0.5525350891113281, [(2 2 16)-(10 50 30)-(2 45 16)]
0.714, 0.5525317230224609, [(4 42 17)-(12 50 14)-(9 30 8)]
0.7105, 0.5444577545166016, [(3 25 30)-(13 0 24)-(14 32 10)]
0.714, 0.5525317260742187, [(8 62 14)-(5 35 1)-(8 52 15)]
0.7130000000000001, 0.5523271026611327, [(1 9 30)-(0 11 23)-(1 1 7)]
0.714, 0.5525317230224609, [(10 31 28)-(14 6 14)-(3 63 3)]
0.714, 0.552531494140625, [(7 8 18)-(6 13 5)-(15 15 25)]
0.714, 0.5525317230224609, [(15 32 7)-(7 8 7)-(9 50 15)]
0.714, 0.5525423950195312, [(6 4 6)-(8 29 18)-(13 42 12)]
0.7137, 0.5519986145019531, [(1 9 1)-(11 15 26)-(12 24 8)]
0.714, 0.5525317291259766, [(3 33 18)-(7 55 7)-(1 37 15)]
0.714, 0.5525317138671875, [(8 42 12)-(2 49 7)-(3 47 8)]
0.714, 0.5525317352294922, [(10 2 4)-(7 55 30)-(2 25 4)]
0.714, 0.5525317230224609, [(2 60 13)-(4 19 30)-(7 40 16)]
0.714, 0.5525317260742187, [(13 37 15)-(12 55 31)-(4 32 28)]
0.714, 0.55253173828125, [(6 4 6)-(7 55 0)-(14 63 19)]
0.714, 0.5525316589355469, [(8 48 0)-(10 7 16)-(7 1 3)]
0.714, 0.5525317230224609, [(0 29 6)-(9 14 4)-(13 33 8)]
0.7137, 0.5525350219726562, [(12 28 21)-(14 22 8)-(8 51 8)]
0.714, 0.5525317169189453, [(14 45 8)-(1 37 20)-(9 32 26)]
0.714, 0.5525317321777343, [(15 57 19)-(5 48 31)-(8 53 0)]
0.714, 0.5525316955566406, [(15 45 21)-(2 43 21)-(4 23 8)]
0.7141, 0.552488540649414, [(2 12 4)-(1 14 15)-(5 18 22)]
0.714, 0.55253173828125, [(8 48 17)-(13 29 31)-(9 41 11)]
0.714, 0.55253173828125, [(11 9 10)-(13 40 1)-(2 45 2)]
0.7128, 0.5521169036865234, [(14 49 4)-(5 18 29)-(7 7 15)]
0.7145999999999999, 0.5521238494873046, [(13 49 25)-(11 37 2)-(4 18 27)]
0.714, 0.5525317138671875, [(14 36 5)-(6 58 14)-(5 7 10)]
0.714, 0.5525317169189453, [(7 37 3)-(10 39 18)-(1 36 0)]
0.714, 0.5525317321777343, [(15 39 25)-(13 57 27)-(15 61 12)]
0.7127, 0.5517359558105468, [(3 3 27)-(13 38 27)-(2 30 22)]
0.7138, 0.5524748626708984, [(8 15 17)-(4 19 30)-(10 7 22)]
0.714, 0.5525317169189453, [(2 44 3)-(7 54 9)-(6 42 19)]
0.7130000000000001, 0.5523177780151367, [(9 3 25)-(14 10 23)-(7 18 21)]
0.714, 0.5525317153930664, [(9 56 13)-(2 60 21)-(4 37 29)]
0.7133, 0.5530402038574218, [(0 23 2)-(14 7 18)-(11 16 31)]
0.714, 0.5525317291259766, [(7 44 13)-(9 46 0)-(4 38 28)]
0.714, 0.5525317352294923, [(2 56 19)-(7 32 11)-(8 40 21)]
0.7131000000000001, 0.5495644287109375, [(12 0 22)-(6 1 2)-(15 9 6)]
0.714, 0.5525317199707032, [(6 3 3)-(11 60 26)-(2 60 28)]
0.7136, 0.54986240234375, [(1 44 17)-(2 20 24)-(0 9 26)]
0.7139, 0.5525317779541016, [(5 52 5)-(15 14 10)-(4 9 17)]
0.7135, 0.5524390380859375, [(13 40 18)-(13 59 19)-(7 6 31)]
0.714, 0.5525331695556641, [(12 61 7)-(1 63 4)-(6 11 13)]
0.714, 0.5525317474365234, [(1 32 11)-(13 28 6)-(9 17 3)]
0.7131000000000001, 0.5525877502441406, [(4 16 2)-(12 1 19)-(3 53 3)]
0.7083999999999999, 0.555481396484375, [(4 23 31)-(15 16 13)-(10 56 16)]
0.7142, 0.5522727416992188, [(6 58 11)-(11 4 28)-(7 54 24)]
0.714, 0.5525317138671875, [(6 48 21)-(6 58 12)-(4 53 23)]
0.714, 0.5525317291259766, [(2 51 18)-(15 37 1)-(9 8 3)]
0.714, 0.5525317199707032, [(11 35 5)-(10 5 8)-(15 47 15)]
0.7132000000000001, 0.5530778472900391, [(3 19 11)-(9 39 31)-(10 4 31)]
0.7093, 0.5568274444580079, [(2 15 27)-(14 24 31)-(4 37 26)]
0.7136, 0.5524783843994141, [(14 43 27)-(8 9 21)-(7 50 19)]
0.7135, 0.5526145141601563, [(7 4 25)-(7 61 11)-(3 0 9)]
0.7142, 0.5521657440185547, [(1 10 29)-(11 60 24)-(3 50 12)]
0.714, 0.5525301971435547, [(13 16 8)-(9 43 12)-(0 23 13)]
0.714, 0.5525319610595703, [(6 16 14)-(11 55 12)-(2 44 27)]
0.6932, 0.5525688415527343, [(10 38 4)-(8 25 31)-(5 27 8)]
0.7141, 0.5528397369384765, [(12 24 8)-(3 13 16)-(7 15 25)]
0.7141, 0.5526164062500001, [(1 32 22)-(4 16 22)-(14 58 12)]
0.7031000000000001, 0.5566173583984375, [(4 58 6)-(5 36 12)-(4 14 31)]
0.714, 0.552531005859375, [(9 12 12)-(11 39 16)-(1 11 12)]
0.714, 0.5525323028564453, [(3 16 13)-(3 61 0)-(4 54 18)]
0.714, 0.5525133056640625, [(13 0 30)-(6 33 6)-(1 12 23)]
0.714, 0.5525317291259766, [(6 3 14)-(7 59 14)-(5 11 19)]
0.7136, 0.5524584259033203, [(13 37 21)-(1 14 24)-(9 55 15)]
0.7126, 0.5530173248291016, [(0 10 8)-(4 45 9)-(4 8 26)]
0.7093, 0.5492976486206055, [(12 7 20)-(3 41 6)-(13 2 31)]
0.714, 0.5525317276000976, [(13 37 18)-(15 49 5)-(10 32 9)]
0.714, 0.5525325653076172, [(2 59 7)-(15 24 28)-(5 5 14)]
0.714, 0.5525316741943359, [(10 37 11)-(5 17 10)-(9 10 3)]
0.1, 0.999910107421875, [(5 0 31)-(5 32 0)-(11 59 1)]
0.714, 0.5525320190429688, [(4 24 15)-(13 38 15)-(2 18 9)]
0.714, 0.5525317230224609, [(13 21 6)-(10 52 31)-(1 27 9)]
0.7139, 0.5522855560302735, [(3 39 19)-(0 2 11)-(2 17 21)]
0.714, 0.5525317352294922, [(10 40 7)-(12 30 16)-(12 45 28)]
0.714, 0.5525320983886719, [(4 16 13)-(4 60 11)-(13 10 29)]
0.714, 0.5525316314697266, [(3 12 2)-(11 5 11)-(10 52 31)]
0.7141, 0.5524708190917968, [(4 30 31)-(11 3 20)-(14 33 30)]
0.714, 0.5525316436767578, [(14 62 8)-(0 17 7)-(0 53 26)]
0.714, 0.5525317230224609, [(11 35 12)-(11 7 0)-(13 21 20)]
0.5905, 0.5016524322509766, [(6 35 26)-(8 1 31)-(14 48 7)]
0.6997, 0.540117465209961, [(12 17 29)-(14 36 28)-(7 32 3)]
0.714, 0.5525315612792969, [(1 53 1)-(12 17 10)-(13 32 23)]
0.714, 0.5525317199707032, [(15 26 7)-(15 9 0)-(4 22 8)]
0.7050000000000001, 0.5442254364013672, [(2 3 10)-(11 26 29)-(7 22 15)]
0.714, 0.5525317260742187, [(13 24 17)-(3 7 3)-(2 31 18)]
0.714, 0.5525317169189452, [(8 13 1)-(1 60 1)-(11 16 30)]
0.714, 0.5525317291259766, [(13 23 15)-(9 62 3)-(14 24 7)]
0.714, 0.5525317230224609, [(5 30 16)-(12 1 1)-(14 34 12)]
0.714, 0.5525317291259766, [(11 36 15)-(2 30 2)-(15 27 5)]
0.714, 0.5525312408447265, [(7 20 11)-(9 23 14)-(13 44 7)]
0.7121, 0.5505563323974609, [(12 35 11)-(3 56 3)-(4 12 26)]
0.7135, 0.5525388610839843, [(5 32 22)-(5 13 27)-(5 17 15)]
0.714, 0.5525317260742187, [(12 39 21)-(4 46 30)-(1 9 3)]
0.714, 0.5525317352294923, [(6 43 1)-(6 16 1)-(4 63 6)]
0.7139, 0.5524578002929688, [(10 21 24)-(4 62 25)-(4 55 0)]
0.714, 0.5525316497802735, [(6 5 25)-(12 21 8)-(14 27 30)]
0.714, 0.5525273406982423, [(8 1 30)-(8 21 16)-(11 46 9)]
0.714, 0.5525269989013673, [(8 17 17)-(7 2 0)-(11 36 22)]
0.7135, 0.5549936401367188, [(9 54 15)-(2 24 27)-(1 24 24)]
0.714, 0.5525317260742187, [(10 1 6)-(7 48 13)-(1 49 5)]
0.1, 0.9999726196289063, [(6 0 31)-(3 31 8)-(15 59 16)]
0.714, 0.5525317230224609, [(14 51 20)-(9 41 4)-(5 49 6)]
0.714, 0.5525317291259766, [(6 53 13)-(12 38 25)-(15 35 21)]
0.714, 0.5525312835693359, [(9 34 13)-(12 9 14)-(13 7 7)]
0.714, 0.5525317321777343, [(0 47 31)-(9 30 22)-(2 61 30)]
0.714, 0.5525313995361328, [(1 25 13)-(5 49 10)-(2 61 23)]
0.714, 0.5525101165771484, [(4 21 17)-(14 7 19)-(11 54 13)]
0.714, 0.5525317108154297, [(8 29 0)-(15 4 30)-(7 20 3)]
0.714, 0.5525319305419922, [(6 22 11)-(0 8 30)-(6 11 7)]
0.714, 0.5525317321777343, [(5 45 19)-(7 35 22)-(13 34 1)]
0.7141, 0.5526457611083984, [(8 48 27)-(6 36 1)-(0 21 19)]
0.7127, 0.5525711959838867, [(8 42 24)-(11 29 20)-(0 12 28)]
0.7101, 0.5499222351074219, [(14 23 18)-(3 27 29)-(13 29 22)]
0.714, 0.5525317199707032, [(4 43 21)-(4 37 24)-(7 25 9)]
0.714, 0.5525317260742187, [(10 50 16)-(3 40 5)-(10 50 5)]
0.714, 0.5525317230224609, [(13 52 20)-(0 19 4)-(9 48 7)]
0.7136, 0.5531635437011719, [(3 26 28)-(8 29 15)-(10 5 24)]
0.7105, 0.5487392639160156, [(5 14 26)-(11 23 11)-(12 33 8)]
0.714, 0.5525317260742187, [(14 9 18)-(7 43 31)-(8 55 0)]
0.714, 0.5525317260742187, [(2 40 12)-(4 42 1)-(13 15 16)]
0.714, 0.5525317169189452, [(6 33 0)-(5 61 11)-(14 31 25)]
0.7127, 0.5533770233154297, [(3 59 13)-(4 16 27)-(3 4 0)]
0.714, 0.5525317291259766, [(5 61 25)-(0 57 12)-(1 46 19)]
0.7138, 0.5525415985107422, [(6 39 3)-(4 16 21)-(2 21 1)]
0.714, 0.5525323364257813, [(6 29 17)-(15 14 21)-(13 54 25)]
0.7009, 0.5371136291503906, [(3 11 14)-(9 1 28)-(13 19 10)]
0.7119, 0.5510190948486329, [(8 11 26)-(6 39 5)-(6 11 20)]
0.714, 0.552531884765625, [(2 36 24)-(8 21 17)-(3 37 13)]
0.714, 0.5525317291259766, [(12 61 10)-(0 43 21)-(13 39 2)]
0.714, 0.5525317077636718, [(9 25 3)-(10 15 8)-(10 52 12)]
0.714, 0.5525317413330078, [(13 28 12)-(6 61 20)-(8 37 15)]
0.714, 0.5525317260742187, [(8 16 7)-(1 47 14)-(0 31 17)]
0.714, 0.5525317230224609, [(0 57 30)-(4 35 21)-(6 54 15)]
0.714, 0.5525353088378906, [(4 29 19)-(13 1 1)-(6 35 9)]
0.714, 0.5525277313232422, [(0 8 6)-(4 20 18)-(9 33 12)]
0.714, 0.5525317291259766, [(15 33 19)-(4 25 1)-(8 49 30)]
0.714, 0.5525317199707032, [(13 9 14)-(3 48 15)-(3 23 9)]
0.714, 0.5525317108154297, [(14 30 9)-(13 61 3)-(15 24 16)]
0.714, 0.5525317108154297, [(11 33 12)-(5 22 9)-(14 54 13)]
0.714, 0.5525317199707032, [(8 63 29)-(15 8 24)-(15 21 9)]
0.714, 0.5525298645019532, [(7 10 8)-(15 5 13)-(10 27 16)]
0.7147, 0.5533854248046874, [(3 8 27)-(0 57 3)-(13 56 21)]
0.714, 0.5525316253662109, [(5 28 11)-(3 10 25)-(15 63 22)]
0.714, 0.5525346405029297, [(8 45 9)-(2 25 13)-(5 46 24)]
0.714, 0.5525317169189453, [(0 15 8)-(15 50 23)-(6 37 30)]
0.714, 0.5525317504882812, [(1 30 2)-(2 15 7)-(5 36 6)]
0.714, 0.5519572570800781, [(12 58 26)-(2 17 19)-(0 22 27)]
