0.714, 0.5525321624755859, [(9 6 12)-(5 21 13)-(1 53 28)-(10 32 9)]
0.714, 0.5525316009521484, [(8 57 2)-(5 29 10)-(13 0 6)-(0 31 28)]
0.7129000000000001, 0.5525738525390624, [(11 23 22)-(6 62 30)-(2 59 8)-(7 21 5)]
0.7141, 0.5523396270751952, [(5 29 24)-(8 18 6)-(12 3 2)-(12 57 13)]
0.7138, 0.5525615692138672, [(1 31 18)-(11 38 9)-(8 60 12)-(3 24 21)]
0.7137, 0.5524501068115235, [(1 23 30)-(12 7 24)-(5 57 10)-(14 25 6)]
0.714, 0.552531802368164, [(8 24 25)-(12 54 8)-(5 45 13)-(6 11 8)]
0.714, 0.5525317260742187, [(13 16 17)-(0 29 5)-(12 58 24)-(6 42 25)]
0.714, 0.5525317260742187, [(10 34 6)-(6 63 7)-(12 54 26)-(1 15 2)]
0.7139, 0.5525756134033204, [(15 19 21)-(7 8 21)-(11 13 2)-(11 26 10)]
0.714, 0.5525317321777343, [(9 26 31)-(13 20 23)-(13 60 8)-(12 24 12)]
0.714, 0.5525298309326172, [(7 24 3)-(9 51 12)-(3 32 25)-(5 29 17)]
0.7134, 0.5506896789550781, [(11 45 20)-(6 38 10)-(5 27 20)-(2 26 27)]
0.714, 0.5525318237304688, [(6 60 22)-(4 3 9)-(5 10 8)-(9 11 3)]
0.7136, 0.5526933898925781, [(15 62 21)-(1 15 17)-(4 13 28)-(6 20 8)]
0.714, 0.5525317230224609, [(8 42 6)-(14 29 21)-(14 55 18)-(3 22 8)]
0.714, 0.5525317184448242, [(15 63 21)-(15 24 17)-(12 37 9)-(4 59 17)]
0.714, 0.5525317291259766, [(15 37 21)-(2 57 25)-(9 33 12)-(3 9 30)]
0.714, 0.5525317199707032, [(4 31 17)-(5 39 26)-(10 44 9)-(14 49 24)]
0.714, 0.5525317413330078, [(15 10 19)-(1 55 15)-(9 59 18)-(7 60 30)]
0.7139, 0.5525301239013671, [(11 48 6)-(1 19 19)-(13 39 24)-(8 54 21)]
0.7116, 0.5532768249511719, [(4 14 26)-(13 32 17)-(10 57 19)-(13 49 7)]
0.714, 0.5525317749023437, [(14 39 6)-(9 20 4)-(12 29 11)-(4 30 14)]
0.714, 0.5525011169433593, [(9 8 15)-(4 33 22)-(6 13 20)-(13 12 21)]
0.714, 0.5525320190429688, [(14 41 26)-(11 25 16)-(2 30 8)-(14 41 9)]
0.7139, 0.5523821533203125, [(8 19 2)-(10 0 16)-(15 63 6)-(5 31 30)]
0.714, 0.5525317291259766, [(10 28 3)-(10 53 25)-(4 24 5)-(11 57 7)]
0.6919, 0.5408857452392578, [(8 14 31)-(6 26 0)-(11 36 5)-(12 8 27)]
0.714, 0.5525317230224609, [(8 43 17)-(5 44 2)-(0 43 27)-(10 62 23)]
0.714, 0.5525317230224609, [(1 30 1)-(3 62 14)-(10 33 31)-(15 59 6)]
0.7144999999999999, 0.5530657775878907, [(14 50 19)-(8 46 0)-(14 14 2)-(3 8 25)]
0.7135, 0.5529118804931641, [(4 41 21)-(4 56 10)-(0 63 29)-(3 16 29)]
0.714, 0.5525477416992187, [(3 24 22)-(6 46 2)-(8 52 3)-(12 27 0)]
0.7054, 0.5447658966064453, [(7 58 13)-(0 25 31)-(8 11 26)-(2 37 1)]
0.7127, 0.5524113494873046, [(3 31 19)-(3 5 29)-(11 28 14)-(14 3 4)]
0.7132000000000001, 0.5516237915039062, [(0 36 20)-(15 62 26)-(4 20 24)-(13 60 24)]
0.714, 0.5525321166992188, [(9 27 13)-(5 58 23)-(14 13 23)-(8 24 5)]
0.714, 0.5525320098876954, [(14 19 2)-(14 34 16)-(9 23 13)-(12 27 30)]
0.714, 0.5525317016601563, [(2 17 0)-(12 43 12)-(7 16 6)-(8 27 5)]
0.713, 0.5525571075439453, [(15 1 19)-(10 15 18)-(14 59 30)-(10 62 23)]
0.713, 0.5517905517578126, [(5 55 4)-(10 26 27)-(14 1 11)-(10 52 19)]
0.7136, 0.5526294921874999, [(4 62 4)-(1 24 20)-(12 45 3)-(15 37 7)]
0.714, 0.5525317321777343, [(5 31 0)-(9 30 10)-(5 44 2)-(13 61 5)]
0.714, 0.5523870574951172, [(12 21 5)-(7 29 22)-(7 9 24)-(11 39 29)]
0.7133, 0.5525648101806641, [(4 5 2)-(9 25 15)-(3 46 9)-(11 9 24)]
0.714, 0.5525317352294923, [(9 42 15)-(1 58 6)-(9 44 9)-(13 46 25)]
0.6873, 0.5299102798461914, [(4 0 19)-(7 49 6)-(15 30 1)-(12 4 31)]
0.7159, 0.5511944488525391, [(1 54 15)-(0 41 19)-(2 22 15)-(11 19 29)]
0.714, 0.5525322479248047, [(9 62 7)-(9 17 15)-(5 24 2)-(14 35 16)]
0.7141, 0.5511998672485352, [(5 33 7)-(10 19 26)-(6 38 15)-(8 56 15)]
0.714, 0.5525335266113282, [(10 13 30)-(4 11 16)-(10 33 1)-(7 29 4)]
0.714, 0.5525317230224609, [(11 39 26)-(4 0 1)-(12 41 18)-(6 50 10)]
0.7139, 0.552510073852539, [(4 38 3)-(1 40 1)-(9 13 17)-(6 47 1)]
0.714, 0.5525300384521484, [(3 57 7)-(5 45 11)-(6 2 0)-(1 18 17)]
0.714, 0.5525317169189453, [(3 63 19)-(12 62 23)-(10 63 1)-(7 52 4)]
0.7131000000000001, 0.5524998809814453, [(14 21 31)-(11 53 7)-(11 15 23)-(13 42 4)]
0.714, 0.5525317321777343, [(1 39 5)-(0 58 25)-(3 34 13)-(10 30 31)]
0.714, 0.5525314056396484, [(9 5 12)-(6 51 10)-(8 43 16)-(6 33 1)]
0.714, 0.5525317291259766, [(15 24 14)-(8 34 27)-(7 27 30)-(6 50 3)]
0.714, 0.5525317260742187, [(4 62 1)-(0 43 13)-(4 7 2)-(9 31 20)]
0.714, 0.5525317291259766, [(11 61 21)-(4 37 29)-(12 41 12)-(14 43 23)]
0.7138, 0.5525178741455079, [(9 7 18)-(4 41 7)-(15 8 0)-(15 60 4)]
0.7137, 0.5536195983886719, [(2 28 31)-(13 42 10)-(8 32 23)-(15 37 28)]
0.7109000000000001, 0.5511609649658202, [(11 17 6)-(4 47 31)-(12 38 7)-(1 21 26)]
0.7121999999999999, 0.550204638671875, [(1 14 9)-(3 33 4)-(7 35 11)-(8 17 25)]
0.714, 0.5525317291259766, [(9 58 11)-(11 57 23)-(15 24 30)-(13 38 10)]
0.7139, 0.5525061828613281, [(10 11 18)-(4 0 30)-(1 34 25)-(4 41 27)]
0.7142999999999999, 0.5527097259521484, [(6 48 9)-(4 6 22)-(10 13 19)-(3 53 18)]
0.714, 0.5525316925048829, [(12 4 8)-(9 47 14)-(12 52 25)-(6 24 4)]
0.7137, 0.5527499725341798, [(13 24 11)-(9 18 31)-(7 16 16)-(7 0 7)]
0.714, 0.5525317352294922, [(2 53 22)-(14 51 19)-(7 51 1)-(9 42 27)]
0.714, 0.5525317321777343, [(15 19 30)-(0 20 3)-(2 27 2)-(11 6 30)]
0.7144999999999999, 0.5502853454589844, [(14 49 17)-(11 12 26)-(3 26 12)-(8 5 3)]
0.714, 0.552531869506836, [(3 28 14)-(11 42 20)-(6 31 25)-(11 58 1)]
0.7117, 0.5502588653564453, [(14 25 23)-(12 0 10)-(8 23 28)-(7 9 13)]
0.7121999999999999, 0.5515919509887695, [(5 10 2)-(13 17 4)-(7 34 17)-(10 7 28)]
0.714, 0.5524997741699219, [(12 39 30)-(9 54 7)-(9 49 19)-(3 25 19)]
0.7138, 0.5525042907714843, [(10 26 20)-(9 59 4)-(11 17 15)-(15 49 26)]
0.713, 0.5531168548583985, [(6 41 30)-(7 27 5)-(11 22 27)-(6 21 24)]
0.7132000000000001, 0.5527555267333985, [(6 5 27)-(5 30 27)-(15 7 9)-(1 17 5)]
0.7129000000000001, 0.5524731384277344, [(5 59 28)-(11 27 23)-(11 29 13)-(7 56 11)]
0.7093, 0.5568274810791016, [(2 15 28)-(13 11 22)-(13 39 1)-(0 40 11)]
0.714, 0.5525318145751953, [(1 23 14)-(13 21 26)-(3 54 9)-(0 33 8)]
0.7122999999999999, 0.5508799713134765, [(8 5 26)-(4 46 0)-(4 45 22)-(10 59 16)]
0.714, 0.5525322601318359, [(1 37 16)-(10 23 14)-(5 63 9)-(2 19 31)]
0.714, 0.5525317413330078, [(6 26 7)-(2 51 14)-(0 59 13)-(0 30 22)]
0.714, 0.5525317230224609, [(5 34 13)-(10 49 26)-(9 61 29)-(6 39 31)]
0.7139, 0.5525207702636719, [(2 23 2)-(14 51 8)-(14 50 0)-(6 28 22)]
0.714, 0.5525338165283202, [(15 4 6)-(1 45 9)-(2 13 15)-(2 5 30)]
0.7089, 0.553777066040039, [(4 1 28)-(13 27 29)-(9 57 7)-(10 57 31)]
0.714, 0.5525317230224609, [(2 54 15)-(1 56 8)-(1 3 30)-(12 30 0)]
0.714, 0.5525317352294922, [(12 46 15)-(7 31 9)-(11 59 5)-(0 36 25)]
0.714, 0.5525317260742187, [(10 21 3)-(2 41 13)-(2 53 18)-(6 61 9)]
0.7137, 0.5527646789550782, [(2 12 20)-(13 2 14)-(8 36 15)-(2 50 13)]
0.714, 0.5525317260742187, [(5 15 2)-(2 13 3)-(4 52 4)-(6 33 18)]
0.7135, 0.5526545806884766, [(0 55 28)-(10 63 8)-(9 15 31)-(3 60 29)]
0.714, 0.5526251007080079, [(2 15 18)-(1 12 0)-(14 20 6)-(8 60 0)]
0.714, 0.5525317260742187, [(9 33 26)-(13 25 19)-(11 32 29)-(10 36 7)]
0.7136, 0.5531203216552735, [(13 58 16)-(8 40 4)-(1 39 15)-(0 28 29)]
0.7128000000000001, 0.5516192169189453, [(14 16 27)-(1 45 23)-(6 9 25)-(6 12 25)]
0.714, 0.5525317108154297, [(10 42 24)-(7 25 11)-(10 30 19)-(13 30 25)]
0.7139, 0.5525205200195313, [(3 24 1)-(7 10 6)-(8 25 19)-(10 25 11)]
0.7137, 0.5525146697998047, [(15 40 15)-(12 13 21)-(5 44 20)-(5 38 18)]
0.7138, 0.55250703125, [(10 5 21)-(11 9 4)-(3 7 18)-(12 16 5)]
0.714, 0.5525317260742187, [(6 34 28)-(5 47 11)-(7 46 2)-(4 35 11)]
0.714, 0.5525317199707032, [(13 40 4)-(3 31 6)-(1 44 23)-(7 61 29)]
0.7096, 0.5392460998535156, [(5 3 2)-(5 11 1)-(10 40 18)-(5 0 22)]
0.714, 0.5525317321777343, [(15 15 5)-(3 4 0)-(12 25 6)-(13 37 4)]
0.714, 0.5525316467285156, [(15 7 0)-(13 13 30)-(5 6 9)-(2 46 6)]
0.714, 0.5525317443847656, [(10 52 7)-(2 62 4)-(9 33 18)-(1 28 2)]
0.714, 0.5525317260742187, [(12 27 13)-(6 45 4)-(1 52 27)-(5 34 24)]
0.714, 0.5525307739257812, [(2 9 11)-(14 8 26)-(1 22 4)-(13 51 17)]
0.714, 0.5525308761596679, [(11 45 25)-(1 58 25)-(5 27 10)-(10 6 15)]
0.7139, 0.552525765991211, [(5 7 19)-(1 23 6)-(4 21 7)-(14 33 10)]
0.714, 0.5525317291259766, [(14 61 27)-(14 26 24)-(2 13 4)-(13 39 27)]
0.6841999999999999, 0.5569726531982422, [(9 4 1)-(4 62 29)-(2 15 31)-(1 18 23)]
0.714, 0.5525320755004883, [(11 25 15)-(15 35 13)-(2 54 10)-(4 33 31)]
0.714, 0.5525282684326172, [(12 23 18)-(10 37 18)-(8 13 1)-(15 5 19)]
0.7139, 0.5528213134765625, [(2 23 9)-(0 21 22)-(6 29 25)-(7 6 2)]
0.714, 0.5525318084716797, [(12 32 16)-(14 52 12)-(12 43 19)-(10 15 15)]
0.714, 0.5525317260742187, [(10 27 6)-(15 51 15)-(10 43 4)-(5 34 8)]
0.714, 0.5525317260742187, [(10 58 16)-(8 44 13)-(2 59 29)-(14 11 12)]
0.714, 0.5525368591308594, [(0 26 14)-(0 1 14)-(13 46 10)-(1 44 31)]
0.714, 0.5525130065917969, [(4 5 19)-(11 34 10)-(15 26 22)-(13 25 21)]
0.7135, 0.5523456024169922, [(1 16 29)-(12 38 29)-(7 29 4)-(8 18 5)]
0.714, 0.5525317230224609, [(5 55 8)-(3 39 31)-(4 16 2)-(3 40 21)]
0.7111000000000001, 0.5493342346191407, [(9 49 29)-(7 2 26)-(11 54 18)-(0 33 11)]
0.6455, 0.5156576904296875, [(9 44 4)-(9 20 9)-(4 0 25)-(14 44 28)]
0.6782999999999999, 0.5297077087402344, [(3 0 23)-(8 41 19)-(10 56 10)-(7 1 27)]
0.7137, 0.5525133758544922, [(7 26 18)-(8 14 15)-(3 40 9)-(12 32 31)]
0.7138, 0.5527607360839843, [(15 9 17)-(5 1 30)-(10 25 26)-(1 57 23)]
0.714, 0.5525317138671875, [(13 41 18)-(15 61 7)-(10 34 17)-(13 35 31)]
0.7139, 0.5525540985107422, [(7 56 21)-(10 29 21)-(3 56 29)-(5 30 30)]
0.714, 0.5525317230224609, [(5 32 9)-(12 4 24)-(13 36 12)-(11 59 7)]
0.7137, 0.5511491943359375, [(0 31 6)-(2 0 20)-(0 13 14)-(2 54 19)]
0.714, 0.5525289459228515, [(6 7 30)-(4 32 10)-(13 30 24)-(1 17 13)]
0.714, 0.5525311614990234, [(10 33 22)-(0 44 22)-(2 17 11)-(12 39 7)]
0.714, 0.5525317260742187, [(4 25 0)-(14 30 20)-(10 15 2)-(4 53 2)]
0.714, 0.5525317260742187, [(13 12 22)-(12 40 21)-(0 42 26)-(12 42 29)]
0.714, 0.5525255432128906, [(8 34 26)-(3 13 19)-(4 9 0)-(9 45 15)]
0.7093, 0.5497527374267578, [(15 47 22)-(12 7 27)-(11 35 17)-(6 54 8)]
0.714, 0.5525333618164063, [(4 60 1)-(1 60 11)-(2 5 14)-(4 61 21)]
0.7139, 0.5525484130859375, [(15 17 10)-(8 43 6)-(3 19 22)-(10 12 16)]
0.7149000000000001, 0.5538918914794921, [(3 8 29)-(15 15 11)-(13 44 24)-(2 4 23)]
0.7116, 0.54909921875, [(0 5 31)-(8 34 17)-(6 36 30)-(11 53 31)]
0.714, 0.5525316375732422, [(7 19 11)-(13 45 4)-(12 52 28)-(13 57 0)]
0.7138, 0.5519654724121094, [(2 28 9)-(14 45 8)-(11 8 27)-(7 60 8)]
0.714, 0.5525315765380859, [(11 1 3)-(11 2 6)-(4 17 10)-(10 51 16)]
0.714, 0.5525514221191405, [(0 47 0)-(0 62 18)-(4 8 19)-(9 63 11)]
0.714, 0.5525317199707032, [(10 56 25)-(12 12 9)-(7 40 20)-(0 59 14)]
0.7085, 0.5474112518310547, [(15 63 12)-(3 25 27)-(12 6 26)-(9 10 11)]
0.714, 0.5525317291259766, [(14 17 8)-(1 43 13)-(14 55 22)-(10 48 24)]
0.714, 0.5525317291259766, [(1 46 10)-(10 50 13)-(9 48 20)-(4 8 3)]
0.714, 0.5525317138671875, [(0 57 19)-(11 6 8)-(9 18 7)-(7 52 13)]
0.7134, 0.5517031692504883, [(7 19 27)-(1 26 8)-(15 55 7)-(12 9 3)]
0.7126, 0.5530194793701172, [(12 16 8)-(2 54 6)-(5 59 26)-(4 8 28)]
0.7132000000000001, 0.5526714050292969, [(5 35 28)-(13 11 23)-(1 18 20)-(0 48 24)]
0.714, 0.5525254791259766, [(14 48 8)-(2 48 12)-(10 24 20)-(12 44 23)]
0.714, 0.5525317138671875, [(13 8 9)-(12 46 3)-(6 50 0)-(13 18 31)]
0.7136, 0.5525136627197266, [(14 6 15)-(7 18 18)-(10 27 0)-(14 47 17)]
0.714, 0.5525317260742187, [(1 55 13)-(6 37 22)-(15 58 9)-(13 18 4)]
0.714, 0.5525317321777343, [(7 33 20)-(0 32 6)-(6 28 2)-(0 12 4)]
0.7138, 0.5512103271484375, [(12 4 17)-(9 5 22)-(9 18 25)-(13 23 4)]
0.7137, 0.5522179992675782, [(3 54 9)-(5 20 23)-(12 13 22)-(13 17 25)]
0.714, 0.5527614685058594, [(1 8 5)-(7 12 14)-(13 1 16)-(3 24 26)]
0.714, 0.5525317352294922, [(10 33 1)-(1 44 6)-(3 58 8)-(13 50 29)]
0.7142999999999999, 0.552412777709961, [(9 1 17)-(3 21 26)-(1 25 11)-(0 14 3)]
0.714, 0.5525322174072266, [(12 43 20)-(7 27 16)-(9 21 10)-(15 56 20)]
0.714, 0.5525319549560548, [(5 57 24)-(13 45 23)-(7 2 11)-(13 60 8)]
0.7139, 0.5525804107666016, [(11 23 2)-(4 56 17)-(1 24 19)-(9 59 8)]
0.7138, 0.5519810180664062, [(11 8 26)-(6 9 3)-(3 5 30)-(9 62 13)]
0.7142999999999999, 0.5522579162597656, [(1 27 24)-(12 10 26)-(9 55 8)-(12 28 8)]
0.714, 0.5525317443847656, [(2 10 8)-(2 49 29)-(3 11 3)-(2 31 29)]
0.714, 0.5525317230224609, [(10 60 0)-(9 36 0)-(10 39 4)-(15 7 26)]
0.714, 0.5525318359375, [(10 10 1)-(2 32 30)-(7 9 13)-(7 51 16)]
0.7135, 0.5525251586914062, [(8 63 31)-(12 24 21)-(5 11 0)-(12 53 15)]
0.714, 0.5525317230224609, [(13 12 25)-(10 57 14)-(10 41 28)-(13 9 13)]
0.7139, 0.5525892791748047, [(7 42 29)-(9 10 21)-(9 46 5)-(8 2 4)]
0.7139, 0.5524916229248047, [(3 47 8)-(11 61 28)-(2 54 28)-(9 1 19)]
0.714, 0.5525315551757812, [(14 56 30)-(0 17 9)-(10 57 22)-(2 59 9)]
0.7136, 0.5527304290771484, [(7 2 15)-(10 25 24)-(4 21 17)-(11 18 11)]
0.7134, 0.5530645904541016, [(2 41 8)-(5 39 3)-(8 52 9)-(6 3 28)]
0.714, 0.552534228515625, [(1 59 25)-(2 6 10)-(12 18 15)-(8 4 0)]
0.714, 0.5525532928466796, [(8 29 19)-(9 30 19)-(15 48 3)-(12 5 20)]
0.7136, 0.5527428466796875, [(6 20 21)-(8 8 22)-(11 51 7)-(4 38 18)]
0.7138, 0.5525393585205078, [(12 22 21)-(12 29 8)-(9 57 21)-(12 11 17)]
0.714, 0.5525317260742187, [(12 54 24)-(6 44 3)-(7 35 12)-(14 14 5)]
0.714, 0.5525334228515625, [(6 14 8)-(6 38 27)-(6 5 18)-(10 28 2)]
0.714, 0.5525317321777343, [(14 40 20)-(15 35 6)-(11 46 19)-(14 28 8)]
0.7142, 0.5499020538330077, [(6 23 25)-(2 51 29)-(6 60 11)-(13 36 14)]
0.7139, 0.552578680419922, [(3 55 8)-(6 55 11)-(12 11 19)-(13 56 31)]
0.7125, 0.5527999877929688, [(12 22 29)-(14 58 0)-(15 54 29)-(5 12 27)]
0.714, 0.5525330657958984, [(14 40 29)-(15 17 12)-(5 4 4)-(7 3 16)]
0.6652, 0.521702488708496, [(5 26 28)-(10 8 15)-(7 34 25)-(3 1 26)]
0.707, 0.5418975021362304, [(0 35 18)-(1 2 24)-(10 35 30)-(14 33 29)]
0.714, 0.552532553100586, [(12 31 6)-(3 34 21)-(1 41 17)-(1 4 13)]
0.7131000000000001, 0.5520352172851561, [(11 28 27)-(0 14 22)-(15 63 20)-(12 13 30)]
0.714, 0.5525313842773438, [(2 26 11)-(4 40 1)-(13 42 17)-(14 50 12)]
0.7137, 0.552441943359375, [(3 17 20)-(10 22 0)-(10 7 23)-(12 37 23)]
0.714, 0.5525319519042968, [(10 63 22)-(1 18 12)-(8 24 4)-(7 52 30)]
0.714, 0.5525317321777343, [(8 54 3)-(8 44 15)-(13 33 12)-(3 20 3)]
0.714, 0.5525317352294922, [(11 22 2)-(5 12 8)-(13 20 9)-(15 59 18)]
0.7135, 0.5525550384521485, [(13 31 18)-(5 62 5)-(6 63 21)-(11 3 19)]
0.6992, 0.5496115219116211, [(3 3 20)-(7 33 26)-(10 49 15)-(6 1 26)]
0.7114, 0.550395672607422, [(12 14 25)-(1 5 12)-(1 12 8)-(8 27 20)]
0.714, 0.5522768432617187, [(0 1 17)-(10 0 17)-(8 5 1)-(14 2 30)]
0.714, 0.5525317169189453, [(9 41 22)-(2 44 31)-(0 34 2)-(5 50 20)]
0.714, 0.552531704711914, [(10 1 7)-(11 41 18)-(11 34 15)-(2 63 5)]
0.714, 0.5525302917480468, [(13 24 18)-(2 35 3)-(7 19 15)-(9 63 17)]
0.714, 0.5525317260742187, [(3 3 3)-(6 57 27)-(14 35 19)-(5 48 17)]
0.6667000000000001, 0.5206936996459961, [(3 0 26)-(7 57 14)-(11 51 5)-(12 24 1)]
0.7136, 0.5524501190185547, [(12 48 23)-(6 32 2)-(15 7 19)-(0 20 22)]
0.714, 0.5525317260742187, [(11 9 3)-(0 41 18)-(9 55 1)-(6 58 18)]
0.714, 0.552530889892578, [(6 56 5)-(14 51 31)-(2 35 16)-(4 12 14)]
0.7115, 0.5515249176025391, [(2 10 31)-(7 44 9)-(1 8 1)-(9 45 10)]
0.714, 0.5525440460205078, [(13 24 29)-(4 8 5)-(3 49 20)-(5 20 17)]
0.7139, 0.5524813354492188, [(13 6 0)-(4 16 8)-(14 50 26)-(12 4 21)]
0.7135, 0.5526841613769531, [(7 32 23)-(0 38 4)-(10 12 31)-(2 4 15)]
0.714, 0.5525317199707032, [(6 37 25)-(7 36 29)-(6 24 3)-(14 18 19)]
0.714, 0.5525317230224609, [(12 62 12)-(14 4 3)-(5 18 5)-(15 52 21)]
0.7138, 0.5524273254394532, [(4 0 15)-(3 19 0)-(10 12 15)-(6 12 2)]
0.714, 0.5525317230224609, [(15 45 15)-(9 11 3)-(2 43 19)-(14 28 30)]
0.7139, 0.5525232299804688, [(0 47 29)-(0 44 18)-(1 5 21)-(15 25 27)]
0.714, 0.5525317199707032, [(14 41 1)-(13 50 18)-(1 40 7)-(9 59 6)]
0.7159, 0.5525026885986328, [(4 32 12)-(0 16 8)-(2 51 19)-(11 21 27)]
0.714, 0.5525317260742187, [(0 31 19)-(0 8 5)-(11 16 8)-(4 36 18)]
0.714, 0.5525317230224609, [(5 45 26)-(9 1 0)-(9 53 7)-(7 54 12)]
0.7137, 0.5524786865234375, [(15 10 6)-(8 27 20)-(10 35 0)-(9 59 31)]
0.714, 0.5525317321777343, [(15 59 12)-(13 58 19)-(10 37 21)-(2 13 9)]
0.7136, 0.5524417846679688, [(11 42 18)-(3 22 7)-(13 44 21)-(12 6 23)]
0.7136, 0.5524077362060547, [(10 9 5)-(14 11 23)-(9 22 1)-(5 24 23)]
0.714, 0.552530599975586, [(0 54 16)-(1 49 30)-(9 2 14)-(5 56 0)]
0.7139, 0.552922348022461, [(4 39 5)-(1 18 22)-(1 44 18)-(0 55 1)]
0.714, 0.5525254455566406, [(14 35 24)-(7 28 1)-(5 44 7)-(15 0 12)]
0.7127, 0.5525679595947266, [(9 42 15)-(8 46 13)-(15 50 8)-(0 12 27)]
0.714, 0.5523192657470704, [(14 52 25)-(1 37 9)-(8 14 15)-(2 27 19)]
0.714, 0.5525317291259766, [(14 62 23)-(3 56 7)-(13 58 1)-(1 51 0)]
0.685, 0.5437434539794922, [(10 32 29)-(10 44 14)-(7 49 7)-(11 6 31)]
0.714, 0.5525317291259766, [(13 4 18)-(0 40 18)-(12 40 30)-(10 10 7)]
0.714, 0.5525319885253906, [(14 12 13)-(9 63 18)-(9 10 13)-(2 7 9)]
0.714, 0.5525317153930664, [(1 43 30)-(2 60 27)-(12 41 22)-(11 36 4)]
0.7124999999999999, 0.5508662689208985, [(1 37 28)-(3 58 22)-(7 7 26)-(10 63 3)]
0.714, 0.5525317321777343, [(14 11 29)-(5 32 25)-(13 57 20)-(1 42 24)]
0.7128, 0.5528724243164063, [(1 22 25)-(6 46 11)-(10 9 5)-(6 57 26)]
0.7138, 0.5525280456542969, [(5 23 17)-(10 41 10)-(9 55 1)-(12 42 19)]
0.714, 0.5525316986083985, [(15 40 22)-(6 31 22)-(12 42 7)-(5 2 8)]
0.714, 0.5525067077636718, [(15 28 4)-(7 8 2)-(7 1 17)-(12 12 15)]
0.714, 0.5525323913574218, [(9 46 27)-(10 49 20)-(3 14 13)-(3 28 6)]
0.7132000000000001, 0.5554933441162109, [(12 20 22)-(14 31 23)-(2 32 17)-(2 25 25)]
0.7073, 0.5479233856201171, [(8 28 17)-(10 9 9)-(3 58 7)-(8 1 29)]
0.714, 0.5525336669921875, [(9 37 9)-(11 13 2)-(14 21 4)-(7 8 16)]
0.714, 0.5525317169189452, [(12 53 24)-(14 34 22)-(10 32 14)-(8 56 28)]
0.7139, 0.5525279296875001, [(5 18 8)-(14 39 25)-(1 48 4)-(12 22 19)]
0.7131000000000001, 0.5518397521972657, [(7 18 22)-(7 59 24)-(0 19 19)-(7 21 27)]
0.714, 0.5525292739868164, [(10 2 6)-(1 42 16)-(11 50 7)-(1 3 13)]
0.714, 0.5525317260742187, [(4 60 3)-(0 22 1)-(15 36 27)-(5 42 2)]
0.7136, 0.5523889953613281, [(15 34 12)-(1 6 20)-(1 50 15)-(8 63 19)]
0.714, 0.5525317169189453, [(8 35 14)-(13 17 27)-(8 39 14)-(13 42 24)]
0.7049000000000001, 0.5442503463745116, [(11 26 26)-(3 40 15)-(7 18 11)-(0 36 11)]
0.7128, 0.5526010406494141, [(2 48 15)-(6 51 16)-(6 20 29)-(2 15 4)]
0.714, 0.5525317260742187, [(3 5 7)-(13 8 12)-(7 13 6)-(0 59 5)]
0.714, 0.5525317413330078, [(3 38 25)-(9 7 0)-(15 62 15)-(9 62 9)]
0.714, 0.5525317138671875, [(4 58 9)-(10 56 27)-(3 10 25)-(10 51 29)]
0.714, 0.5525317230224609, [(10 28 1)-(0 61 8)-(10 36 7)-(11 10 4)]
0.7124, 0.5532885116577149, [(5 6 6)-(6 17 30)-(2 38 6)-(1 24 23)]
0.714, 0.5525317291259766, [(13 19 21)-(1 50 9)-(0 40 29)-(14 7 31)]
0.714, 0.552531674194336, [(7 18 8)-(7 54 25)-(0 59 9)-(6 61 3)]
0.7141, 0.552552685546875, [(2 48 29)-(6 15 1)-(5 23 15)-(7 15 19)]
0.7123999999999999, 0.5533147674560547, [(4 16 25)-(0 5 20)-(1 22 11)-(6 30 13)]
0.7110000000000001, 0.5517930023193359, [(10 23 28)-(14 32 15)-(5 19 15)-(2 10 31)]
0.7142999999999999, 0.5505620086669922, [(10 62 21)-(11 20 10)-(0 22 31)-(0 62 26)]
0.7133, 0.5523205108642578, [(7 24 26)-(8 48 2)-(11 14 9)-(14 9 8)]
0.7119, 0.549935824584961, [(1 8 23)-(7 2 27)-(5 1 15)-(1 46 12)]
0.7137, 0.5523398620605469, [(11 30 2)-(10 11 20)-(1 22 3)-(7 62 0)]
0.714, 0.55252998046875, [(13 44 19)-(9 17 6)-(3 25 11)-(3 2 15)]
0.7137, 0.5525934173583984, [(10 53 16)-(15 42 14)-(14 32 0)-(2 13 21)]
0.714, 0.5525317108154297, [(14 57 24)-(12 23 7)-(5 30 3)-(1 11 5)]
0.711, 0.5525672485351563, [(1 26 28)-(3 54 18)-(2 38 30)-(7 47 9)]
0.714, 0.5525317260742187, [(13 48 3)-(9 39 28)-(6 31 22)-(6 30 1)]
0.714, 0.5525317184448242, [(12 46 0)-(11 32 14)-(8 3 6)-(5 45 6)]
0.7115, 0.5537187835693359, [(4 14 29)-(5 49 24)-(9 24 31)-(12 47 26)]
0.7132000000000001, 0.5522675933837891, [(12 7 23)-(15 27 20)-(6 26 14)-(14 50 0)]
0.7130000000000001, 0.5523272338867187, [(2 12 8)-(14 59 7)-(2 20 5)-(0 11 23)]
0.714, 0.5525317260742187, [(2 41 3)-(2 59 28)-(10 30 15)-(1 60 7)]
0.714, 0.5525316711425781, [(3 41 7)-(10 10 0)-(10 56 30)-(7 21 13)]
0.7151000000000001, 0.5521285186767578, [(4 1 4)-(11 19 23)-(12 34 31)-(10 46 20)]
0.7131, 0.5484424560546874, [(0 21 31)-(12 2 0)-(7 25 9)-(6 21 17)]
0.714, 0.5525335571289063, [(10 10 10)-(1 28 10)-(4 8 16)-(2 60 2)]
0.714, 0.5525317016601563, [(12 47 11)-(14 56 27)-(1 44 25)-(4 28 13)]
0.714, 0.5525317138671875, [(1 62 8)-(7 4 0)-(0 22 6)-(7 45 5)]
0.714, 0.5525315002441407, [(1 33 19)-(4 41 27)-(5 38 18)-(10 1 12)]
0.7121, 0.5541216918945313, [(7 11 17)-(15 30 30)-(2 7 25)-(4 40 18)]
0.7112, 0.5513969421386719, [(1 28 25)-(10 53 0)-(8 54 1)-(5 0 15)]
0.714, 0.5525256744384766, [(12 7 4)-(7 54 8)-(14 48 24)-(7 17 18)]
0.714, 0.5525317230224609, [(2 55 19)-(5 2 2)-(7 47 2)-(9 56 27)]
0.7127, 0.5520810821533203, [(4 59 5)-(7 19 23)-(9 43 7)-(12 51 17)]
0.714, 0.55253173828125, [(1 60 14)-(5 32 4)-(6 9 3)-(2 50 1)]
0.7149, 0.5455557037353516, [(14 0 23)-(15 9 30)-(10 40 6)-(12 52 11)]
0.714, 0.5525317230224609, [(6 62 6)-(8 41 8)-(6 55 20)-(5 13 0)]
0.7117, 0.5500522979736329, [(10 15 14)-(0 32 6)-(11 22 21)-(6 15 29)]
0.7137, 0.5524615295410156, [(10 62 2)-(12 18 11)-(13 40 5)-(6 15 20)]
0.7134, 0.5517031829833985, [(2 42 26)-(7 19 27)-(10 43 24)-(7 55 5)]
0.714, 0.5525317260742187, [(4 48 7)-(14 10 9)-(14 27 20)-(4 60 27)]
0.7142999999999999, 0.5524205688476562, [(3 7 11)-(5 22 23)-(14 41 10)-(3 32 31)]
0.714, 0.55253173828125, [(7 49 26)-(8 31 0)-(11 30 15)-(8 39 4)]
0.7124999999999999, 0.5525804321289063, [(4 23 26)-(3 24 23)-(5 7 21)-(11 30 14)]
0.7132000000000001, 0.5524257629394531, [(10 56 26)-(5 63 29)-(13 62 28)-(10 3 21)]
0.7139, 0.5525368255615235, [(8 32 14)-(11 5 9)-(2 20 17)-(3 63 2)]
0.7132000000000001, 0.5528445434570313, [(6 25 21)-(15 61 20)-(4 48 7)-(2 34 8)]
0.714, 0.5524479125976562, [(12 36 22)-(15 25 20)-(7 54 25)-(12 0 16)]
0.714, 0.5525317230224609, [(0 1 6)-(7 22 6)-(10 41 26)-(6 34 5)]
0.7136, 0.5525225555419921, [(6 1 14)-(10 22 5)-(7 6 14)-(3 27 19)]
0.714, 0.5525307403564452, [(5 19 12)-(2 6 6)-(4 57 2)-(15 51 23)]
0.714, 0.5525317443847656, [(13 48 31)-(4 55 23)-(9 18 2)-(7 21 0)]
0.7052, 0.5542627624511719, [(7 63 22)-(5 29 13)-(2 7 31)-(12 43 11)]
0.7095, 0.5479667144775391, [(12 17 0)-(10 19 31)-(9 56 12)-(9 20 12)]
0.7136, 0.553978173828125, [(1 32 29)-(1 55 14)-(6 1 24)-(7 45 18)]
0.7143999999999999, 0.5522677093505859, [(11 20 23)-(9 11 6)-(14 53 23)-(12 0 1)]
0.7133, 0.5527189666748047, [(10 44 16)-(0 53 9)-(2 7 30)-(8 18 31)]
0.7141, 0.5521575805664063, [(1 32 26)-(2 28 20)-(3 34 4)-(7 42 20)]
0.6836, 0.5313956924438477, [(3 38 19)-(10 35 17)-(10 1 31)-(5 53 20)]
0.7127, 0.5520631072998047, [(2 24 16)-(4 0 5)-(1 61 2)-(3 7 25)]
0.714, 0.5525317169189452, [(0 53 26)-(7 39 26)-(8 18 8)-(12 35 13)]
0.7139, 0.552460693359375, [(8 36 18)-(12 31 5)-(0 29 21)-(0 55 22)]
0.714, 0.552531655883789, [(13 48 5)-(9 46 2)-(7 12 11)-(8 17 6)]
0.714, 0.5525318908691406, [(1 51 13)-(6 3 11)-(15 45 1)-(11 36 18)]
0.7125, 0.5542885833740234, [(2 48 16)-(1 51 14)-(4 1 22)-(3 5 8)]
0.714, 0.5525317199707032, [(14 13 8)-(4 43 15)-(9 56 10)-(9 56 21)]
0.714, 0.552531329345703, [(9 10 2)-(10 26 14)-(15 51 24)-(14 0 4)]
0.714, 0.5525320312499999, [(12 56 19)-(15 3 5)-(5 36 25)-(3 26 14)]
0.7134, 0.5529128845214843, [(12 46 22)-(9 42 24)-(15 36 30)-(11 24 26)]
0.714, 0.5525319732666015, [(2 14 9)-(4 25 14)-(8 29 1)-(2 3 14)]
0.7110000000000001, 0.5490786376953125, [(8 20 29)-(12 1 5)-(9 59 31)-(8 38 12)]
0.714, 0.5525317352294922, [(15 14 12)-(13 58 20)-(6 31 21)-(12 59 23)]
0.6941999999999999, 0.5273200454711914, [(9 60 25)-(12 35 2)-(1 59 24)-(11 1 24)]
0.714, 0.5525317474365234, [(5 56 24)-(2 38 10)-(9 21 9)-(1 34 11)]
0.7046, 0.5498925537109376, [(0 31 20)-(13 60 20)-(7 34 9)-(9 8 31)]
0.714, 0.5525311767578125, [(0 2 14)-(6 49 15)-(8 52 20)-(2 47 7)]
0.714, 0.55253251953125, [(3 31 9)-(1 2 12)-(11 45 5)-(14 31 6)]
0.7090000000000001, 0.5568022094726562, [(7 3 22)-(0 45 11)-(0 4 12)-(2 15 27)]
0.7113, 0.5507625671386719, [(9 30 3)-(12 3 29)-(14 53 5)-(10 37 24)]
0.7145, 0.5518924438476562, [(0 9 9)-(14 40 14)-(4 5 27)-(6 0 4)]
0.7139, 0.5525122558593749, [(15 0 14)-(1 56 30)-(15 49 16)-(7 33 24)]
0.714, 0.5525306045532227, [(7 0 8)-(7 43 20)-(10 40 31)-(0 49 23)]
0.714, 0.5525317260742187, [(1 31 3)-(13 36 8)-(13 11 9)-(9 23 4)]
0.6990000000000001, 0.5386615997314452, [(7 20 4)-(13 62 30)-(9 20 28)-(12 17 26)]
0.7139, 0.5525249786376953, [(2 22 14)-(7 19 17)-(4 41 25)-(12 47 12)]
0.7139, 0.5525298126220703, [(1 19 17)-(5 28 15)-(6 57 8)-(15 30 29)]
0.714, 0.5525321472167968, [(12 6 14)-(3 46 8)-(15 26 13)-(10 5 3)]
0.714, 0.5525317321777343, [(1 20 8)-(0 56 0)-(10 43 2)-(5 51 11)]
0.714, 0.5525317199707032, [(6 42 14)-(11 55 28)-(5 21 0)-(15 33 1)]
0.7138, 0.5530605438232422, [(8 23 9)-(2 12 24)-(15 58 24)-(0 25 20)]
0.714, 0.5525315307617187, [(7 42 26)-(15 60 21)-(0 23 10)-(14 44 30)]
0.7142, 0.552387631225586, [(2 4 20)-(1 35 22)-(11 26 20)-(6 17 2)]
0.7134, 0.5522880187988282, [(8 36 16)-(4 22 23)-(6 15 21)-(6 55 30)]
0.714, 0.5525317199707032, [(12 50 11)-(12 48 17)-(11 40 8)-(14 62 20)]
0.7101999999999999, 0.5501860656738282, [(14 6 19)-(7 33 6)-(3 6 23)-(14 24 21)]
0.7135, 0.5522392761230469, [(8 27 8)-(9 9 14)-(8 0 17)-(15 9 28)]
0.714, 0.5525250793457032, [(14 63 27)-(11 16 20)-(14 16 4)-(11 56 9)]
0.7142, 0.5525821136474609, [(5 4 17)-(12 27 23)-(7 63 5)-(9 47 7)]
0.714, 0.5525315551757812, [(11 17 13)-(9 6 8)-(14 10 17)-(7 54 12)]
0.714, 0.5525317245483399, [(1 57 8)-(14 17 27)-(13 49 29)-(0 44 29)]
0.713, 0.5506949005126953, [(1 22 8)-(4 28 28)-(5 7 19)-(1 20 5)]
0.714, 0.5525317291259766, [(12 44 22)-(9 41 16)-(5 57 17)-(6 56 5)]
0.7134, 0.5490947387695313, [(3 37 16)-(10 0 22)-(4 4 4)-(10 8 24)]
0.7135, 0.5524699279785157, [(5 35 16)-(7 26 21)-(8 21 25)-(13 5 8)]
0.714, 0.5525319885253906, [(2 23 12)-(13 59 23)-(15 20 15)-(8 32 27)]
0.714, 0.5525317230224609, [(9 48 5)-(0 22 4)-(12 39 11)-(9 57 1)]
0.7021, 0.540840818786621, [(8 18 27)-(1 46 21)-(13 23 25)-(8 31 30)]
0.7148, 0.5524883666992187, [(9 21 19)-(14 6 23)-(11 26 19)-(2 34 10)]
0.71, 0.5516531616210938, [(8 2 28)-(10 52 14)-(13 41 28)-(14 58 10)]
0.7129, 0.5506899200439452, [(5 22 22)-(4 28 26)-(3 35 28)-(3 63 3)]
0.7112, 0.5498666687011718, [(8 17 29)-(15 28 25)-(5 27 7)-(1 22 11)]
0.714, 0.5525322692871093, [(14 39 3)-(3 39 9)-(0 5 14)-(14 44 25)]
0.714, 0.5527648742675781, [(14 20 13)-(7 23 23)-(8 46 19)-(15 37 0)]
0.7132000000000001, 0.5525563354492187, [(1 29 18)-(11 6 19)-(14 38 3)-(8 8 30)]
0.714, 0.552531918334961, [(1 51 17)-(7 30 5)-(12 32 9)-(1 15 14)]
0.714, 0.5525317230224609, [(11 4 30)-(4 50 15)-(11 17 3)-(10 17 1)]
0.714, 0.5525317352294923, [(1 39 30)-(2 58 5)-(4 54 22)-(14 59 2)]
0.714, 0.5525317291259766, [(7 58 29)-(14 3 25)-(3 46 4)-(0 38 24)]
0.714, 0.5525317352294922, [(4 42 19)-(10 20 11)-(2 59 21)-(7 63 21)]
0.6982999999999999, 0.5404901596069336, [(8 13 15)-(7 4 23)-(12 8 27)-(3 49 20)]
0.7138, 0.5525766601562501, [(10 10 20)-(13 17 5)-(11 22 20)-(13 25 11)]
0.7139, 0.55230048828125, [(1 10 25)-(7 14 12)-(15 21 15)-(8 10 18)]
0.714, 0.5525372741699219, [(3 22 9)-(15 27 19)-(9 43 12)-(11 10 18)]
0.714, 0.5525317199707032, [(11 20 30)-(3 31 24)-(13 31 6)-(3 58 13)]
0.714, 0.5525317230224609, [(3 30 11)-(9 59 8)-(8 32 9)-(4 32 8)]
0.7139, 0.5525278106689453, [(6 48 1)-(13 5 5)-(11 36 3)-(11 14 17)]
0.714, 0.5526227325439452, [(15 26 21)-(15 10 3)-(7 45 4)-(0 13 26)]
0.714, 0.5525317962646484, [(6 56 23)-(9 9 11)-(2 18 7)-(13 17 1)]
0.6456, 0.512952392578125, [(15 27 5)-(5 27 26)-(6 33 16)-(6 44 15)]
0.7135, 0.5519868621826172, [(1 7 24)-(15 32 0)-(10 19 14)-(0 13 2)]
0.7021, 0.5394862609863281, [(4 21 28)-(10 54 17)-(6 39 2)-(3 37 17)]
0.714, 0.5525326782226563, [(5 2 6)-(5 5 11)-(1 2 10)-(15 14 31)]
0.714, 0.552528579711914, [(9 44 15)-(8 5 15)-(10 35 6)-(6 10 14)]
0.7139, 0.5525439880371094, [(11 11 9)-(6 5 30)-(4 1 15)-(15 29 14)]
0.714, 0.552531478881836, [(7 47 14)-(4 58 7)-(15 1 12)-(1 36 10)]
0.7142, 0.5528327606201171, [(14 11 21)-(4 59 9)-(4 60 27)-(7 8 27)]
0.7066, 0.5478411041259765, [(3 61 12)-(6 2 28)-(4 47 25)-(6 13 25)]
0.714, 0.5525317169189452, [(5 39 13)-(1 45 24)-(13 59 1)-(4 56 19)]
0.714, 0.5525317260742189, [(0 30 16)-(7 23 15)-(15 17 22)-(5 7 6)]
0.714, 0.5525317443847657, [(15 50 4)-(7 31 20)-(13 21 20)-(4 45 23)]
0.714, 0.5525318939208985, [(8 62 24)-(3 31 2)-(0 42 13)-(0 1 10)]
0.7142999999999999, 0.553040496826172, [(4 58 5)-(11 22 0)-(2 4 23)-(6 21 12)]
0.714, 0.5525200469970704, [(15 54 31)-(7 23 4)-(7 9 19)-(9 6 23)]
0.7141, 0.5514935333251954, [(6 5 31)-(6 52 27)-(8 0 15)-(0 44 29)]
0.714, 0.5525314331054687, [(12 18 13)-(9 62 8)-(10 41 21)-(15 25 19)]
0.714, 0.5525318664550781, [(14 54 10)-(0 55 11)-(13 50 27)-(12 11 10)]
0.7129, 0.5527388122558594, [(9 14 31)-(7 38 28)-(10 60 1)-(13 14 9)]
0.7131000000000001, 0.5507658386230468, [(0 55 17)-(5 8 15)-(1 19 26)-(7 5 29)]
0.7138, 0.552522265625, [(14 12 1)-(15 52 27)-(7 19 20)-(7 39 10)]
0.7142, 0.5524594055175782, [(9 51 15)-(0 54 6)-(7 0 14)-(10 31 7)]
0.714, 0.5525382232666016, [(12 31 20)-(2 18 16)-(3 55 28)-(8 33 28)]
0.714, 0.5525317321777343, [(13 31 16)-(13 45 26)-(9 53 15)-(2 38 25)]
0.7114, 0.5524732452392578, [(12 40 6)-(11 51 8)-(0 13 29)-(10 23 29)]
0.7039, 0.5526635131835937, [(10 47 22)-(1 48 28)-(1 62 18)-(3 9 31)]
0.714, 0.5525317199707032, [(6 58 31)-(5 35 24)-(13 6 26)-(4 49 26)]
0.7138, 0.5524871856689453, [(1 63 3)-(9 28 20)-(1 28 4)-(7 16 8)]
0.714, 0.5525321044921875, [(1 4 16)-(10 35 25)-(2 28 30)-(6 31 11)]
0.7142, 0.5525261291503907, [(6 32 20)-(10 7 18)-(1 33 17)-(0 45 10)]
0.7137, 0.5524014038085938, [(10 18 22)-(9 38 9)-(2 33 3)-(13 44 23)]
0.7148, 0.5520675415039062, [(14 34 23)-(9 26 23)-(8 56 11)-(7 41 23)]
0.714, 0.5525317169189453, [(14 34 24)-(9 8 6)-(8 3 0)-(4 63 3)]
0.714, 0.5525317199707032, [(11 62 24)-(11 60 8)-(0 63 3)-(1 51 2)]
0.7137, 0.5526903533935547, [(1 7 30)-(7 9 23)-(3 47 7)-(8 57 3)]
0.714, 0.5525317504882812, [(2 22 7)-(8 50 18)-(1 3 4)-(1 37 1)]
0.714, 0.5497426971435546, [(2 10 3)-(0 9 27)-(7 45 7)-(15 24 19)]
0.7139, 0.5525246368408203, [(12 17 0)-(11 15 30)-(5 4 19)-(3 40 10)]
0.714, 0.5525317230224609, [(6 51 23)-(5 42 1)-(3 62 25)-(5 44 27)]
0.7116, 0.5490992248535156, [(15 57 18)-(0 5 31)-(15 6 19)-(12 56 7)]
0.7139, 0.552525521850586, [(8 26 18)-(7 54 8)-(6 63 8)-(2 54 27)]
0.714, 0.5525297882080078, [(8 49 7)-(9 1 12)-(13 9 8)-(14 14 7)]
0.714, 0.5525317230224609, [(3 45 27)-(4 15 1)-(1 52 26)-(0 45 4)]
0.714, 0.5525316253662109, [(0 12 13)-(3 56 30)-(6 34 5)-(2 39 18)]
0.714, 0.5525303955078125, [(12 53 18)-(9 51 23)-(4 49 24)-(10 20 20)]
0.714, 0.5525317352294922, [(9 52 29)-(6 31 23)-(15 19 4)-(11 37 17)]
0.714, 0.5525254333496095, [(3 27 10)-(3 15 17)-(4 46 6)-(7 52 6)]
0.714, 0.5525315734863281, [(0 33 14)-(12 17 10)-(7 52 18)-(9 6 30)]
0.714, 0.5525317291259766, [(6 42 4)-(10 41 9)-(8 4 2)-(11 17 0)]
0.714, 0.5525317199707032, [(14 11 6)-(1 61 16)-(14 59 11)-(8 31 16)]
0.7139, 0.5524756866455078, [(6 25 10)-(14 30 4)-(8 21 18)-(10 12 26)]
0.7136, 0.5523480499267578, [(13 52 0)-(10 27 23)-(6 5 13)-(7 4 11)]
0.7142, 0.5482083251953125, [(10 54 2)-(2 39 23)-(14 60 14)-(6 19 26)]
0.714, 0.5525236938476562, [(14 8 26)-(2 19 14)-(4 22 16)-(2 40 3)]
0.7139, 0.5522605773925782, [(11 2 11)-(2 9 20)-(0 48 17)-(0 59 28)]
0.7126, 0.5515766845703125, [(5 19 21)-(13 7 0)-(8 24 30)-(4 35 28)]
0.714, 0.5525317321777343, [(14 16 10)-(15 31 26)-(10 50 27)-(10 58 17)]
0.714, 0.5525317260742187, [(0 34 9)-(2 20 7)-(15 58 20)-(13 47 17)]
0.7121, 0.5516203308105468, [(5 39 4)-(10 7 27)-(0 7 20)-(14 34 10)]
0.7098, 0.5503091552734376, [(7 7 18)-(3 11 26)-(1 52 20)-(8 63 4)]
0.714, 0.5525317352294922, [(2 39 5)-(2 46 7)-(1 30 0)-(8 45 20)]
0.7136, 0.5531657958984375, [(2 62 14)-(1 47 13)-(7 9 27)-(9 32 16)]
0.714, 0.5525317291259766, [(0 56 28)-(10 54 10)-(7 51 1)-(3 24 8)]
0.714, 0.5525317016601563, [(1 6 7)-(2 36 9)-(15 22 16)-(15 54 25)]
0.714, 0.5525317321777343, [(3 59 31)-(1 52 10)-(13 56 15)-(5 24 0)]
0.7141, 0.5524390411376954, [(15 48 22)-(7 6 19)-(11 55 4)-(5 22 23)]
0.7135, 0.5525051055908203, [(10 14 20)-(15 46 10)-(12 48 26)-(10 51 27)]
0.714, 0.5525336944580078, [(14 62 9)-(1 62 31)-(13 10 11)-(5 7 18)]
0.7139, 0.552514859008789, [(11 46 8)-(12 62 19)-(4 35 30)-(0 23 18)]
0.714, 0.5525317138671875, [(4 47 30)-(5 61 4)-(1 17 2)-(1 55 22)]
0.7134, 0.5526127624511719, [(4 24 24)-(14 39 11)-(13 16 8)-(3 40 13)]
0.714, 0.5525317291259766, [(5 35 2)-(12 25 2)-(15 55 5)-(4 47 0)]
0.5912, 0.4634169387817383, [(12 28 17)-(8 34 11)-(0 54 26)-(7 0 28)]
0.714, 0.5525317077636718, [(12 56 3)-(4 58 28)-(13 47 26)-(7 54 26)]
0.7137, 0.5525597625732421, [(6 35 25)-(13 26 9)-(9 11 20)-(9 59 6)]
0.714, 0.5525317260742187, [(5 55 6)-(14 17 2)-(6 55 4)-(13 47 3)]
0.7123, 0.5507256042480468, [(15 56 12)-(7 55 29)-(1 11 29)-(2 16 6)]
0.714, 0.5525292541503906, [(4 27 14)-(7 5 16)-(9 55 27)-(12 46 20)]
0.714, 0.5525321624755859, [(0 62 21)-(2 22 12)-(6 49 11)-(4 51 9)]
0.714, 0.55253173828125, [(4 53 8)-(5 54 17)-(2 54 19)-(13 16 22)]
0.7136, 0.5525924713134766, [(11 3 1)-(2 22 0)-(5 20 11)-(10 5 26)]
0.7137, 0.5522082641601562, [(1 62 19)-(11 44 31)-(7 32 23)-(5 10 31)]
0.7133, 0.5526406646728516, [(15 32 31)-(14 54 9)-(7 9 24)-(3 37 30)]
0.7136, 0.551627017211914, [(4 15 24)-(11 17 12)-(8 40 28)-(7 22 15)]
0.714, 0.5525317169189452, [(0 53 26)-(7 33 4)-(4 51 10)-(14 44 3)]
0.714, 0.5525249511718751, [(11 20 16)-(13 8 27)-(5 49 8)-(0 6 0)]
0.714, 0.55253173828125, [(2 50 27)-(13 18 8)-(10 47 10)-(0 54 9)]
0.714, 0.5525317321777343, [(13 11 7)-(6 43 24)-(1 5 11)-(5 40 6)]
0.7117, 0.5502725463867187, [(3 45 19)-(8 23 26)-(2 43 28)-(7 10 12)]
0.7134, 0.5520945739746094, [(6 35 25)-(13 46 28)-(7 51 14)-(8 26 27)]
0.714, 0.5525353118896484, [(0 7 17)-(4 63 26)-(7 27 9)-(4 35 2)]
0.7050000000000001, 0.5442399108886719, [(4 49 28)-(11 26 28)-(4 17 17)-(15 50 14)]
0.7138, 0.552248193359375, [(4 56 6)-(0 19 31)-(15 46 19)-(5 62 17)]
0.714, 0.5525319061279297, [(1 60 21)-(10 31 21)-(0 18 13)-(6 33 7)]
0.7121999999999999, 0.5525484466552735, [(3 49 12)-(3 48 11)-(0 43 25)-(2 10 26)]
0.7138, 0.5522072937011719, [(14 31 14)-(13 43 19)-(11 44 8)-(5 29 27)]
0.7137, 0.5516268768310546, [(4 13 21)-(5 19 22)-(13 8 31)-(1 16 15)]
0.7137, 0.5523327209472657, [(5 4 18)-(0 37 29)-(8 18 19)-(8 44 2)]
0.7138, 0.5525117309570312, [(0 41 15)-(3 19 20)-(14 47 26)-(13 20 1)]
0.714, 0.5525316467285156, [(1 9 9)-(4 12 1)-(7 31 11)-(7 60 26)]
0.7041, 0.5306596954345704, [(6 14 31)-(11 41 8)-(2 39 2)-(11 57 7)]
0.714, 0.5525317230224609, [(5 57 5)-(12 21 0)-(2 25 4)-(7 39 17)]
0.7138, 0.5527146484375001, [(0 4 24)-(7 41 8)-(3 8 13)-(0 34 7)]
0.714, 0.5525578247070313, [(13 12 20)-(6 20 19)-(6 41 14)-(12 7 9)]
0.2306, 0.5427359680175781, [(15 8 9)-(15 51 31)-(12 0 31)-(13 32 4)]
0.7135, 0.5526085205078125, [(0 31 23)-(6 35 26)-(5 10 23)-(13 13 18)]
0.7118, 0.5515148406982422, [(7 25 26)-(11 6 22)-(11 26 2)-(11 48 7)]
0.7133, 0.5522728118896485, [(1 11 21)-(13 4 0)-(7 49 15)-(3 62 31)]
0.714, 0.552531655883789, [(8 36 23)-(7 10 12)-(1 3 3)-(3 20 1)]
0.714, 0.5525316436767578, [(4 11 1)-(10 25 1)-(8 28 10)-(15 16 12)]
0.714, 0.5525307647705078, [(14 43 18)-(4 28 8)-(2 9 11)-(5 60 29)]
0.7133, 0.5525458801269532, [(10 1 10)-(14 35 27)-(1 38 18)-(4 9 28)]
0.7139, 0.5524713256835938, [(13 2 16)-(13 61 23)-(9 20 19)-(13 50 0)]
0.7073, 0.5528980926513671, [(11 13 31)-(9 32 8)-(11 17 7)-(14 22 0)]
0.7139, 0.5525322326660156, [(7 45 20)-(3 26 15)-(13 38 5)-(5 13 25)]
0.7131000000000001, 0.5520347930908203, [(2 30 18)-(13 33 7)-(3 23 28)-(3 58 15)]
0.7142999999999999, 0.5523062713623047, [(12 19 20)-(15 27 19)-(10 31 8)-(0 40 10)]
0.7136, 0.5522509643554687, [(1 37 29)-(7 37 6)-(14 5 4)-(1 6 22)]
0.7077, 0.5531768310546875, [(15 30 31)-(4 3 26)-(0 2 2)-(13 42 11)]
0.7139, 0.5520580352783203, [(2 8 19)-(14 60 25)-(7 49 11)-(11 32 19)]
0.7025, 0.5407952850341797, [(1 8 21)-(14 31 19)-(0 30 17)-(8 18 27)]
0.7139, 0.5524854431152344, [(3 23 16)-(10 35 28)-(0 5 24)-(15 51 1)]
0.714, 0.552531655883789, [(2 44 15)-(11 11 7)-(11 20 0)-(7 21 12)]
0.7138, 0.5519592956542969, [(0 15 27)-(13 39 16)-(11 38 26)-(6 62 1)]
0.712, 0.5512345062255859, [(3 15 25)-(4 56 3)-(4 30 0)-(8 44 2)]
0.7127, 0.553402670288086, [(10 17 29)-(15 47 16)-(2 22 11)-(15 9 13)]
0.7137, 0.5525124176025391, [(2 56 12)-(5 21 10)-(10 8 19)-(5 39 12)]
0.714, 0.5528152679443359, [(12 0 13)-(12 30 30)-(2 6 21)-(7 33 17)]
0.6984999999999999, 0.5217673934936524, [(11 2 27)-(11 42 7)-(1 59 6)-(11 25 21)]
0.7136, 0.5534837188720703, [(8 27 31)-(4 17 16)-(0 28 26)-(0 29 20)]
0.7133, 0.5525310821533203, [(6 14 16)-(0 34 16)-(11 17 19)-(10 51 27)]
0.7134, 0.5525795959472657, [(1 5 18)-(10 25 21)-(3 19 6)-(13 25 17)]
0.714, 0.5525317169189453, [(2 43 31)-(12 36 18)-(15 51 3)-(13 30 29)]
0.714, 0.5525317230224609, [(14 14 10)-(5 4 4)-(7 23 4)-(14 49 28)]
0.714, 0.5525317230224609, [(9 37 21)-(10 39 10)-(15 38 12)-(0 45 3)]
0.714, 0.5525317199707032, [(13 4 6)-(2 8 30)-(14 13 3)-(13 32 31)]
0.714, 0.5525316802978515, [(11 45 1)-(1 33 7)-(12 17 8)-(14 34 29)]
0.714, 0.5525317199707032, [(11 3 6)-(8 37 27)-(1 29 6)-(14 7 27)]
0.7109, 0.5522599334716797, [(0 1 23)-(6 55 17)-(1 6 19)-(4 26 6)]
0.714, 0.5525317169189453, [(8 60 9)-(1 45 10)-(9 42 28)-(4 29 1)]
0.714, 0.5525317260742187, [(13 9 20)-(14 52 2)-(14 63 29)-(15 9 8)]
0.714, 0.5525322509765624, [(0 56 19)-(2 23 14)-(10 34 9)-(9 40 19)]
0.7142999999999999, 0.5529249145507813, [(5 49 17)-(2 55 20)-(6 11 24)-(15 27 21)]
0.714, 0.5525317260742187, [(2 26 2)-(9 61 5)-(15 32 30)-(11 60 26)]
0.7139, 0.5525325958251953, [(15 42 24)-(9 8 16)-(6 2 11)-(4 35 17)]
0.7138, 0.5525660339355469, [(9 44 7)-(1 48 15)-(2 31 11)-(5 11 18)]
0.714, 0.5525317169189453, [(1 36 3)-(3 31 18)-(5 17 7)-(11 32 14)]
0.714, 0.5525311737060548, [(0 42 2)-(15 9 11)-(6 50 2)-(2 19 10)]
0.7141, 0.5525313812255859, [(7 34 7)-(1 15 30)-(12 24 19)-(10 11 9)]
0.7112, 0.5524418212890625, [(15 3 3)-(3 10 5)-(12 44 24)-(9 27 25)]
0.714, 0.5525317230224609, [(12 40 18)-(1 4 5)-(6 41 27)-(14 23 30)]
0.6877, 0.5310244583129883, [(7 1 29)-(11 34 7)-(9 53 24)-(2 59 25)]
0.7142, 0.5522727447509765, [(11 4 27)-(9 29 8)-(2 23 1)-(5 32 13)]
0.7135, 0.5523452545166015, [(15 57 4)-(6 29 2)-(14 0 8)-(1 16 29)]
0.7142999999999999, 0.5532236160278321, [(11 50 2)-(0 8 12)-(12 53 12)-(5 20 26)]
0.7143999999999999, 0.552269174194336, [(11 16 29)-(11 44 31)-(15 10 23)-(8 18 31)]
0.7132000000000001, 0.5523353515625, [(6 19 8)-(6 10 2)-(10 63 10)-(7 26 22)]
0.7144999999999999, 0.5526410217285156, [(3 49 15)-(11 29 21)-(4 13 28)-(11 12 21)]
0.7112, 0.5556783142089843, [(6 8 29)-(7 16 26)-(7 58 11)-(1 11 21)]
0.7144999999999999, 0.5523892517089843, [(11 50 26)-(6 23 16)-(11 4 28)-(2 23 20)]
0.714, 0.5525350769042969, [(15 52 19)-(9 36 9)-(7 15 17)-(12 22 9)]
0.714, 0.5525376953125, [(14 60 18)-(12 9 10)-(6 27 14)-(12 57 16)]
0.7133, 0.5533196151733398, [(14 25 6)-(1 44 25)-(2 12 23)-(3 18 30)]
0.7121999999999999, 0.5528619857788086, [(6 18 26)-(3 52 19)-(14 24 6)-(11 6 23)]
0.7137, 0.5519987213134765, [(0 27 23)-(12 52 10)-(12 30 8)-(14 60 29)]
0.7141, 0.551194467163086, [(12 22 2)-(10 45 10)-(14 48 0)-(10 19 29)]
0.714, 0.5525318664550781, [(6 13 1)-(0 21 11)-(3 16 3)-(8 31 1)]
0.7131, 0.5516061859130859, [(12 20 18)-(4 29 4)-(4 35 21)-(1 27 31)]
0.714, 0.5525317230224609, [(13 3 2)-(8 42 13)-(15 24 19)-(14 60 22)]
0.714, 0.5525317169189453, [(2 53 20)-(2 40 7)-(7 39 1)-(1 41 2)]
0.7119, 0.5499991333007812, [(0 9 27)-(13 50 9)-(2 50 3)-(6 11 26)]
0.7138, 0.5526555236816406, [(13 0 11)-(9 29 25)-(12 29 23)-(3 56 31)]
0.714, 0.5525331512451173, [(8 53 10)-(1 44 10)-(1 27 16)-(1 47 0)]
0.714, 0.5525317321777343, [(11 30 25)-(9 59 25)-(13 19 19)-(3 59 17)]
0.7116, 0.5532768005371094, [(4 14 26)-(3 57 14)-(10 14 6)-(10 18 8)]
0.714, 0.552531216430664, [(8 51 12)-(13 23 17)-(7 22 18)-(4 7 4)]
0.7136, 0.5507129486083984, [(10 16 19)-(6 51 10)-(12 10 13)-(9 16 26)]
0.714, 0.5527380920410156, [(4 58 19)-(2 45 17)-(9 21 22)-(6 36 13)]
0.714, 0.5525317260742187, [(5 29 30)-(0 45 13)-(15 39 7)-(4 47 9)]
0.714, 0.5525317291259766, [(9 63 27)-(4 27 2)-(2 50 20)-(5 63 3)]
0.714, 0.5525321075439453, [(2 36 16)-(7 61 0)-(2 2 9)-(14 39 13)]
0.7138, 0.5523734954833984, [(0 56 13)-(2 28 19)-(1 28 11)-(8 0 12)]
0.7132000000000001, 0.5511992767333984, [(15 37 18)-(3 20 21)-(6 2 24)-(13 33 19)]
0.714, 0.5525422576904298, [(15 46 28)-(13 8 27)-(1 22 19)-(14 11 18)]
0.714, 0.5525267944335938, [(10 5 1)-(12 57 17)-(12 2 10)-(1 0 10)]
0.714, 0.5525317443847656, [(7 17 10)-(9 22 13)-(6 37 19)-(14 9 15)]
0.714, 0.5525317230224609, [(9 60 7)-(0 58 13)-(13 8 11)-(15 32 13)]
0.7142, 0.5519867553710938, [(1 25 25)-(4 14 11)-(4 9 28)-(15 42 7)]
0.714, 0.5525294494628906, [(11 23 1)-(6 39 8)-(10 13 24)-(8 53 10)]
0.7139, 0.5525232391357422, [(2 45 7)-(5 22 20)-(5 17 11)-(4 10 0)]
0.714, 0.55253173828125, [(9 22 12)-(11 53 20)-(9 21 8)-(10 61 24)]
0.7139, 0.5525208526611328, [(5 25 13)-(5 17 17)-(9 22 11)-(0 41 3)]
0.714, 0.5525316955566406, [(8 21 10)-(3 52 0)-(3 35 4)-(6 36 14)]
0.714, 0.5525316894531249, [(10 30 23)-(14 10 2)-(5 16 9)-(2 46 31)]
0.714, 0.5525317230224609, [(15 42 0)-(5 45 8)-(3 56 16)-(3 32 22)]
0.714, 0.552531704711914, [(10 42 31)-(12 51 17)-(14 57 3)-(12 26 8)]
0.714, 0.5525317230224609, [(3 51 17)-(7 36 2)-(3 35 10)-(12 35 14)]
0.714, 0.5525265762329101, [(11 12 1)-(13 36 28)-(12 25 16)-(6 33 11)]
0.7136, 0.5481923522949219, [(2 17 28)-(3 39 22)-(6 46 7)-(5 14 12)]
0.714, 0.5525317291259766, [(1 19 0)-(15 39 0)-(14 43 27)-(10 40 27)]
0.7138, 0.5525437469482422, [(13 52 6)-(3 16 12)-(4 7 18)-(11 49 18)]
0.714, 0.5525317230224609, [(10 1 2)-(3 54 31)-(11 43 13)-(5 54 13)]
0.7134, 0.5523420196533203, [(1 14 21)-(9 50 12)-(12 10 26)-(8 54 14)]
0.7139, 0.5524328704833985, [(1 1 16)-(7 44 12)-(0 45 21)-(1 37 20)]
0.714, 0.55253369140625, [(2 5 15)-(11 7 10)-(9 62 27)-(13 42 23)]
0.7114, 0.5498816650390626, [(0 4 5)-(9 57 29)-(8 17 26)-(10 36 1)]
0.6279, 0.48997549285888675, [(10 18 25)-(8 43 22)-(10 17 1)-(0 0 28)]
0.714, 0.5525317199707032, [(12 38 1)-(9 34 31)-(12 59 9)-(10 35 0)]
0.6845, 0.5276556213378907, [(1 60 29)-(4 36 29)-(8 55 30)-(8 7 25)]
0.714, 0.5525317199707032, [(10 42 10)-(10 56 14)-(8 54 5)-(10 43 15)]
0.7143999999999999, 0.5524577667236328, [(15 34 20)-(9 43 19)-(12 6 22)-(9 42 13)]
0.714, 0.5525332702636718, [(11 42 9)-(6 27 13)-(10 59 31)-(15 48 13)]
0.714, 0.5525303680419922, [(4 44 0)-(3 1 11)-(4 58 16)-(4 56 4)]
0.714, 0.5525327758789063, [(12 59 28)-(13 21 23)-(2 18 13)-(11 60 28)]
0.7135, 0.5421256225585938, [(9 7 22)-(4 36 9)-(14 0 24)-(10 31 23)]
0.714, 0.5525317230224609, [(7 42 18)-(3 56 18)-(5 45 2)-(1 51 9)]
0.7131000000000001, 0.5534495574951173, [(8 16 27)-(3 34 29)-(12 9 10)-(15 60 6)]
0.7133, 0.5525310516357422, [(4 23 22)-(1 11 21)-(13 47 28)-(13 29 12)]
0.7138, 0.5524924133300781, [(1 51 15)-(13 38 0)-(10 20 24)-(11 36 30)]
0.7147, 0.5516268493652343, [(2 54 27)-(4 33 21)-(10 14 23)-(5 33 28)]
0.714, 0.5525317138671875, [(11 38 3)-(9 63 20)-(12 57 24)-(14 35 18)]
0.7084, 0.5526849639892578, [(12 56 25)-(9 25 28)-(0 55 0)-(4 4 27)]
0.714, 0.5525314727783204, [(9 15 13)-(7 48 30)-(3 2 5)-(0 9 11)]
0.7087, 0.5434507720947266, [(13 49 26)-(15 53 16)-(7 11 25)-(6 6 31)]
0.714, 0.5525317321777343, [(9 34 6)-(0 35 28)-(2 0 30)-(0 54 15)]
0.714, 0.552532144165039, [(1 11 16)-(10 51 2)-(5 27 11)-(1 60 14)]
0.714, 0.5525317199707032, [(0 0 1)-(10 36 17)-(1 52 15)-(2 46 16)]
0.7138, 0.5525511199951172, [(1 58 0)-(8 54 5)-(11 61 22)-(9 8 22)]
0.714, 0.5525319763183594, [(5 1 1)-(13 49 22)-(9 34 16)-(2 7 11)]
0.714, 0.5525317474365234, [(15 9 11)-(14 62 6)-(9 12 7)-(9 11 11)]
0.714, 0.5525330352783203, [(2 1 5)-(1 46 31)-(6 23 8)-(4 1 12)]
0.7139, 0.5525817596435547, [(1 41 11)-(7 38 15)-(3 38 18)-(9 29 21)]
0.7072, 0.549643310546875, [(6 51 10)-(10 13 27)-(11 31 30)-(1 28 29)]
0.714, 0.5525317321777343, [(9 38 10)-(8 56 12)-(13 23 14)-(2 55 9)]
0.7135, 0.5526564331054687, [(7 16 22)-(12 37 8)-(8 10 13)-(11 9 24)]
0.7134, 0.5526479797363282, [(6 33 9)-(10 40 18)-(0 24 29)-(10 30 0)]
0.7125999999999999, 0.5528074523925781, [(6 9 22)-(0 54 26)-(6 61 3)-(10 32 28)]
0.714, 0.5525317291259766, [(7 30 21)-(3 39 19)-(9 49 1)-(7 45 28)]
0.711, 0.5503397888183594, [(3 55 4)-(1 27 27)-(8 60 6)-(15 41 14)]
0.714, 0.5525320434570312, [(1 34 20)-(12 6 13)-(13 62 17)-(8 15 5)]
0.714, 0.5525315368652344, [(8 42 2)-(9 0 6)-(3 58 23)-(1 47 14)]
0.7098, 0.5433082641601563, [(12 30 7)-(8 63 14)-(10 23 1)-(14 2 26)]
0.714, 0.5525315612792969, [(14 13 6)-(12 10 9)-(4 43 10)-(3 19 13)]
0.714, 0.5525324401855469, [(12 24 2)-(13 49 9)-(4 28 7)-(10 7 17)]
0.714, 0.5525317626953126, [(12 31 2)-(6 57 30)-(15 2 6)-(0 4 9)]
0.714, 0.5525317169189452, [(0 35 18)-(4 40 2)-(14 60 20)-(15 16 13)]
0.714, 0.5525317291259766, [(6 37 21)-(11 37 16)-(0 46 4)-(1 51 31)]
0.714, 0.5525310821533203, [(0 15 15)-(3 17 4)-(5 2 9)-(14 39 6)]
0.714, 0.5525317352294922, [(9 4 4)-(8 49 30)-(14 31 6)-(6 33 29)]
0.714, 0.5525315216064453, [(14 33 16)-(6 40 20)-(10 28 12)-(15 47 28)]
0.714, 0.5525313415527344, [(12 62 29)-(7 23 6)-(0 9 13)-(11 11 0)]
0.7112, 0.5507871643066407, [(12 41 9)-(12 3 26)-(1 59 10)-(3 37 20)]
0.7137, 0.5525341461181641, [(5 39 7)-(3 37 27)-(15 1 16)-(14 1 16)]
0.7093, 0.5420245147705078, [(11 62 12)-(0 40 30)-(4 2 23)-(0 9 5)]
0.714, 0.5525317077636718, [(10 33 21)-(13 21 7)-(1 12 1)-(1 27 10)]
0.7137, 0.5526482299804687, [(15 37 19)-(6 56 25)-(12 15 14)-(6 4 20)]
0.714, 0.552531771850586, [(8 15 9)-(3 30 3)-(11 39 7)-(5 48 13)]
0.6909, 0.48608584594726567, [(10 44 8)-(13 36 23)-(15 4 23)-(11 0 27)]
0.7111, 0.5503561645507813, [(1 27 26)-(15 56 28)-(6 18 12)-(7 25 30)]
0.7123999999999999, 0.5532945281982422, [(9 22 18)-(15 34 17)-(12 41 24)-(4 16 25)]
0.714, 0.5525252014160156, [(3 38 6)-(12 52 5)-(8 13 18)-(12 51 19)]
0.7131000000000001, 0.5523999389648437, [(11 8 3)-(3 23 24)-(6 41 4)-(6 24 10)]
0.714, 0.5525317199707032, [(10 32 13)-(15 53 9)-(3 44 17)-(10 42 9)]
0.714, 0.5525317230224609, [(15 12 15)-(15 10 14)-(5 9 30)-(13 14 21)]
0.7124999999999999, 0.5535497100830078, [(2 0 10)-(6 25 26)-(0 11 14)-(1 4 5)]
0.714, 0.5525293624877929, [(5 39 26)-(4 56 21)-(2 2 11)-(7 7 15)]
0.714, 0.5525317260742187, [(14 30 22)-(6 25 7)-(0 42 1)-(9 52 11)]
0.714, 0.5525440368652343, [(14 44 22)-(14 19 11)-(3 56 3)-(5 20 17)]
0.714, 0.5525317230224609, [(0 61 1)-(5 43 11)-(14 5 31)-(4 43 25)]
0.7121999999999999, 0.5529645629882812, [(10 19 3)-(5 12 27)-(5 53 14)-(12 55 21)]
0.714, 0.5525317352294922, [(6 30 16)-(14 28 6)-(15 22 22)-(4 45 28)]
0.714, 0.5525317321777343, [(7 10 5)-(11 56 30)-(1 50 26)-(13 18 26)]
0.7125999999999999, 0.5519032958984376, [(12 35 22)-(0 16 29)-(12 39 26)-(5 49 15)]
0.7133, 0.5524340454101562, [(11 9 27)-(3 38 13)-(11 5 15)-(3 35 10)]
0.714, 0.5525324920654298, [(13 4 6)-(15 49 9)-(12 2 13)-(11 55 23)]
0.714, 0.5525317260742187, [(4 45 0)-(7 42 20)-(1 56 26)-(0 44 30)]
0.714, 0.5525317291259766, [(11 37 22)-(14 44 2)-(13 6 26)-(14 19 8)]
0.714, 0.5525317138671875, [(1 42 27)-(5 13 6)-(0 32 15)-(1 60 23)]
0.714, 0.5525317291259766, [(1 34 31)-(13 12 26)-(5 40 31)-(0 62 8)]
0.714, 0.5525316986083985, [(11 58 27)-(11 24 10)-(7 28 9)-(5 39 4)]
0.714, 0.5525318847656251, [(9 34 2)-(7 58 14)-(3 8 11)-(5 60 11)]
0.714, 0.5525336425781251, [(0 42 1)-(13 51 18)-(15 34 17)-(9 11 16)]
0.7135, 0.5522623382568359, [(1 15 22)-(5 34 18)-(10 38 13)-(11 48 16)]
0.7143999999999999, 0.5522181610107422, [(4 10 15)-(1 0 2)-(7 29 25)-(12 23 0)]
0.7132000000000001, 0.5509614562988281, [(9 1 14)-(0 4 2)-(9 7 29)-(13 13 0)]
0.7138, 0.5519372650146485, [(3 24 22)-(1 16 28)-(6 11 31)-(0 31 22)]
0.714, 0.5525317108154297, [(15 29 2)-(12 4 6)-(7 50 10)-(4 55 15)]
0.7101, 0.549922232055664, [(6 44 26)-(14 25 14)-(3 27 29)-(5 36 28)]
0.7139, 0.5525339447021484, [(9 29 15)-(11 9 18)-(3 22 18)-(5 25 4)]
0.714, 0.552538801574707, [(6 54 19)-(1 32 8)-(2 49 12)-(2 12 15)]
0.7057, 0.546562173461914, [(0 21 25)-(11 26 27)-(6 62 10)-(9 13 22)]
0.7139, 0.5523512145996095, [(14 31 9)-(0 7 0)-(15 46 19)-(12 22 27)]
0.714, 0.5525263671875, [(10 41 29)-(8 0 11)-(15 50 21)-(11 29 2)]
0.7124999999999999, 0.5535974975585938, [(10 52 11)-(12 55 23)-(1 6 24)-(7 61 16)]
0.7135, 0.5524338409423828, [(11 51 28)-(14 10 21)-(2 56 20)-(0 25 21)]
0.7107, 0.5497262481689453, [(11 18 31)-(6 0 3)-(8 28 26)-(1 57 2)]
0.7121, 0.5499639526367188, [(5 49 19)-(2 58 3)-(6 9 26)-(5 8 5)]
0.714, 0.5525380584716797, [(5 36 21)-(9 32 1)-(8 49 30)-(6 22 17)]
0.7141, 0.5524145477294922, [(7 2 12)-(12 58 26)-(1 17 18)-(10 60 19)]
0.714, 0.5525317108154297, [(10 14 1)-(10 41 23)-(3 36 11)-(0 15 8)]
0.7142999999999999, 0.5525081268310547, [(6 0 10)-(8 10 8)-(6 34 7)-(5 2 17)]
0.714, 0.5525317352294923, [(3 48 30)-(5 51 31)-(8 36 1)-(1 45 9)]
0.714, 0.5525317108154297, [(0 24 30)-(10 28 2)-(4 39 10)-(11 32 22)]
0.7139, 0.5525158294677734, [(10 3 16)-(11 62 9)-(15 12 11)-(15 11 21)]
0.7135, 0.5528498901367187, [(3 45 4)-(6 6 17)-(11 10 23)-(12 37 14)]
0.7155, 0.5504863372802734, [(8 25 12)-(14 32 26)-(11 18 26)-(0 8 31)]
0.714, 0.5525317291259766, [(15 22 29)-(7 34 19)-(8 60 10)-(1 56 10)]
0.7134, 0.5521165588378907, [(0 11 14)-(5 0 17)-(11 10 3)-(6 1 5)]
0.714, 0.5525403015136718, [(7 38 18)-(0 26 17)-(12 50 10)-(8 59 12)]
0.7136, 0.552545458984375, [(3 63 9)-(3 10 24)-(15 14 0)-(2 19 5)]
0.714, 0.5525317321777343, [(15 55 27)-(12 24 4)-(9 61 14)-(3 51 2)]
0.714, 0.5525318206787109, [(7 39 4)-(5 34 14)-(13 40 22)-(6 16 11)]
0.714, 0.5525312866210937, [(9 56 17)-(8 35 25)-(12 9 14)-(13 32 11)]
0.7138, 0.5525332489013672, [(11 55 12)-(13 34 19)-(10 42 0)-(12 28 31)]
0.714, 0.5525317291259766, [(12 29 1)-(10 9 11)-(1 12 9)-(9 53 2)]
0.7141, 0.5526590270996095, [(9 9 23)-(6 34 1)-(14 8 7)-(12 58 0)]
0.714, 0.5525317077636719, [(10 19 7)-(11 50 2)-(7 33 2)-(6 61 13)]
0.7139, 0.552532958984375, [(5 31 25)-(6 5 16)-(14 48 25)-(3 21 19)]
0.714, 0.5525317230224609, [(12 48 2)-(4 34 28)-(13 34 24)-(7 36 14)]
0.7023999999999999, 0.5358305587768555, [(0 17 27)-(15 18 12)-(8 31 0)-(4 54 19)]
0.7099, 0.5504055999755859, [(5 8 25)-(8 55 31)-(7 50 29)-(15 44 23)]
0.714, 0.5525316802978516, [(12 51 5)-(14 8 2)-(0 45 27)-(7 21 15)]
0.7138, 0.5526716888427734, [(4 28 31)-(9 7 5)-(3 3 0)-(6 34 18)]
0.7134, 0.5526988525390625, [(12 10 17)-(1 62 19)-(3 14 24)-(0 30 1)]
0.7139, 0.5525383880615234, [(15 39 26)-(11 52 14)-(15 4 14)-(9 19 18)]
0.714, 0.5525317352294922, [(10 50 2)-(1 44 24)-(14 29 4)-(8 40 28)]
0.714, 0.5525317169189452, [(2 39 17)-(10 27 5)-(13 59 29)-(3 52 18)]
0.714, 0.5525317260742187, [(11 47 6)-(10 47 30)-(7 27 2)-(6 21 0)]
0.7135, 0.5526003265380859, [(1 29 27)-(13 31 24)-(8 33 4)-(7 57 0)]
0.714, 0.5525297668457031, [(4 28 14)-(15 40 7)-(5 53 9)-(0 60 29)]
0.714, 0.5525311737060548, [(14 31 7)-(2 10 9)-(0 2 14)-(3 59 31)]
0.714, 0.5525317016601563, [(0 0 3)-(9 30 3)-(6 58 7)-(14 16 6)]
0.7147, 0.5512237136840821, [(0 18 1)-(9 11 10)-(3 36 4)-(11 5 25)]
0.714, 0.5525317260742187, [(15 49 5)-(10 25 2)-(15 58 23)-(4 35 29)]
0.714, 0.5525317260742187, [(5 39 31)-(9 19 13)-(14 21 22)-(13 8 19)]
0.714, 0.5525317413330078, [(3 52 17)-(9 53 14)-(15 15 14)-(1 32 30)]
0.714, 0.5525317352294922, [(4 42 17)-(12 34 23)-(9 55 11)-(14 10 14)]
0.7096, 0.5390804229736328, [(2 21 28)-(9 24 1)-(11 29 8)-(14 54 9)]
0.7134, 0.5517615447998048, [(3 7 28)-(0 47 15)-(15 45 23)-(10 15 8)]
0.7114, 0.5544630340576172, [(7 63 27)-(3 4 4)-(4 7 31)-(2 1 16)]
0.714, 0.5525316955566406, [(6 53 2)-(8 7 6)-(2 12 1)-(14 52 19)]
0.714, 0.5525317077636719, [(0 57 31)-(3 15 8)-(11 52 25)-(7 36 8)]
0.714, 0.5525311767578125, [(11 28 17)-(13 46 4)-(14 53 0)-(1 61 22)]
0.7139, 0.5524792602539063, [(14 19 12)-(14 46 24)-(5 3 21)-(15 4 14)]
0.714, 0.552531771850586, [(8 10 9)-(3 9 8)-(0 37 22)-(15 37 6)]
0.7138, 0.5522869415283203, [(7 2 19)-(6 10 31)-(5 54 12)-(2 34 14)]
0.714, 0.5525262847900391, [(13 56 1)-(1 22 13)-(10 0 12)-(1 43 24)]
0.714, 0.5525314849853515, [(5 13 15)-(6 19 1)-(9 26 10)-(5 54 22)]
0.7068, 0.5451654724121093, [(2 59 13)-(1 50 28)-(4 26 26)-(13 54 7)]
0.6835, 0.5267775009155273, [(2 20 29)-(15 37 24)-(4 2 27)-(12 10 24)]
0.7139, 0.552546957397461, [(13 41 22)-(13 2 10)-(3 18 4)-(6 21 18)]
0.7021, 0.5394862701416016, [(14 17 21)-(4 21 29)-(8 56 25)-(14 55 29)]
0.714, 0.5525316589355469, [(10 52 24)-(11 28 0)-(11 56 23)-(10 0 5)]
0.714, 0.5525317169189453, [(14 34 3)-(15 39 30)-(9 57 20)-(9 13 5)]
0.7142, 0.553172329711914, [(1 7 25)-(12 54 0)-(15 30 23)-(15 22 21)]
0.714, 0.552531689453125, [(11 33 13)-(9 1 6)-(10 32 30)-(9 35 24)]
0.714, 0.5525317184448242, [(13 10 15)-(6 34 17)-(15 29 31)-(0 16 6)]
0.714, 0.5525317169189453, [(8 33 15)-(14 22 31)-(13 50 27)-(13 9 7)]
0.714, 0.5525237365722656, [(13 61 13)-(5 51 25)-(5 19 17)-(7 40 12)]
0.7138, 0.5525709411621094, [(13 30 25)-(15 34 10)-(15 40 7)-(4 7 20)]
0.7021999999999999, 0.542305111694336, [(11 24 20)-(15 1 26)-(6 11 3)-(6 33 21)]
0.7118, 0.553225634765625, [(4 13 31)-(15 29 3)-(8 56 27)-(15 59 2)]
0.7139, 0.5525414184570312, [(9 15 16)-(1 29 17)-(10 23 17)-(0 35 22)]
0.7032, 0.5421777282714844, [(10 32 26)-(3 63 4)-(8 1 24)-(14 35 8)]
0.714, 0.5525308410644532, [(8 37 3)-(12 16 8)-(2 57 25)-(9 24 25)]
0.7138, 0.5525045791625977, [(12 8 18)-(11 59 28)-(0 59 30)-(1 57 19)]
0.714, 0.5525317199707032, [(0 34 23)-(8 2 30)-(11 50 29)-(7 60 24)]
0.714, 0.5525316162109375, [(11 49 4)-(11 23 14)-(12 57 0)-(0 13 14)]
0.7107, 0.5568096893310547, [(7 57 18)-(3 36 24)-(2 4 31)-(12 38 18)]
0.714, 0.5525317230224609, [(13 12 17)-(12 32 13)-(15 32 22)-(8 55 29)]
0.7139, 0.5525274475097657, [(1 21 19)-(1 22 16)-(0 39 18)-(7 44 23)]
0.7109000000000001, 0.5519470062255859, [(6 2 23)-(1 11 8)-(3 26 1)-(9 47 14)]
0.714, 0.5525317169189452, [(9 54 5)-(15 19 10)-(7 22 8)-(13 26 31)]
0.714, 0.5525317291259766, [(11 53 4)-(11 18 10)-(14 33 1)-(3 6 7)]
0.714, 0.552532406616211, [(1 51 23)-(12 23 1)-(5 11 13)-(7 46 19)]
0.7131000000000001, 0.5525736267089844, [(11 55 5)-(5 15 1)-(3 20 21)-(15 35 28)]
0.7136, 0.5523395446777344, [(5 18 24)-(15 23 27)-(13 27 21)-(6 27 0)]
0.714, 0.5525290344238281, [(9 60 0)-(10 63 2)-(6 58 29)-(10 22 16)]
0.7009, 0.5371142379760743, [(1 25 5)-(9 1 27)-(15 63 0)-(13 59 20)]
0.714, 0.5525317169189452, [(3 37 16)-(8 53 4)-(11 12 5)-(4 0 0)]
0.7141, 0.5524066467285156, [(10 12 12)-(3 36 29)-(10 21 26)-(8 39 21)]
0.7137, 0.5527311920166016, [(6 4 22)-(10 15 1)-(10 15 11)-(2 28 15)]
0.7126, 0.5516516967773437, [(14 29 2)-(4 32 25)-(5 18 11)-(1 20 27)]
0.7133, 0.5523649719238282, [(12 26 18)-(7 18 30)-(15 13 18)-(9 4 31)]
0.7138, 0.5526131439208984, [(15 13 24)-(6 25 20)-(5 40 21)-(7 12 2)]
0.714, 0.5525328399658203, [(10 20 15)-(14 41 4)-(0 53 10)-(9 17 13)]
0.714, 0.5525317260742187, [(3 49 9)-(12 37 7)-(6 4 4)-(15 40 22)]
0.7147, 0.5533832946777344, [(3 8 26)-(12 46 17)-(11 49 5)-(15 45 1)]
0.714, 0.5525334197998046, [(3 26 17)-(1 51 25)-(3 57 14)-(13 37 8)]
0.714, 0.5525312927246093, [(12 26 12)-(14 24 9)-(12 31 21)-(11 42 10)]
0.7102999999999999, 0.5523870819091797, [(14 23 23)-(8 2 25)-(12 22 9)-(8 50 4)]
0.7139, 0.5525280700683594, [(1 40 23)-(9 12 31)-(4 28 10)-(6 26 2)]
0.2403, 0.8034171356201172, [(10 2 8)-(14 0 31)-(9 1 29)-(6 39 27)]
0.7132000000000001, 0.5503964935302734, [(0 37 18)-(6 35 10)-(2 17 22)-(11 50 0)]
0.714, 0.5525423522949219, [(7 59 4)-(12 58 28)-(3 35 17)-(8 10 17)]
0.714, 0.5525315979003906, [(11 30 7)-(8 30 27)-(11 0 6)-(3 62 5)]
0.714, 0.5525244079589844, [(8 17 30)-(2 0 12)-(6 32 7)-(7 60 9)]
0.7142999999999999, 0.5524008697509766, [(12 23 22)-(7 47 5)-(5 43 31)-(13 46 16)]
0.714, 0.5525317291259766, [(15 28 18)-(13 53 17)-(15 7 25)-(8 34 5)]
0.714, 0.5525317565917969, [(1 44 12)-(7 34 2)-(11 61 3)-(8 2 6)]
0.7142999999999999, 0.5524321350097656, [(14 22 18)-(15 55 24)-(5 20 8)-(11 11 29)]
0.7135, 0.55252822265625, [(10 18 24)-(6 42 12)-(9 22 11)-(7 15 6)]
0.7056, 0.5491415130615234, [(6 2 27)-(4 23 24)-(3 41 25)-(12 35 0)]
0.714, 0.5525317199707032, [(11 47 12)-(4 22 0)-(5 31 0)-(3 45 25)]
0.714, 0.5524991516113281, [(15 2 19)-(8 38 17)-(11 13 13)-(13 32 24)]
0.7135, 0.5529118759155274, [(0 59 29)-(0 50 11)-(15 14 30)-(3 16 28)]
0.714, 0.5525317291259766, [(3 48 29)-(6 46 5)-(2 42 7)-(12 47 25)]
0.7121999999999999, 0.550364779663086, [(1 37 21)-(15 62 29)-(15 2 25)-(11 26 30)]
0.714, 0.5525317901611329, [(1 24 3)-(4 15 0)-(0 18 12)-(8 37 5)]
0.714, 0.5525317352294923, [(0 38 30)-(4 56 9)-(13 61 22)-(3 52 2)]
0.714, 0.5525317291259766, [(11 47 9)-(1 59 24)-(11 63 31)-(14 28 30)]
0.7134, 0.5526357147216797, [(8 43 6)-(9 16 19)-(2 20 22)-(10 50 16)]
0.714, 0.5525314514160156, [(3 38 29)-(6 7 3)-(1 58 13)-(1 20 14)]
0.714, 0.5525317352294923, [(13 29 3)-(5 36 0)-(2 34 0)-(7 25 3)]
0.714, 0.5525316864013672, [(3 51 7)-(12 3 9)-(7 18 9)-(4 24 0)]
0.7139, 0.552539111328125, [(7 10 11)-(4 8 18)-(14 25 12)-(15 40 12)]
0.7136, 0.5525572631835938, [(1 8 19)-(1 34 8)-(0 49 4)-(13 36 19)]
0.714, 0.5525317169189453, [(15 46 7)-(5 4 6)-(5 52 3)-(14 9 27)]
0.7021, 0.5449246826171874, [(15 56 18)-(8 14 23)-(9 2 29)-(13 6 31)]
0.7128, 0.5516115753173828, [(6 3 23)-(3 54 9)-(8 46 8)-(7 50 8)]
0.714, 0.5525317260742187, [(0 42 7)-(12 62 4)-(11 52 23)-(13 41 17)]
0.714, 0.5525317291259766, [(2 43 8)-(9 32 9)-(6 39 15)-(1 15 0)]
0.714, 0.5525317260742187, [(1 40 14)-(11 37 18)-(13 28 10)-(15 37 16)]
0.714, 0.5525317230224609, [(15 57 20)-(3 40 14)-(4 32 0)-(4 55 21)]
0.7011000000000001, 0.5431043548583985, [(4 34 29)-(7 26 12)-(2 2 26)-(12 26 20)]
0.7138, 0.5475390106201172, [(9 50 1)-(2 28 29)-(10 42 29)-(10 13 29)]
0.714, 0.5525312591552733, [(14 53 10)-(12 5 18)-(6 30 0)-(1 34 7)]
0.7130000000000001, 0.5520450134277344, [(4 9 0)-(7 6 31)-(1 11 21)-(1 3 18)]
0.714, 0.5525317321777343, [(2 38 16)-(15 6 9)-(14 29 21)-(4 57 1)]
0.7134, 0.5473931854248046, [(15 31 23)-(15 13 3)-(4 43 23)-(0 26 31)]
0.714, 0.5525317352294923, [(9 61 25)-(5 54 31)-(2 54 23)-(10 56 15)]
0.7137, 0.5525955200195313, [(3 8 6)-(0 57 28)-(12 3 18)-(9 23 21)]
0.7142, 0.5518331085205078, [(6 45 2)-(9 28 29)-(13 21 15)-(0 22 26)]
0.714, 0.5525317260742187, [(3 32 27)-(9 62 22)-(7 58 13)-(6 63 13)]
0.714, 0.5525316955566406, [(10 24 13)-(8 46 5)-(11 53 31)-(6 47 25)]
0.714, 0.5525317260742187, [(0 4 5)-(2 47 11)-(1 44 21)-(12 30 24)]
0.714, 0.5525317260742187, [(2 6 2)-(7 34 5)-(0 35 2)-(9 35 23)]
0.7125, 0.5434070098876953, [(6 59 6)-(14 16 2)-(9 6 0)-(6 14 29)]
0.714, 0.5525317260742187, [(15 16 11)-(10 41 14)-(5 58 23)-(14 27 2)]
0.7137, 0.552332275390625, [(13 41 13)-(10 11 11)-(9 57 1)-(4 17 22)]
0.714, 0.552531900024414, [(12 40 29)-(14 57 19)-(5 10 14)-(10 63 31)]
0.7139, 0.5526584106445313, [(2 13 20)-(12 32 4)-(1 56 17)-(1 30 14)]
0.7137, 0.5523175170898438, [(12 26 21)-(3 63 13)-(10 21 26)-(8 18 17)]
0.714, 0.5525317291259766, [(15 21 23)-(9 32 23)-(6 31 11)-(1 40 9)]
0.714, 0.5525317230224609, [(7 63 9)-(13 28 10)-(2 51 6)-(15 26 8)]
0.714, 0.5525280822753906, [(14 13 2)-(10 43 14)-(4 2 11)-(13 22 1)]
0.714, 0.5525317260742187, [(14 36 9)-(15 31 1)-(8 22 0)-(0 32 22)]
0.714, 0.552531674194336, [(10 12 21)-(1 41 17)-(3 6 1)-(10 50 18)]
0.7137, 0.5525339447021484, [(12 21 0)-(14 42 9)-(6 7 13)-(5 8 16)]
0.714, 0.5525317230224609, [(15 17 10)-(5 48 12)-(14 29 12)-(15 23 9)]
0.7145, 0.5533992141723633, [(12 5 18)-(0 7 21)-(0 21 24)-(8 30 25)]
0.714, 0.5525302795410156, [(0 37 14)-(0 21 7)-(11 56 26)-(2 28 12)]
0.714, 0.5525316589355469, [(10 46 27)-(7 23 13)-(1 27 30)-(3 61 14)]
0.714, 0.5525312805175782, [(1 2 8)-(12 9 15)-(14 9 5)-(4 60 10)]
0.714, 0.5525496307373048, [(6 20 19)-(13 57 27)-(4 26 15)-(7 48 4)]
0.714, 0.5525350006103515, [(5 55 23)-(7 59 3)-(0 54 26)-(8 8 16)]
0.714, 0.5525317291259766, [(14 7 9)-(8 37 20)-(13 54 5)-(9 34 29)]
0.6223, 0.47675794677734373, [(4 26 31)-(1 0 25)-(15 30 23)-(7 36 24)]
0.714, 0.5525317199707032, [(7 56 20)-(7 63 11)-(3 53 17)-(13 47 0)]
0.7138, 0.5525098419189454, [(9 51 15)-(7 5 15)-(12 14 21)-(14 8 28)]
0.6894, 0.5525101959228516, [(1 3 31)-(10 9 18)-(11 17 24)-(6 10 31)]
0.714, 0.5524603759765625, [(0 57 26)-(7 61 5)-(10 0 15)-(8 34 23)]
0.7131000000000001, 0.5520951538085938, [(13 49 16)-(9 8 5)-(0 9 22)-(0 21 9)]
0.714, 0.5525054290771485, [(9 18 30)-(6 0 5)-(10 56 11)-(9 25 21)]
0.714, 0.552531869506836, [(11 14 6)-(7 34 2)-(11 46 29)-(7 2 10)]
0.7139, 0.5526798278808593, [(1 22 7)-(0 21 20)-(15 5 7)-(2 17 6)]
0.7138, 0.5524494689941406, [(7 4 10)-(13 12 15)-(2 3 19)-(6 36 24)]
0.714, 0.5525317230224609, [(11 34 22)-(6 41 14)-(2 48 24)-(1 45 15)]
0.714, 0.5525317352294922, [(7 56 21)-(2 40 26)-(15 35 13)-(8 44 14)]
0.714, 0.5525317169189453, [(0 55 7)-(13 54 14)-(15 3 25)-(0 60 2)]
0.714, 0.5525317779541016, [(7 46 5)-(14 19 17)-(9 50 2)-(3 14 9)]
0.714, 0.5525317291259766, [(3 43 29)-(14 20 22)-(11 37 2)-(15 7 15)]
0.714, 0.5525326385498046, [(15 14 29)-(3 10 19)-(15 24 27)-(1 25 0)]
0.714, 0.5525317184448242, [(0 37 21)-(4 43 16)-(2 13 1)-(2 49 28)]
0.7143, 0.5514475524902345, [(10 14 23)-(3 46 12)-(5 27 20)-(2 15 6)]
0.714, 0.5525317260742187, [(1 35 19)-(13 24 8)-(14 34 3)-(12 30 4)]
0.714, 0.5525347442626953, [(0 46 0)-(6 18 16)-(4 44 29)-(1 54 16)]
0.7139, 0.5524353149414063, [(0 22 22)-(13 4 29)-(10 61 17)-(0 62 12)]
0.714, 0.5525333129882812, [(9 29 16)-(12 60 23)-(5 51 31)-(1 63 9)]
0.7135, 0.5511594848632813, [(2 7 8)-(5 22 11)-(12 5 15)-(6 2 24)]
0.7145999999999999, 0.5521238372802735, [(8 62 18)-(12 52 29)-(4 18 28)-(9 41 31)]
0.714, 0.5525342163085938, [(12 34 1)-(10 6 3)-(12 27 17)-(10 11 30)]
0.714, 0.5525317260742187, [(14 63 6)-(9 57 6)-(12 52 3)-(9 40 9)]
0.714, 0.5525315643310547, [(13 24 26)-(12 17 10)-(14 19 12)-(11 54 28)]
0.7142999999999999, 0.5524983093261719, [(11 27 30)-(6 21 14)-(15 4 19)-(7 22 28)]
0.714, 0.5525317169189453, [(8 60 15)-(14 14 4)-(14 16 23)-(3 57 13)]
0.7135, 0.5524042022705078, [(11 0 9)-(12 17 10)-(12 22 24)-(3 22 9)]
0.7141, 0.5525561218261719, [(12 6 5)-(2 24 19)-(7 56 15)-(14 37 7)]
0.714, 0.5525316497802735, [(5 14 11)-(11 53 22)-(6 52 3)-(15 31 22)]
0.714, 0.5525317230224609, [(12 44 15)-(12 28 2)-(15 31 31)-(11 46 31)]
0.714, 0.5525317199707032, [(15 18 21)-(1 55 17)-(13 28 30)-(2 58 1)]
0.714, 0.5525269958496093, [(8 17 17)-(2 33 22)-(5 10 1)-(14 45 3)]
0.714, 0.552530923461914, [(2 16 14)-(9 46 17)-(4 44 0)-(4 40 4)]
0.714, 0.5525350006103515, [(15 48 26)-(7 39 20)-(9 29 17)-(6 52 6)]
0.714, 0.5525316192626953, [(9 35 7)-(15 39 4)-(0 12 13)-(8 49 19)]
0.714, 0.5525317352294923, [(9 9 0)-(10 50 8)-(14 13 27)-(14 28 23)]
0.714, 0.5525317230224609, [(15 3 9)-(13 20 14)-(13 51 1)-(3 62 21)]
0.714, 0.5525398620605468, [(6 11 4)-(13 42 10)-(2 42 4)-(2 3 16)]
0.714, 0.5525317169189453, [(10 54 29)-(15 31 12)-(11 6 5)-(9 45 29)]
0.714, 0.5525320892333985, [(3 24 16)-(15 47 9)-(1 40 14)-(8 27 3)]
0.7106, 0.5515462493896484, [(13 13 28)-(7 18 20)-(6 13 24)-(7 2 23)]
0.714, 0.5525317260742187, [(6 43 8)-(5 13 7)-(15 29 27)-(14 58 31)]
0.714, 0.5525322174072265, [(1 40 24)-(4 3 12)-(12 56 24)-(6 19 30)]
0.7139, 0.5540250518798828, [(6 26 27)-(10 41 17)-(13 36 4)-(4 59 10)]
0.714, 0.5525317169189453, [(12 58 14)-(2 53 25)-(5 48 4)-(11 51 18)]
0.7137, 0.5519744995117187, [(5 28 8)-(14 58 1)-(5 13 31)-(7 57 0)]
0.7139, 0.5525271179199218, [(5 22 25)-(0 48 19)-(9 20 4)-(15 57 27)]
0.714, 0.5525266174316407, [(14 35 10)-(7 24 25)-(2 9 14)-(1 57 12)]
0.7139, 0.5525385711669921, [(13 4 2)-(12 25 17)-(15 53 0)-(13 37 7)]
0.6836, 0.5314041152954101, [(10 1 31)-(2 34 17)-(6 62 14)-(2 20 20)]
0.7138, 0.5525829803466797, [(2 5 15)-(11 46 15)-(0 27 8)-(11 29 23)]
0.7137, 0.5519987182617188, [(1 50 18)-(13 13 31)-(12 39 12)-(0 27 23)]
0.714, 0.5525317199707032, [(6 47 8)-(11 42 20)-(10 38 3)-(4 55 3)]
0.714, 0.5525317245483399, [(13 16 27)-(15 36 3)-(7 48 31)-(7 30 30)]
0.714, 0.5525409759521485, [(1 24 17)-(5 20 10)-(4 61 10)-(7 35 1)]
0.7132000000000001, 0.5526463806152344, [(4 36 10)-(3 32 30)-(3 20 16)-(1 7 21)]
0.7046, 0.544426350402832, [(0 41 29)-(3 51 0)-(12 41 14)-(15 1 25)]
0.7133, 0.5525503387451172, [(1 22 21)-(3 60 9)-(6 49 8)-(2 52 0)]
0.714, 0.5525317077636719, [(12 43 10)-(12 58 20)-(9 20 7)-(0 58 4)]
0.7141, 0.5518676666259765, [(9 55 20)-(11 15 3)-(10 4 29)-(15 14 29)]
0.7133, 0.5525081817626953, [(0 26 21)-(13 59 12)-(8 41 23)-(2 43 4)]
0.714, 0.5525317169189452, [(12 47 8)-(15 46 22)-(5 23 6)-(3 63 17)]
0.7139, 0.5525337371826172, [(6 55 8)-(12 6 20)-(5 59 29)-(8 5 9)]
0.714, 0.5525310791015625, [(14 22 23)-(8 28 12)-(8 41 14)-(8 6 6)]
0.714, 0.5525317199707032, [(11 48 28)-(10 59 11)-(0 58 1)-(15 57 14)]
0.7127, 0.5544348327636719, [(2 24 28)-(14 60 25)-(5 10 12)-(4 6 20)]
0.7139, 0.5525418518066407, [(0 35 12)-(9 8 21)-(3 54 3)-(15 48 20)]
0.714, 0.552531704711914, [(7 52 3)-(14 58 0)-(12 16 8)-(12 60 5)]
0.7138, 0.5524468261718749, [(9 24 3)-(13 10 7)-(10 27 22)-(2 49 11)]
0.7136, 0.5524709442138672, [(10 6 19)-(15 4 1)-(9 55 25)-(12 20 3)]
0.714, 0.5525316955566406, [(1 63 24)-(10 0 30)-(12 48 4)-(12 8 13)]
0.714, 0.5525241256713868, [(5 55 17)-(9 47 7)-(11 13 3)-(13 0 12)]
0.7133, 0.5525635650634766, [(8 55 12)-(14 8 15)-(3 1 16)-(13 7 15)]
0.1, 0.9972723693847656, [(1 0 31)-(10 62 29)-(9 19 8)-(2 56 13)]
0.714, 0.552531640625, [(3 5 18)-(6 52 22)-(6 50 2)-(12 29 6)]
0.7141, 0.5507111877441406, [(9 25 13)-(1 44 20)-(0 8 31)-(13 36 24)]
0.7139, 0.5524497344970704, [(12 8 20)-(10 36 28)-(9 30 19)-(1 44 2)]
0.714, 0.5525317291259766, [(15 4 23)-(1 18 6)-(15 61 7)-(3 51 27)]
0.714, 0.5525317291259766, [(5 48 23)-(10 55 2)-(2 30 31)-(12 31 6)]
0.7134, 0.5524577819824219, [(11 41 15)-(2 3 25)-(15 48 11)-(7 50 6)]
0.7122999999999999, 0.55121103515625, [(5 9 17)-(13 17 27)-(6 39 15)-(7 28 27)]
0.714, 0.5525317169189453, [(13 32 6)-(13 6 4)-(13 1 2)-(6 52 19)]
0.714, 0.5525317260742187, [(4 58 30)-(10 48 28)-(8 41 16)-(9 35 22)]
0.714, 0.5525317291259766, [(10 15 3)-(11 28 4)-(7 47 12)-(15 55 23)]
0.714, 0.5525317291259766, [(15 4 19)-(11 53 22)-(10 44 6)-(10 36 22)]
0.714, 0.5525319122314454, [(15 10 8)-(8 12 14)-(15 48 21)-(8 48 23)]
0.714, 0.5525317199707032, [(11 8 2)-(5 42 28)-(2 44 0)-(11 28 0)]
0.714, 0.5525317169189453, [(8 30 8)-(4 48 19)-(11 33 18)-(3 4 3)]
0.6459, 0.5095718475341797, [(1 0 23)-(7 20 10)-(3 30 21)-(5 1 27)]
0.7151000000000001, 0.5521285003662109, [(10 8 1)-(1 43 22)-(11 19 23)-(3 19 11)]
0.714, 0.5525317352294923, [(12 49 14)-(8 59 22)-(2 51 26)-(7 11 30)]
0.714, 0.5525315307617187, [(10 47 21)-(7 25 13)-(3 3 30)-(14 20 11)]
0.7145999999999999, 0.5512152709960938, [(11 5 29)-(2 0 16)-(13 7 22)-(3 3 11)]
0.7115, 0.5518594360351563, [(5 24 28)-(8 0 12)-(10 63 15)-(3 30 7)]
0.714, 0.5525316986083985, [(11 15 13)-(0 55 0)-(11 43 28)-(10 31 13)]
0.714, 0.5525317321777343, [(14 46 23)-(13 5 10)-(0 37 6)-(13 55 24)]
0.714, 0.5525317199707032, [(8 11 7)-(7 47 27)-(14 4 31)-(7 40 25)]
0.7135, 0.5524390533447265, [(14 58 7)-(7 45 24)-(4 42 5)-(7 6 31)]
0.714, 0.55253056640625, [(2 37 18)-(9 62 21)-(8 10 3)-(4 15 15)]
0.714, 0.5525317291259766, [(5 14 6)-(11 33 0)-(3 55 5)-(7 26 2)]
0.714, 0.5525317291259766, [(6 0 0)-(6 39 23)-(3 49 0)-(12 3 8)]
0.7132000000000001, 0.5508372253417968, [(14 56 24)-(11 33 28)-(7 6 12)-(2 26 26)]
0.714, 0.5525317260742187, [(13 6 14)-(13 38 31)-(15 38 23)-(5 61 2)]
0.7130000000000001, 0.5526889312744141, [(0 39 25)-(8 6 23)-(5 23 5)-(8 29 10)]
0.714, 0.5525317199707032, [(5 27 30)-(9 60 0)-(5 35 17)-(1 43 31)]
0.7093, 0.5497527557373048, [(12 8 9)-(12 7 28)-(0 47 2)-(15 55 16)]
0.7141, 0.5525024230957032, [(6 5 18)-(5 46 0)-(7 1 16)-(13 56 24)]
0.6914, 0.5226332229614258, [(1 1 25)-(14 14 23)-(1 8 21)-(0 39 20)]
0.5951, 0.4888626663208008, [(14 9 31)-(12 25 20)-(8 21 11)-(9 0 27)]
0.7117, 0.5544489685058593, [(3 27 31)-(5 20 22)-(8 30 19)-(4 45 23)]
0.714, 0.5525313079833984, [(8 26 10)-(7 16 30)-(6 59 25)-(5 14 13)]
0.714, 0.5525317504882812, [(15 12 17)-(13 22 1)-(9 8 11)-(11 62 4)]
0.714, 0.5525317321777343, [(15 0 0)-(8 40 19)-(1 54 13)-(12 47 0)]
0.7145999999999999, 0.5517501770019531, [(13 24 13)-(10 27 2)-(14 0 19)-(8 36 8)]
0.714, 0.5525317352294923, [(10 9 7)-(2 11 2)-(10 9 3)-(13 38 7)]
0.7147, 0.5529834716796875, [(1 35 23)-(10 16 24)-(9 15 13)-(12 22 27)]
0.714, 0.5525317230224609, [(8 20 1)-(4 40 24)-(12 36 0)-(10 38 8)]
0.7139, 0.5513687988281251, [(12 13 21)-(12 24 10)-(12 14 4)-(7 29 28)]
0.714, 0.5525317199707032, [(4 38 2)-(6 48 29)-(10 57 16)-(1 7 5)]
0.7071000000000001, 0.5486311187744141, [(7 24 31)-(9 49 16)-(12 1 24)-(2 39 8)]
0.7138, 0.5517155914306641, [(6 34 29)-(7 52 2)-(6 23 24)-(6 20 7)]
0.7135, 0.5518290100097656, [(5 50 30)-(10 59 17)-(1 17 24)-(0 45 9)]
0.714, 0.552531201171875, [(8 48 20)-(12 28 13)-(12 2 10)-(9 51 19)]
0.7129000000000001, 0.5522164123535156, [(3 20 25)-(4 21 10)-(14 5 19)-(15 42 6)]
0.7124, 0.5496660064697265, [(9 3 16)-(13 2 23)-(0 42 27)-(0 36 1)]
0.7138, 0.5525082611083985, [(5 4 9)-(5 29 21)-(2 6 15)-(11 51 7)]
0.7141, 0.5532984252929687, [(13 36 4)-(11 58 13)-(5 50 1)-(10 16 26)]
0.714, 0.5525317413330078, [(2 48 6)-(12 22 2)-(3 22 8)-(15 62 19)]
0.7138, 0.5523564880371093, [(2 16 18)-(5 35 21)-(0 17 18)-(11 59 13)]
0.714, 0.5525317199707032, [(13 57 26)-(13 30 13)-(9 63 5)-(9 39 12)]
0.7137, 0.5531641143798829, [(7 9 26)-(4 41 12)-(15 14 12)-(8 53 12)]
0.7135, 0.552262353515625, [(14 16 15)-(14 50 30)-(1 15 22)-(7 32 14)]
0.7133, 0.5522324737548828, [(6 21 12)-(15 62 15)-(8 2 30)-(11 15 25)]
0.714, 0.5525317199707032, [(1 25 4)-(3 9 30)-(7 14 1)-(2 38 13)]
0.714, 0.5525317291259766, [(15 3 1)-(2 39 17)-(5 26 11)-(1 40 8)]
0.714, 0.5525317169189452, [(4 42 13)-(8 2 3)-(3 46 13)-(11 19 4)]
0.7132000000000001, 0.5531416564941407, [(6 8 24)-(4 18 1)-(6 39 14)-(5 19 14)]
0.714, 0.5525317291259766, [(8 43 23)-(13 14 9)-(1 55 31)-(3 48 11)]
0.7138, 0.5528096496582031, [(2 17 23)-(6 47 28)-(4 37 17)-(2 33 8)]
0.7139, 0.5525276519775391, [(0 8 9)-(9 7 16)-(5 56 15)-(7 26 13)]
0.714, 0.5525311340332031, [(13 13 1)-(13 46 3)-(15 2 8)-(3 2 9)]
0.714, 0.5525317291259766, [(12 60 11)-(13 31 2)-(2 49 14)-(2 63 3)]
0.714, 0.5525317230224609, [(8 22 11)-(5 30 19)-(5 26 2)-(7 55 15)]
0.714, 0.5525317260742187, [(7 44 4)-(4 38 0)-(15 62 14)-(0 34 22)]
0.714, 0.5525317352294923, [(10 36 13)-(8 57 4)-(11 59 8)-(13 63 13)]
0.7131000000000001, 0.5455163940429688, [(1 54 25)-(10 44 0)-(0 27 27)-(3 5 1)]
0.714, 0.5525317230224609, [(3 42 14)-(1 40 12)-(2 35 1)-(9 33 24)]
0.7138, 0.5525019744873046, [(1 11 18)-(9 60 18)-(0 37 6)-(2 55 0)]
0.7133, 0.5524602447509765, [(12 9 23)-(1 39 29)-(2 43 23)-(9 10 19)]
0.714, 0.5525317138671875, [(9 57 31)-(8 20 30)-(6 39 14)-(15 35 30)]
