0.7141, 0.5494758972167968, [(12 56 25)-(0 22 29)-(3 30 28)-(5 63 12)-(4 0 20)]
0.714, 0.5525320159912109, [(13 60 13)-(15 2 13)-(9 23 14)-(10 63 20)-(1 63 9)]
0.714, 0.5525317230224609, [(12 56 1)-(15 47 13)-(15 33 19)-(4 46 19)-(7 52 19)]
0.714, 0.5525311767578125, [(12 12 10)-(12 57 24)-(8 8 14)-(5 35 28)-(7 9 3)]
0.714, 0.5525329437255859, [(7 4 13)-(12 55 6)-(6 13 14)-(0 40 20)-(4 13 25)]
0.714, 0.5525317199707032, [(5 45 12)-(3 18 25)-(2 48 9)-(2 34 16)-(12 24 10)]
0.7089000000000001, 0.5496660186767579, [(13 34 31)-(7 7 24)-(1 27 26)-(11 10 25)-(8 30 1)]
0.714, 0.5525317108154297, [(15 44 16)-(4 31 12)-(6 14 5)-(12 43 11)-(7 12 3)]
0.714, 0.5525317199707032, [(5 39 21)-(7 59 14)-(14 28 15)-(14 45 27)-(11 54 18)]
0.7135, 0.5530623107910156, [(1 24 24)-(2 44 5)-(9 12 18)-(6 41 21)-(10 0 11)]
0.714, 0.5525317474365234, [(14 53 7)-(0 46 9)-(15 10 14)-(12 20 8)-(4 35 20)]
0.714, 0.5525317138671875, [(4 20 3)-(5 60 10)-(12 10 0)-(7 34 10)-(13 34 29)]
0.714, 0.5525317291259766, [(6 28 4)-(5 50 8)-(8 63 10)-(6 51 16)-(2 56 17)]
0.714, 0.552532211303711, [(14 18 25)-(0 47 21)-(8 43 8)-(9 40 19)-(5 13 17)]
0.7142, 0.5517931671142577, [(1 25 28)-(14 7 16)-(9 40 10)-(12 37 31)-(15 56 11)]
0.7135, 0.5523469909667968, [(2 22 14)-(7 43 11)-(4 60 16)-(1 30 20)-(1 16 27)]
0.7134, 0.5519819946289063, [(4 28 10)-(7 36 28)-(3 34 30)-(5 42 21)-(12 13 31)]
0.7138, 0.5536034301757813, [(13 48 19)-(15 11 2)-(0 56 23)-(2 4 25)-(13 30 17)]
0.7136, 0.5528769470214844, [(2 7 13)-(5 32 13)-(11 30 23)-(5 21 25)-(5 47 17)]
0.714, 0.552637173461914, [(7 8 22)-(9 24 16)-(11 18 1)-(4 23 2)-(0 57 17)]
0.714, 0.5525325866699218, [(2 17 4)-(12 48 20)-(10 29 17)-(10 22 15)-(8 58 2)]
0.714, 0.5525314056396484, [(6 36 3)-(4 26 12)-(8 21 3)-(11 3 14)-(3 33 22)]
0.714, 0.5525313568115234, [(8 44 29)-(6 60 9)-(6 15 13)-(8 33 31)-(7 48 3)]
0.7029, 0.5480802795410156, [(10 23 31)-(9 50 1)-(9 39 8)-(8 11 19)-(8 23 22)]
0.714, 0.5525315429687501, [(1 13 15)-(3 37 31)-(8 22 30)-(14 21 14)-(10 44 12)]
0.714, 0.5525317169189453, [(13 14 28)-(8 41 1)-(15 36 16)-(6 61 20)-(13 33 31)]
0.714, 0.5525469146728516, [(6 57 23)-(0 45 30)-(10 21 11)-(6 24 21)-(6 38 9)]
0.714, 0.5525317199707032, [(4 31 30)-(2 47 2)-(13 14 13)-(15 22 19)-(1 13 8)]
0.7139, 0.5525144927978516, [(3 27 21)-(3 47 7)-(10 23 2)-(8 35 4)-(15 15 8)]
0.714, 0.552531900024414, [(10 48 9)-(3 16 11)-(2 48 6)-(0 51 14)-(11 21 14)]
0.7110000000000001, 0.5500136871337891, [(8 16 7)-(3 25 30)-(1 59 15)-(12 20 21)-(12 14 28)]
0.7099, 0.5479869659423828, [(11 21 0)-(2 1 23)-(6 47 31)-(10 32 2)-(3 18 28)]
0.7132000000000001, 0.5524523712158202, [(7 3 21)-(5 33 14)-(7 34 15)-(3 42 30)-(3 42 13)]
0.714, 0.5525317169189453, [(15 59 15)-(12 13 6)-(1 58 2)-(15 35 0)-(1 15 2)]
0.714, 0.5525320526123046, [(1 55 26)-(13 8 23)-(0 39 14)-(8 6 11)-(12 15 4)]
0.7141, 0.550227230834961, [(1 61 30)-(7 4 30)-(6 14 23)-(6 28 15)-(6 12 7)]
0.7139, 0.552481314086914, [(8 55 27)-(10 15 3)-(12 32 8)-(12 4 21)-(15 40 3)]
0.714, 0.5525320983886719, [(8 1 30)-(6 26 13)-(2 51 4)-(13 0 2)-(8 39 9)]
0.714, 0.5525345306396485, [(0 58 15)-(0 12 2)-(10 61 27)-(2 8 5)-(10 16 16)]
0.7130000000000001, 0.5468520935058594, [(10 4 12)-(15 0 22)-(15 30 27)-(9 37 18)-(13 16 1)]
0.714, 0.5525317230224609, [(6 57 28)-(8 3 1)-(12 26 6)-(15 59 31)-(8 22 0)]
0.714, 0.5525317138671875, [(7 33 22)-(11 24 2)-(13 48 14)-(7 42 0)-(13 55 15)]
0.714, 0.5525315948486328, [(3 35 24)-(1 61 11)-(1 27 12)-(6 45 26)-(6 56 23)]
0.714, 0.5525316986083985, [(4 55 3)-(11 47 6)-(2 34 3)-(9 26 5)-(9 12 13)]
0.714, 0.5525317291259766, [(12 48 28)-(13 61 19)-(2 49 7)-(7 42 20)-(14 14 11)]
0.714, 0.5525317260742187, [(6 44 9)-(14 8 29)-(0 41 27)-(2 44 13)-(14 40 25)]
0.714, 0.5525317230224609, [(3 26 4)-(8 29 0)-(12 41 28)-(6 4 5)-(12 58 21)]
0.7006, 0.5398417724609375, [(2 45 11)-(5 12 29)-(4 21 27)-(15 50 21)-(11 15 8)]
0.714, 0.5525321960449219, [(0 19 13)-(5 32 4)-(4 41 17)-(3 50 0)-(4 21 8)]
0.7138, 0.5523443420410157, [(0 8 22)-(1 35 24)-(11 38 5)-(11 47 9)-(3 40 31)]
0.6978, 0.5405628417968751, [(10 5 24)-(12 8 27)-(10 16 10)-(9 4 28)-(12 9 8)]
0.714, 0.5525317321777343, [(3 56 25)-(8 58 27)-(10 30 7)-(8 59 6)-(13 61 8)]
0.714, 0.5525288391113281, [(15 47 11)-(11 59 13)-(15 43 26)-(6 9 15)-(14 23 25)]
0.714, 0.5525317443847656, [(14 57 14)-(14 30 11)-(13 44 14)-(10 36 18)-(6 42 24)]
0.7113, 0.5544910095214843, [(13 27 31)-(2 53 15)-(6 42 3)-(1 24 28)-(10 48 0)]
0.7113, 0.5500098449707032, [(1 6 28)-(13 23 31)-(11 15 1)-(2 60 3)-(13 20 14)]
0.7134, 0.5523548919677734, [(15 36 6)-(12 28 19)-(10 13 28)-(15 2 21)-(11 25 13)]
0.714, 0.5525317077636719, [(15 44 4)-(6 53 31)-(4 15 8)-(14 50 0)-(3 16 4)]
0.7141, 0.5528599884033203, [(0 42 10)-(12 26 2)-(0 13 28)-(2 19 3)-(7 23 23)]
0.714, 0.5525371154785157, [(2 24 16)-(3 29 30)-(7 30 11)-(1 52 31)-(11 56 29)]
0.7130000000000001, 0.552445932006836, [(15 45 29)-(4 22 6)-(11 27 24)-(13 5 0)-(11 60 21)]
0.714, 0.5525317138671875, [(9 1 2)-(2 62 22)-(14 55 20)-(0 10 30)-(12 21 1)]
0.7116, 0.5501612518310547, [(10 20 22)-(1 22 7)-(1 30 5)-(7 34 3)-(8 23 28)]
0.714, 0.5525455780029297, [(4 53 9)-(0 16 18)-(12 58 10)-(0 45 2)-(15 5 28)]
0.714, 0.5525317291259766, [(12 38 4)-(9 32 14)-(5 51 9)-(13 5 16)-(13 40 28)]
0.714, 0.5525317199707032, [(7 28 2)-(10 40 6)-(13 20 7)-(13 26 30)-(7 45 9)]
0.713, 0.5531997985839844, [(7 57 9)-(11 13 27)-(13 41 15)-(11 57 0)-(9 30 11)]
0.498, 0.515341471862793, [(10 43 8)-(5 35 6)-(14 36 27)-(8 49 23)-(1 1 31)]
0.7133, 0.5522861358642579, [(0 45 26)-(13 23 25)-(8 28 23)-(6 51 3)-(4 9 9)]
0.714, 0.5525328399658203, [(0 2 16)-(10 49 12)-(0 37 18)-(13 40 3)-(14 7 1)]
0.714, 0.5525317230224609, [(15 41 0)-(5 43 28)-(6 31 15)-(2 38 7)-(15 38 17)]
0.7122999999999999, 0.5509650695800781, [(2 12 12)-(10 26 31)-(9 24 3)-(14 6 2)-(14 8 3)]
0.7141, 0.5524882904052735, [(10 1 30)-(3 47 5)-(10 38 4)-(3 9 12)-(5 16 20)]
0.714, 0.5525313293457031, [(0 18 14)-(3 32 28)-(4 5 13)-(2 4 5)-(6 37 25)]
0.6962999999999999, 0.5081452041625977, [(10 24 2)-(8 63 28)-(13 14 9)-(10 13 6)-(12 0 29)]
0.7142, 0.5528396911621094, [(4 4 14)-(13 9 0)-(14 58 13)-(7 8 26)-(4 20 1)]
0.7136, 0.5526729309082031, [(8 12 21)-(14 3 19)-(6 27 19)-(4 56 16)-(1 26 5)]
0.714, 0.5525273345947266, [(12 22 1)-(2 27 3)-(15 47 18)-(15 6 3)-(8 21 16)]
0.714, 0.55250703125, [(2 43 14)-(5 59 0)-(11 5 18)-(0 54 5)-(6 28 13)]
0.714, 0.5525317199707032, [(0 48 26)-(7 43 8)-(11 22 3)-(4 40 28)-(3 32 3)]
0.714, 0.5525337219238282, [(0 44 12)-(10 46 11)-(1 24 15)-(0 54 12)-(4 32 31)]
0.7128000000000001, 0.55183720703125, [(13 41 0)-(2 58 9)-(2 37 0)-(14 29 31)-(0 10 26)]
0.714, 0.5525317230224609, [(10 59 19)-(14 28 20)-(2 43 28)-(15 41 2)-(6 22 0)]
0.7137, 0.5523193450927735, [(9 16 24)-(12 37 30)-(11 63 3)-(0 34 14)-(13 63 23)]
0.714, 0.5524666900634766, [(5 45 24)-(5 17 13)-(0 8 24)-(13 35 4)-(10 43 18)]
0.706, 0.5411484939575195, [(10 16 1)-(13 2 28)-(2 34 23)-(1 14 30)-(5 5 21)]
0.7135, 0.5531273223876954, [(8 40 19)-(11 39 27)-(14 20 8)-(1 10 24)-(0 14 25)]
0.7133, 0.5526751831054687, [(3 45 19)-(8 58 28)-(13 32 7)-(3 56 25)-(3 3 24)]
0.714, 0.5525601776123047, [(0 21 17)-(12 50 9)-(12 20 30)-(13 32 11)-(1 7 11)]
0.714, 0.5525317413330078, [(14 13 2)-(6 58 5)-(5 37 30)-(9 45 9)-(4 31 9)]
0.7134, 0.5526302337646485, [(6 12 11)-(2 10 30)-(13 9 30)-(1 18 21)-(13 20 10)]
0.714, 0.5525333068847655, [(4 23 30)-(3 58 15)-(5 51 26)-(12 36 27)-(11 4 25)]
0.7138, 0.5525021545410156, [(14 53 1)-(14 6 1)-(13 14 16)-(9 18 18)-(1 62 11)]
0.714, 0.5525315948486329, [(10 39 23)-(11 16 30)-(12 13 14)-(3 36 1)-(9 58 9)]
0.7142, 0.5523493896484375, [(13 56 23)-(15 18 6)-(12 41 26)-(6 1 0)-(5 2 20)]
0.7139, 0.5524628479003906, [(8 18 20)-(0 56 31)-(7 58 10)-(15 53 10)-(0 20 15)]
0.714, 0.5526677673339844, [(13 54 6)-(3 18 7)-(4 47 0)-(0 19 22)-(12 7 21)]
0.7111000000000001, 0.5511250000000001, [(3 27 3)-(9 49 7)-(1 13 31)-(3 37 20)-(7 19 29)]
0.714, 0.5525317291259766, [(1 48 8)-(11 56 13)-(5 22 2)-(3 62 19)-(0 48 31)]
0.7135, 0.5525284576416015, [(4 59 28)-(3 19 26)-(14 43 14)-(3 41 3)-(13 19 2)]
0.7001999999999999, 0.5328069732666015, [(7 43 27)-(12 55 14)-(0 63 17)-(14 1 29)-(10 20 9)]
0.714, 0.5525315887451172, [(15 22 8)-(14 24 15)-(5 27 8)-(5 5 0)-(9 27 4)]
0.7128, 0.5512933410644532, [(8 9 1)-(15 12 8)-(4 20 28)-(0 10 7)-(10 16 3)]
0.714, 0.5525317321777343, [(7 22 5)-(12 43 21)-(13 34 29)-(2 42 31)-(8 31 8)]
0.714, 0.5525317230224609, [(1 58 19)-(15 30 25)-(14 41 1)-(15 5 23)-(4 21 3)]
0.714, 0.5525317230224609, [(14 12 25)-(0 50 30)-(4 47 22)-(9 50 26)-(7 41 25)]
0.6801, 0.5307392852783204, [(5 11 0)-(0 14 19)-(15 33 8)-(0 42 0)-(1 3 29)]
0.7145999999999999, 0.551313232421875, [(12 45 29)-(8 31 16)-(13 26 31)-(4 54 14)-(11 5 27)]
0.7143999999999999, 0.5531503234863282, [(3 10 16)-(3 8 12)-(12 29 29)-(7 23 26)-(6 30 3)]
0.7128, 0.5523285644531251, [(2 51 4)-(13 48 12)-(7 59 7)-(8 34 4)-(11 14 23)]
0.7134, 0.5524382720947265, [(3 18 31)-(7 19 21)-(10 24 5)-(2 47 24)-(13 10 17)]
0.714, 0.5525363586425781, [(5 22 2)-(10 0 1)-(2 18 8)-(2 60 7)-(8 29 16)]
0.7131000000000001, 0.5528306182861329, [(14 39 9)-(2 2 3)-(4 26 11)-(9 2 22)-(2 36 17)]
0.714, 0.5525317321777343, [(5 52 15)-(4 43 16)-(9 33 13)-(0 55 30)-(14 24 14)]
0.7113, 0.5507625610351563, [(12 3 28)-(0 33 31)-(13 30 8)-(10 11 1)-(8 31 24)]
0.714, 0.5525311828613281, [(4 47 13)-(3 27 12)-(5 61 0)-(8 62 8)-(4 58 15)]
0.714, 0.5525317138671875, [(8 58 9)-(6 16 4)-(0 60 11)-(14 52 2)-(6 58 11)]
0.714, 0.5525316986083985, [(1 15 4)-(13 36 0)-(12 0 4)-(10 40 8)-(4 7 0)]
0.714, 0.5525318725585937, [(2 18 11)-(13 47 2)-(7 43 29)-(5 17 11)-(12 31 16)]
0.7123, 0.5496646118164062, [(13 2 23)-(4 47 0)-(1 30 26)-(5 40 31)-(14 18 17)]
0.7112, 0.5493436981201172, [(7 2 26)-(4 57 22)-(9 10 19)-(3 57 2)-(15 45 27)]
0.6990000000000001, 0.5496315399169922, [(13 24 24)-(8 53 13)-(7 42 15)-(6 1 28)-(9 54 7)]
0.714, 0.5525317291259766, [(15 17 24)-(0 49 3)-(9 31 2)-(14 15 17)-(13 45 24)]
0.714, 0.5525317413330078, [(9 62 6)-(9 30 0)-(4 4 8)-(2 50 16)-(5 43 29)]
0.7127, 0.5516115844726562, [(2 37 24)-(6 31 29)-(5 19 21)-(3 16 19)-(6 28 14)]
0.7139, 0.5525202972412109, [(3 30 27)-(0 37 18)-(3 27 16)-(15 6 8)-(0 47 7)]
0.7134, 0.5517031921386719, [(3 30 10)-(3 46 8)-(13 46 11)-(7 19 27)-(10 62 8)]
0.7139, 0.5524160705566407, [(0 44 17)-(0 8 27)-(6 18 14)-(0 25 0)-(8 25 9)]
0.7117, 0.5505565002441406, [(5 15 28)-(15 11 4)-(3 16 31)-(2 60 12)-(11 25 20)]
0.7142, 0.5520285064697266, [(14 54 15)-(15 40 26)-(9 2 18)-(7 2 19)-(8 38 4)]
0.7139, 0.5525428405761719, [(10 34 30)-(7 61 26)-(5 46 4)-(9 24 21)-(11 35 30)]
0.7137, 0.5535168579101561, [(13 47 26)-(8 5 2)-(10 12 20)-(7 10 31)-(1 27 9)]
0.7133, 0.5525370697021484, [(3 52 11)-(5 10 10)-(6 2 3)-(11 9 22)-(2 44 24)]
0.713, 0.5523899108886718, [(1 20 10)-(11 52 26)-(2 4 21)-(0 17 21)-(10 51 29)]
0.7127, 0.5434492767333985, [(0 5 12)-(15 13 21)-(6 62 10)-(6 14 26)-(14 25 2)]
0.714, 0.5525317169189452, [(13 39 3)-(12 20 6)-(4 49 7)-(5 43 31)-(7 23 11)]
0.7030000000000001, 0.5450548217773438, [(15 1 25)-(3 15 1)-(10 56 1)-(12 30 25)-(11 10 26)]
0.714, 0.5525317230224609, [(4 31 1)-(6 49 29)-(8 58 7)-(4 2 2)-(13 31 11)]
0.7135, 0.5525716979980468, [(7 10 23)-(10 11 11)-(9 29 0)-(2 2 14)-(9 41 0)]
0.7132000000000001, 0.5484679046630859, [(13 56 10)-(6 22 19)-(0 21 31)-(0 59 11)-(10 47 25)]
0.714, 0.5525336151123047, [(8 14 17)-(1 26 12)-(9 28 1)-(10 7 11)-(10 18 1)]
0.7137, 0.5525351135253906, [(0 18 22)-(11 6 17)-(6 39 24)-(7 5 30)-(5 2 15)]
0.6983, 0.5492856170654297, [(8 20 9)-(10 32 10)-(6 1 28)-(11 25 23)-(1 40 18)]
0.7138, 0.5524679962158203, [(8 48 10)-(12 32 29)-(12 8 17)-(11 3 20)-(5 51 4)]
0.7139, 0.5525300506591797, [(8 43 27)-(9 4 19)-(15 4 23)-(2 30 28)-(4 51 13)]
0.7135, 0.5525254791259766, [(9 3 30)-(4 50 0)-(3 26 9)-(5 21 27)-(10 39 29)]
0.714, 0.5525317230224609, [(15 20 17)-(1 36 13)-(14 32 0)-(15 30 7)-(6 43 7)]
0.714, 0.5525330871582032, [(11 62 19)-(4 1 12)-(14 25 10)-(13 58 16)-(14 17 23)]
0.7137, 0.5525176788330077, [(9 40 3)-(7 57 24)-(10 50 22)-(1 20 21)-(11 63 24)]
0.7139, 0.5525074279785156, [(10 34 1)-(5 35 4)-(2 13 1)-(8 1 7)-(10 5 21)]
0.714, 0.552531802368164, [(13 29 15)-(2 10 14)-(12 42 1)-(4 29 7)-(8 54 16)]
0.7132000000000001, 0.5504466583251953, [(1 62 1)-(10 54 6)-(4 27 28)-(12 37 27)-(10 37 25)]
0.714, 0.5525254333496094, [(6 17 15)-(0 56 21)-(0 45 6)-(1 16 20)-(10 5 19)]
0.6436999999999999, 0.5142808166503906, [(5 4 26)-(1 32 4)-(12 47 23)-(4 0 25)-(13 13 27)]
0.714, 0.5525317352294922, [(4 55 15)-(1 35 21)-(9 59 2)-(2 54 27)-(14 20 3)]
0.7136, 0.5430913055419921, [(2 14 28)-(7 52 3)-(5 48 10)-(12 16 5)-(3 31 6)]
0.7130000000000001, 0.5526276672363282, [(5 60 19)-(0 14 14)-(6 31 27)-(1 4 24)-(10 22 5)]
0.7139, 0.5528448303222656, [(0 21 9)-(2 29 25)-(1 46 8)-(4 61 0)-(12 9 9)]
0.714, 0.5525318084716797, [(4 58 7)-(15 29 12)-(4 24 20)-(1 36 23)-(10 55 27)]
0.714, 0.5525355010986328, [(12 19 3)-(10 54 0)-(9 23 17)-(10 29 4)-(8 35 13)]
0.6842, 0.5270031524658203, [(15 26 29)-(6 40 12)-(14 58 4)-(8 7 26)-(12 44 28)]
0.7133, 0.5525614837646484, [(12 5 8)-(15 25 22)-(10 13 25)-(3 50 29)-(1 52 3)]
0.714, 0.5525317260742187, [(6 62 22)-(15 9 25)-(7 10 8)-(3 52 3)-(2 62 27)]
0.7057, 0.5606804290771484, [(2 17 31)-(5 22 28)-(15 29 26)-(9 13 17)-(7 56 24)]
0.714, 0.5525349334716797, [(2 11 18)-(12 27 5)-(10 60 27)-(6 37 14)-(13 25 3)]
0.7133, 0.5526441253662109, [(4 24 27)-(15 39 15)-(14 8 24)-(0 48 16)-(3 37 5)]
0.7138, 0.5524666748046875, [(7 25 25)-(8 45 31)-(8 2 1)-(3 7 3)-(12 36 23)]
0.714, 0.5525316528320312, [(9 1 8)-(5 36 18)-(4 30 6)-(15 9 14)-(3 52 18)]
0.714, 0.5525317016601563, [(15 22 10)-(14 62 18)-(14 43 1)-(6 14 1)-(4 11 8)]
0.714, 0.5525314666748047, [(10 34 7)-(5 6 10)-(12 39 7)-(1 55 30)-(4 42 15)]
0.714, 0.5525317352294923, [(15 8 30)-(2 41 10)-(14 44 5)-(8 49 19)-(12 43 2)]
0.7134, 0.5525500427246094, [(6 61 0)-(15 19 25)-(6 7 1)-(7 27 28)-(10 8 18)]
0.7135, 0.5525510040283204, [(1 38 12)-(13 38 11)-(9 8 24)-(8 21 3)-(7 47 1)]
0.6755, 0.5311650604248047, [(10 54 30)-(6 27 16)-(15 30 16)-(7 44 15)-(5 9 31)]
0.714, 0.5525299606323242, [(11 45 10)-(11 8 11)-(6 51 7)-(14 61 20)-(5 20 14)]
0.7091000000000001, 0.5477639678955077, [(7 7 31)-(15 0 1)-(5 1 12)-(0 37 21)-(0 44 18)]
0.7136, 0.5520041778564453, [(15 3 1)-(11 52 24)-(4 39 22)-(12 31 14)-(4 28 25)]
0.714, 0.5525316955566406, [(2 45 24)-(13 16 7)-(6 0 3)-(10 20 6)-(15 33 7)]
0.714, 0.5525317138671875, [(0 12 0)-(12 43 0)-(6 36 29)-(13 36 2)-(7 51 25)]
0.7137, 0.5524923065185547, [(6 45 5)-(15 39 1)-(4 34 6)-(1 9 18)-(15 30 23)]
0.714, 0.5525317321777343, [(12 28 2)-(3 35 22)-(4 49 24)-(4 48 7)-(15 34 20)]
0.7123999999999999, 0.5542756469726563, [(12 16 10)-(13 24 1)-(5 40 3)-(2 3 23)-(12 59 0)]
0.7137, 0.5524938171386718, [(12 10 24)-(13 61 21)-(11 19 10)-(3 23 6)-(13 60 24)]
0.7121999999999999, 0.550549578857422, [(5 18 4)-(5 49 8)-(4 12 29)-(15 63 12)-(7 36 30)]
0.714, 0.5525317199707032, [(3 17 30)-(14 9 9)-(11 61 12)-(3 57 30)-(0 16 30)]
0.714, 0.5525200073242187, [(1 35 8)-(8 0 12)-(3 47 24)-(14 54 17)-(11 44 1)]
0.704, 0.5436960601806641, [(5 27 23)-(2 17 12)-(0 3 4)-(2 23 20)-(1 6 13)]
0.7139, 0.5500632385253906, [(9 5 27)-(10 62 3)-(1 61 19)-(9 52 26)-(8 40 2)]
0.714, 0.5525317108154297, [(14 9 13)-(0 18 5)-(1 51 8)-(10 31 9)-(6 23 5)]
0.714, 0.5525420135498047, [(5 21 17)-(5 49 25)-(14 48 10)-(14 56 25)-(15 41 16)]
0.714, 0.5525317352294922, [(4 50 31)-(10 61 8)-(1 27 4)-(13 46 31)-(13 51 29)]
0.7133, 0.5526264801025391, [(3 29 19)-(10 13 16)-(15 25 26)-(2 63 26)-(5 10 28)]
0.7141, 0.5510595001220703, [(6 13 26)-(13 59 15)-(14 29 4)-(10 53 6)-(0 37 12)]
0.7064, 0.5461282424926758, [(5 17 26)-(1 56 7)-(11 13 21)-(13 20 11)-(14 27 30)]
0.7138, 0.5525201232910155, [(9 1 16)-(6 63 15)-(1 25 30)-(1 27 15)-(14 36 9)]
0.7138, 0.5524268768310547, [(0 29 22)-(12 53 14)-(6 44 0)-(13 34 18)-(7 24 15)]
0.7141, 0.5524759887695312, [(5 33 7)-(15 23 28)-(7 39 10)-(1 8 22)-(4 41 1)]
0.7034, 0.5506206481933593, [(5 28 26)-(15 60 4)-(1 60 17)-(4 56 29)-(6 27 25)]
0.6967000000000001, 0.5289648834228515, [(6 44 5)-(3 19 28)-(13 21 30)-(13 0 23)-(15 1 28)]
0.7136, 0.5526500976562501, [(7 52 13)-(10 23 22)-(6 47 6)-(11 14 0)-(14 61 22)]
0.714, 0.5525280517578125, [(2 44 4)-(3 29 19)-(14 35 12)-(1 43 4)-(2 47 5)]
0.714, 0.5525255859375, [(2 61 28)-(9 1 4)-(3 31 2)-(3 43 23)-(9 14 18)]
0.714, 0.5525628814697265, [(5 21 5)-(13 53 15)-(12 4 12)-(2 6 16)-(5 15 1)]
0.7123999999999999, 0.5519869079589843, [(6 48 0)-(3 42 18)-(5 54 14)-(4 44 3)-(7 14 23)]
0.7139, 0.5525248107910157, [(9 13 13)-(15 41 24)-(7 2 16)-(6 44 17)-(15 59 17)]
0.7132000000000001, 0.5527555511474609, [(10 14 2)-(7 50 28)-(11 58 12)-(0 46 10)-(6 5 29)]
0.714, 0.5525317321777343, [(9 25 8)-(4 54 23)-(15 21 19)-(4 39 10)-(14 55 11)]
0.714, 0.5525317352294923, [(15 21 7)-(2 55 24)-(6 40 16)-(2 44 12)-(3 56 6)]
0.7131, 0.5525457794189453, [(1 46 17)-(4 43 21)-(0 52 10)-(12 14 24)-(0 16 30)]
0.7132000000000001, 0.5461379852294922, [(6 17 27)-(8 33 6)-(5 32 16)-(2 18 2)-(13 15 3)]
0.714, 0.5525317260742187, [(14 18 16)-(14 10 7)-(11 60 27)-(14 19 7)-(11 38 16)]
0.714, 0.552540689086914, [(9 4 6)-(5 49 2)-(7 23 22)-(8 29 1)-(9 19 5)]
0.714, 0.5525317352294923, [(2 44 11)-(15 63 26)-(4 0 0)-(15 53 9)-(3 36 7)]
0.7130000000000001, 0.5546626007080078, [(2 26 14)-(2 23 28)-(10 0 1)-(7 34 24)-(4 61 4)]
0.7142, 0.5526541229248046, [(9 27 22)-(12 13 27)-(9 34 21)-(12 31 22)-(0 8 20)]
0.714, 0.5525318481445313, [(10 35 14)-(11 54 21)-(6 30 11)-(8 21 11)-(2 52 28)]
0.714, 0.5525317230224609, [(5 54 12)-(6 33 4)-(6 46 0)-(0 39 11)-(1 40 25)]
0.7137, 0.5525767272949219, [(4 45 17)-(12 31 15)-(9 11 22)-(10 22 10)-(8 24 14)]
0.7144999999999999, 0.5478588348388671, [(9 26 11)-(9 52 27)-(11 2 6)-(0 35 21)-(6 14 25)]
0.714, 0.5526155731201172, [(8 38 4)-(13 4 3)-(2 6 17)-(6 17 4)-(0 26 13)]
0.714, 0.5525317260742187, [(2 49 2)-(4 19 8)-(9 23 9)-(12 45 0)-(4 56 5)]
0.7132000000000001, 0.5524571166992187, [(0 2 23)-(9 7 31)-(4 46 4)-(14 6 9)-(0 23 22)]
0.714, 0.5525409149169922, [(5 25 11)-(11 61 9)-(11 61 26)-(4 32 30)-(1 24 17)]
0.7146, 0.5481910552978515, [(6 23 26)-(4 55 12)-(14 61 15)-(7 61 23)-(12 41 12)]
0.714, 0.5525317077636719, [(7 50 4)-(9 62 11)-(13 2 7)-(3 55 22)-(11 50 0)]
0.7128, 0.54977392578125, [(15 2 29)-(14 5 20)-(5 59 16)-(7 51 18)-(11 14 7)]
0.7133, 0.5529814636230468, [(9 53 19)-(10 13 7)-(5 11 6)-(8 15 24)-(6 45 14)]
0.7131, 0.5521154205322265, [(0 56 5)-(5 53 5)-(14 7 15)-(10 18 15)-(1 20 25)]
0.714, 0.5525317749023437, [(3 4 5)-(4 5 0)-(9 29 2)-(3 10 17)-(12 56 15)]
0.7137, 0.5525174591064453, [(12 32 26)-(6 41 28)-(7 13 21)-(12 12 30)-(7 59 31)]
0.7135, 0.5526536560058594, [(15 54 12)-(3 1 3)-(12 5 23)-(1 50 24)-(4 54 0)]
0.7138, 0.5525513305664063, [(14 22 14)-(11 25 19)-(9 29 3)-(7 25 30)-(1 49 29)]
0.7133, 0.5525582916259766, [(2 8 5)-(6 25 17)-(7 42 20)-(5 50 17)-(11 6 19)]
0.7125, 0.5541845123291016, [(0 44 19)-(3 14 29)-(6 8 19)-(8 50 8)-(12 49 9)]
0.714, 0.5525318420410157, [(14 54 25)-(8 51 8)-(2 44 23)-(6 30 16)-(0 3 8)]
0.7105, 0.5487664367675781, [(14 10 1)-(15 3 31)-(1 27 5)-(5 14 29)-(7 6 20)]
0.7123999999999999, 0.5515843078613281, [(8 20 23)-(8 36 1)-(8 8 21)-(3 19 30)-(2 58 10)]
0.7068, 0.5382168579101563, [(5 0 23)-(8 23 12)-(10 10 4)-(15 17 22)-(4 5 4)]
0.7132000000000001, 0.5526166748046875, [(10 53 30)-(7 16 12)-(10 55 17)-(2 24 3)-(0 16 23)]
0.714, 0.5525316986083985, [(8 56 23)-(7 47 22)-(8 22 8)-(1 2 7)-(12 13 8)]
0.7021999999999999, 0.5340180725097656, [(10 40 23)-(7 51 26)-(12 28 18)-(9 0 23)-(9 48 4)]
0.7128000000000001, 0.5492689453124999, [(14 1 22)-(7 59 27)-(8 44 31)-(10 36 30)-(9 48 3)]
0.714, 0.552531787109375, [(4 8 12)-(6 40 31)-(13 24 5)-(0 51 25)-(1 11 6)]
0.7142999999999999, 0.5525050445556641, [(1 40 7)-(0 12 6)-(0 20 3)-(12 24 27)-(8 53 0)]
0.714, 0.552533837890625, [(5 29 20)-(1 36 0)-(0 51 14)-(2 47 19)-(0 1 11)]
0.7132000000000001, 0.5461348693847656, [(9 14 18)-(6 60 24)-(3 25 7)-(1 15 9)-(6 17 28)]
0.714, 0.5525055023193359, [(11 15 30)-(12 38 24)-(11 40 7)-(8 23 19)-(11 33 4)]
0.7127, 0.5524115020751954, [(4 29 13)-(6 31 4)-(10 56 20)-(3 5 27)-(5 47 21)]
0.7119, 0.549434390258789, [(10 1 27)-(3 50 29)-(4 15 8)-(9 51 3)-(9 48 12)]
0.7142999999999999, 0.5525232421874999, [(14 28 3)-(11 26 24)-(13 21 12)-(13 19 15)-(13 17 8)]
0.7138, 0.5525154510498047, [(14 7 27)-(0 30 8)-(1 13 22)-(10 26 2)-(1 5 8)]
0.714, 0.5525317321777343, [(7 35 11)-(3 27 30)-(8 54 20)-(14 13 0)-(2 39 15)]
0.713, 0.5503713623046875, [(12 53 24)-(10 18 25)-(11 33 23)-(0 8 11)-(12 33 3)]
0.7139, 0.5524742614746094, [(6 1 12)-(10 22 15)-(8 17 19)-(12 51 26)-(11 39 25)]
0.714, 0.5525317230224609, [(15 7 25)-(8 61 6)-(4 14 1)-(10 40 1)-(12 9 16)]
0.714, 0.5525317428588867, [(3 62 11)-(11 55 4)-(15 9 9)-(11 25 5)-(15 12 17)]
0.7137, 0.5524841766357422, [(15 56 7)-(0 52 18)-(9 26 21)-(12 47 14)-(5 59 21)]
0.714, 0.5525317016601563, [(6 19 6)-(11 52 0)-(13 5 1)-(1 33 17)-(0 20 8)]
0.714, 0.55253173828125, [(6 56 31)-(8 63 31)-(10 53 7)-(1 36 17)-(10 16 30)]
0.714, 0.5525317291259766, [(3 38 3)-(11 37 20)-(7 59 8)-(2 57 4)-(12 50 17)]
0.714, 0.5525317260742187, [(6 1 30)-(13 54 23)-(9 60 31)-(15 27 21)-(1 35 28)]
0.714, 0.5525532409667968, [(3 44 1)-(15 29 22)-(14 45 16)-(8 23 7)-(8 10 19)]
0.714, 0.5525291076660157, [(2 13 15)-(15 14 10)-(12 17 16)-(15 23 28)-(7 35 14)]
0.714, 0.5525312896728516, [(1 14 6)-(5 30 23)-(13 53 3)-(9 49 24)-(12 23 13)]
0.7069, 0.5470753723144531, [(1 6 25)-(2 62 6)-(2 34 17)-(0 21 16)-(15 6 31)]
0.7129, 0.551756558227539, [(12 16 5)-(12 35 14)-(5 40 6)-(11 17 26)-(6 55 12)]
0.714, 0.5525317260742187, [(2 58 19)-(4 51 16)-(11 37 16)-(8 48 24)-(8 47 13)]
0.7016, 0.5383703125, [(4 21 29)-(3 36 31)-(6 0 18)-(0 55 13)-(10 46 2)]
0.7139, 0.5525341705322266, [(8 48 11)-(9 3 14)-(9 50 12)-(12 3 14)-(12 52 4)]
0.7139, 0.5524328674316407, [(2 48 19)-(12 40 21)-(10 11 30)-(15 10 18)-(1 1 16)]
0.7134, 0.5532259185791015, [(15 54 1)-(5 59 4)-(15 55 27)-(8 14 18)-(4 7 28)]
0.714, 0.5525317291259766, [(3 63 11)-(5 36 4)-(2 62 5)-(12 30 16)-(5 37 26)]
0.714, 0.5525235595703124, [(8 50 19)-(14 58 14)-(3 3 2)-(10 20 27)-(2 53 19)]
0.714, 0.5525317138671875, [(4 47 7)-(6 48 27)-(13 25 8)-(7 13 10)-(8 37 3)]
0.714, 0.5525316192626953, [(9 40 17)-(6 7 4)-(1 39 14)-(4 7 1)-(4 28 10)]
0.714, 0.5525329620361328, [(11 36 9)-(8 37 9)-(4 45 9)-(10 39 21)-(0 19 15)]
0.714, 0.5525379211425782, [(3 47 26)-(5 11 15)-(14 63 15)-(8 31 20)-(10 20 1)]
0.6229, 0.5109254211425781, [(13 48 21)-(9 1 31)-(8 50 3)-(0 25 30)-(1 9 7)]
0.7134, 0.5518119506835937, [(7 62 4)-(10 22 24)-(11 12 7)-(3 56 26)-(12 33 15)]
0.7133, 0.5530402008056641, [(11 48 24)-(11 16 31)-(9 8 1)-(15 53 14)-(6 30 2)]
0.7137, 0.5521340576171875, [(0 17 20)-(12 61 11)-(3 56 2)-(12 34 29)-(8 26 15)]
0.714, 0.5525317321777343, [(6 51 2)-(1 9 2)-(1 31 29)-(1 28 6)-(2 29 7)]
0.714, 0.5525315856933594, [(10 18 12)-(11 63 2)-(3 62 27)-(15 18 25)-(2 55 28)]
0.714, 0.5525317321777343, [(3 55 10)-(0 34 6)-(8 31 17)-(13 8 5)-(10 12 6)]
0.714, 0.5525317749023437, [(7 61 15)-(15 0 3)-(15 6 6)-(3 14 9)-(8 55 30)]
0.7109, 0.5465112640380859, [(6 3 14)-(13 61 30)-(3 0 22)-(13 47 29)-(10 22 19)]
0.712, 0.5449490478515625, [(7 43 3)-(0 9 31)-(8 0 16)-(9 36 26)-(1 50 6)]
0.7129, 0.5521784637451171, [(8 36 25)-(12 29 16)-(0 25 22)-(7 61 19)-(15 55 29)]
0.714, 0.5525317077636719, [(12 35 14)-(13 29 26)-(10 21 11)-(12 21 0)-(5 49 19)]
0.714, 0.5525287551879883, [(12 35 14)-(11 33 14)-(11 5 21)-(5 5 9)-(12 6 4)]
0.7139, 0.552492886352539, [(3 42 0)-(5 51 13)-(6 20 7)-(2 40 15)-(3 29 25)]
0.7137, 0.5527580627441406, [(9 54 23)-(13 23 31)-(9 18 31)-(12 31 22)-(7 58 14)]
0.714, 0.5525315551757812, [(6 49 6)-(5 49 15)-(8 62 30)-(8 28 11)-(11 52 30)]
0.7112, 0.5548635955810547, [(1 27 13)-(9 29 29)-(8 4 11)-(1 54 8)-(1 24 28)]
0.714, 0.5525317138671875, [(8 39 0)-(3 59 8)-(15 43 4)-(12 49 1)-(9 41 13)]
0.7131000000000001, 0.5527640838623047, [(10 55 3)-(13 16 12)-(13 20 20)-(0 13 24)-(5 46 25)]
0.714, 0.5525210754394532, [(10 42 25)-(8 53 22)-(2 26 16)-(7 23 8)-(14 61 6)]
0.6962999999999999, 0.5081468597412109, [(9 9 14)-(0 30 7)-(12 0 27)-(2 32 13)-(2 7 2)]
0.714, 0.5525317260742187, [(13 43 30)-(0 55 20)-(0 51 4)-(13 42 2)-(15 60 4)]
0.714, 0.5525318450927734, [(3 60 30)-(0 3 8)-(5 33 29)-(2 47 24)-(6 1 3)]
0.7138, 0.5523846130371094, [(9 4 24)-(2 60 5)-(0 29 24)-(10 17 3)-(11 16 19)]
0.7138, 0.5525328186035157, [(13 58 3)-(5 22 22)-(6 26 16)-(14 3 29)-(6 33 5)]
0.714, 0.5525316101074218, [(12 38 30)-(2 0 6)-(15 56 8)-(1 54 16)-(7 60 6)]
0.7130000000000001, 0.550863070678711, [(6 19 22)-(15 42 7)-(1 45 31)-(12 36 24)-(2 26 27)]
0.714, 0.5525317321777343, [(3 38 27)-(8 20 3)-(13 52 27)-(9 56 21)-(8 15 3)]
0.7117, 0.5517276214599609, [(9 31 26)-(1 38 3)-(4 20 4)-(10 2 23)-(0 58 6)]
0.7099, 0.5286147735595703, [(10 52 20)-(9 16 15)-(11 0 24)-(5 57 26)-(7 63 13)]
0.7136, 0.5514787231445313, [(10 8 26)-(2 39 0)-(4 11 1)-(2 15 9)-(15 4 25)]
0.714, 0.5525317291259766, [(13 12 23)-(13 54 6)-(14 44 19)-(10 53 29)-(3 53 14)]
0.7109000000000001, 0.5511602172851562, [(14 31 14)-(4 37 6)-(10 29 19)-(1 21 26)-(7 30 14)]
0.7126, 0.5530194366455078, [(4 8 28)-(0 49 18)-(7 17 11)-(2 47 23)-(10 43 1)]
0.714, 0.5525325866699219, [(5 3 3)-(0 52 19)-(0 2 12)-(14 26 25)-(9 11 6)]
0.1, 0.9991726898193359, [(11 39 18)-(3 41 30)-(11 22 28)-(8 29 25)-(4 0 31)]
0.6754, 0.5003960418701172, [(8 14 21)-(1 62 18)-(13 59 19)-(13 61 23)-(15 0 27)]
0.7114, 0.5508596771240235, [(1 15 26)-(15 8 22)-(12 36 21)-(2 8 2)-(11 49 12)]
0.7137, 0.5524781341552734, [(1 40 10)-(9 49 0)-(10 54 27)-(11 13 21)-(5 28 21)]
0.7127, 0.5428190307617188, [(9 47 9)-(1 52 20)-(2 9 27)-(13 28 5)-(14 4 28)]
0.7131000000000001, 0.5551603546142578, [(2 25 25)-(12 12 21)-(8 10 12)-(12 50 20)-(0 52 16)]
0.714, 0.5525232971191407, [(10 22 18)-(12 4 14)-(1 30 3)-(7 49 29)-(5 38 5)]
0.714, 0.5525317199707032, [(9 32 25)-(15 55 20)-(5 17 6)-(14 44 21)-(2 48 23)]
0.714, 0.552531753540039, [(1 24 10)-(9 52 24)-(7 33 29)-(11 36 8)-(12 56 16)]
0.714, 0.5525111297607421, [(8 28 19)-(3 58 6)-(10 42 24)-(6 58 2)-(4 37 10)]
0.714, 0.5525317199707032, [(2 41 2)-(3 32 13)-(9 42 26)-(3 30 5)-(6 27 30)]
0.714, 0.552531265258789, [(10 27 19)-(8 26 9)-(0 39 13)-(0 57 5)-(7 28 3)]
0.714, 0.5525317291259766, [(5 35 7)-(15 40 23)-(15 32 15)-(13 50 22)-(0 22 3)]
0.714, 0.5525316955566406, [(9 5 8)-(12 62 11)-(14 7 13)-(3 47 17)-(9 36 29)]
0.714, 0.5525303894042969, [(9 38 25)-(1 43 29)-(8 27 0)-(7 17 17)-(2 41 28)]
0.7139, 0.5524940307617188, [(9 20 18)-(7 59 15)-(12 60 30)-(9 26 0)-(2 41 30)]
0.7142, 0.5524564727783203, [(15 2 20)-(8 38 5)-(11 2 2)-(2 40 17)-(5 59 2)]
0.24259999999999998, 0.8066933380126953, [(8 16 13)-(3 57 22)-(14 0 31)-(7 38 17)-(9 42 13)]
0.714, 0.5525264709472657, [(6 22 15)-(5 6 15)-(2 2 0)-(5 28 8)-(4 55 11)]
0.7122999999999999, 0.5495926788330079, [(1 13 5)-(1 1 18)-(9 9 7)-(9 53 10)-(8 0 20)]
0.7136, 0.5508316986083984, [(4 31 14)-(2 52 9)-(1 39 24)-(1 54 25)-(7 0 19)]
0.7121, 0.5502819702148438, [(8 11 25)-(2 19 21)-(15 29 27)-(8 55 16)-(10 18 28)]
0.714, 0.5525317352294922, [(13 56 19)-(13 1 2)-(13 17 27)-(7 50 6)-(12 35 19)]
0.714, 0.5525316772460938, [(4 60 17)-(12 25 10)-(15 11 3)-(6 39 18)-(14 15 13)]
0.7089, 0.553777001953125, [(4 50 28)-(4 1 27)-(13 2 10)-(15 45 3)-(2 50 31)]
0.714, 0.5525327697753906, [(2 23 1)-(7 13 5)-(11 35 19)-(14 28 5)-(2 18 13)]
0.714, 0.5525290161132812, [(14 9 27)-(4 41 4)-(4 19 16)-(12 6 1)-(3 47 3)]
0.7129, 0.5526887634277344, [(5 41 21)-(9 11 14)-(10 45 17)-(6 6 0)-(6 7 27)]
0.714, 0.5525317352294922, [(3 18 31)-(14 50 16)-(1 41 28)-(13 63 28)-(13 21 31)]
0.7119, 0.5502737640380859, [(3 1 22)-(6 21 23)-(11 37 10)-(3 12 27)-(11 54 31)]
0.714, 0.5525317230224609, [(8 48 21)-(11 42 19)-(15 18 15)-(0 61 1)-(13 32 6)]
0.7139, 0.5525268981933593, [(6 37 9)-(10 51 29)-(3 12 19)-(6 41 8)-(7 57 5)]
0.714, 0.5525597137451173, [(15 22 27)-(15 0 4)-(2 20 19)-(3 50 10)-(4 52 8)]
0.7128000000000001, 0.5518798706054687, [(7 18 14)-(15 33 28)-(7 37 5)-(9 36 12)-(0 11 26)]
0.7123999999999999, 0.5526739318847657, [(0 62 5)-(15 54 0)-(5 2 30)-(14 21 17)-(1 10 31)]
0.714, 0.5525318237304688, [(0 18 3)-(9 21 11)-(6 36 12)-(2 51 15)-(5 29 12)]
0.714, 0.552523696899414, [(11 18 25)-(11 13 6)-(13 34 21)-(11 63 1)-(2 53 5)]
0.714, 0.5525316741943359, [(10 19 10)-(10 2 7)-(6 53 1)-(12 13 10)-(15 44 29)]
0.714, 0.5525311309814454, [(2 17 11)-(8 5 0)-(4 31 9)-(12 31 26)-(13 23 3)]
0.714, 0.5525316864013672, [(1 2 6)-(5 5 30)-(2 19 1)-(9 34 3)-(12 35 27)]
0.7138, 0.5526591278076172, [(9 27 22)-(2 53 9)-(7 41 0)-(3 23 22)-(4 27 2)]
0.7142999999999999, 0.5524988403320312, [(11 63 26)-(2 43 8)-(11 28 21)-(7 29 19)-(4 49 23)]
0.71, 0.555015283203125, [(11 11 2)-(14 36 21)-(3 15 31)-(7 45 13)-(7 25 0)]
0.714, 0.5525152374267579, [(14 24 18)-(1 52 8)-(1 5 9)-(5 2 15)-(10 41 7)]
0.7138, 0.5525390686035156, [(3 51 23)-(0 62 3)-(3 61 8)-(5 48 13)-(2 29 18)]
0.7130000000000001, 0.552120816040039, [(5 18 29)-(5 25 0)-(11 37 10)-(12 13 20)-(14 41 27)]
0.714, 0.5525303283691406, [(10 38 24)-(11 36 15)-(5 13 25)-(10 48 22)-(13 37 29)]
0.7132000000000001, 0.5523223876953125, [(4 34 16)-(5 7 9)-(7 24 29)-(9 30 8)-(4 16 1)]
0.7135, 0.5523696350097657, [(5 9 24)-(3 27 13)-(7 36 16)-(0 51 26)-(1 7 19)]
0.7129000000000001, 0.5546393951416015, [(15 9 18)-(5 3 13)-(2 23 27)-(6 31 22)-(10 22 19)]
0.714, 0.5525317230224609, [(11 12 5)-(15 63 23)-(8 56 19)-(1 32 19)-(0 31 5)]
0.714, 0.5525317352294922, [(7 30 3)-(0 56 18)-(6 18 3)-(0 54 19)-(12 12 2)]
0.7138, 0.552211752319336, [(7 31 17)-(11 22 13)-(4 19 16)-(5 14 20)-(4 14 24)]
0.7051000000000001, 0.543852572631836, [(4 45 11)-(2 12 5)-(4 13 6)-(1 9 29)-(6 44 23)]
0.7136, 0.5524619140625, [(12 6 4)-(9 63 17)-(2 28 4)-(2 57 13)-(5 25 24)]
0.7141, 0.5526315979003906, [(3 60 24)-(8 59 22)-(15 46 0)-(5 6 31)-(7 9 20)]
0.7138, 0.5526620361328125, [(6 61 21)-(12 29 24)-(7 30 12)-(10 12 29)-(4 25 21)]
0.7142, 0.551793197631836, [(15 21 28)-(1 25 27)-(14 45 14)-(10 27 3)-(6 18 9)]
0.7141, 0.5524123046875, [(3 59 15)-(15 20 20)-(10 57 24)-(14 30 18)-(4 8 22)]
0.7134, 0.553764453125, [(5 57 20)-(15 42 2)-(13 14 31)-(8 63 27)-(6 4 28)]
0.7114, 0.5507298095703126, [(8 29 19)-(7 52 27)-(8 23 25)-(12 51 0)-(10 59 10)]
0.7142999999999999, 0.5527093597412109, [(15 54 8)-(13 51 16)-(2 39 17)-(10 39 30)-(4 6 22)]
0.7068, 0.5494564422607422, [(10 62 29)-(5 1 23)-(12 32 3)-(1 48 20)-(2 51 22)]
0.714, 0.55253173828125, [(10 54 4)-(4 17 6)-(5 46 23)-(15 49 25)-(5 54 27)]
0.7129, 0.5501730926513672, [(15 0 19)-(2 45 17)-(14 43 3)-(4 51 9)-(0 6 28)]
0.714, 0.5525317291259766, [(14 14 9)-(14 58 31)-(13 5 19)-(0 32 23)-(0 33 16)]
0.7124999999999999, 0.5508662597656251, [(9 36 24)-(5 13 7)-(7 7 26)-(9 55 22)-(13 52 30)]
0.714, 0.5525317260742187, [(1 47 6)-(2 59 10)-(8 33 11)-(4 56 20)-(7 63 17)]
0.7107000000000001, 0.5507825225830079, [(9 25 27)-(4 53 6)-(0 15 2)-(10 48 26)-(7 1 8)]
0.7139, 0.5528995147705078, [(13 19 16)-(9 29 28)-(2 2 8)-(15 61 1)-(2 49 25)]
0.7133, 0.552579833984375, [(2 10 25)-(1 48 19)-(1 61 17)-(8 50 30)-(1 53 6)]
0.7079, 0.5455871795654297, [(7 12 1)-(1 48 15)-(0 55 7)-(0 6 23)-(7 26 31)]
0.714, 0.5525314971923828, [(1 48 4)-(15 33 7)-(7 11 10)-(2 61 17)-(7 63 2)]
0.714, 0.5525317230224609, [(1 16 3)-(0 60 3)-(4 33 20)-(6 30 30)-(13 20 17)]
0.6281, 0.503187712097168, [(13 38 4)-(8 0 25)-(15 41 26)-(10 61 4)-(8 26 9)]
0.714, 0.5525317321777343, [(15 52 8)-(15 34 1)-(8 38 25)-(12 54 16)-(7 41 1)]
0.714, 0.552532666015625, [(11 43 1)-(15 59 26)-(5 48 6)-(6 50 25)-(6 20 14)]
0.6228, 0.4810890808105469, [(3 9 15)-(4 4 1)-(5 52 7)-(6 0 27)-(3 29 13)]
0.7138, 0.5525437957763671, [(5 12 20)-(7 59 21)-(14 22 21)-(5 32 10)-(2 3 5)]
0.7114, 0.5525692810058593, [(12 2 1)-(13 43 0)-(7 27 0)-(0 20 24)-(6 25 9)]
0.714, 0.5525319824218751, [(14 45 21)-(13 31 21)-(8 12 15)-(10 48 14)-(15 28 18)]
0.7133, 0.5526440826416016, [(15 23 8)-(3 10 15)-(3 51 27)-(13 56 6)-(4 24 27)]
0.7134, 0.552510498046875, [(4 19 28)-(3 38 23)-(1 50 25)-(5 58 26)-(15 15 8)]
0.7139, 0.5525574081420899, [(3 52 24)-(11 29 10)-(2 23 0)-(4 1 18)-(7 30 8)]
0.7136, 0.5534018493652344, [(2 55 25)-(6 24 20)-(6 27 22)-(12 45 3)-(13 17 10)]
0.7112, 0.5479125274658203, [(12 9 6)-(2 14 23)-(5 26 29)-(2 63 3)-(9 50 4)]
0.7136, 0.5522833496093751, [(12 25 27)-(6 13 18)-(5 52 19)-(13 42 20)-(9 58 13)]
0.714, 0.5525317260742187, [(12 62 19)-(11 48 29)-(0 43 31)-(0 37 27)-(8 56 25)]
0.7142999999999999, 0.5523513458251953, [(8 34 17)-(10 25 0)-(12 3 4)-(9 16 21)-(11 7 22)]
0.714, 0.5525317199707032, [(14 20 22)-(12 39 27)-(1 7 6)-(9 61 30)-(3 44 10)]
0.7143999999999999, 0.5518269653320312, [(11 32 23)-(0 58 29)-(6 63 1)-(5 6 22)-(14 16 2)]
0.714, 0.55253173828125, [(9 51 14)-(13 10 2)-(13 57 30)-(15 27 14)-(10 62 14)]
0.7138, 0.552543701171875, [(5 63 21)-(5 25 17)-(5 52 3)-(8 22 19)-(11 9 15)]
0.7143999999999999, 0.5457600616455078, [(4 58 5)-(0 46 6)-(6 20 2)-(0 56 1)-(15 0 23)]
0.7122999999999999, 0.5495937713623047, [(0 29 26)-(15 18 25)-(5 55 14)-(2 33 20)-(0 23 25)]
0.7142, 0.551224887084961, [(2 7 0)-(7 3 5)-(10 62 7)-(9 16 25)-(5 29 14)]
0.7136, 0.5523651184082031, [(8 18 19)-(11 56 29)-(11 58 3)-(0 32 12)-(11 12 6)]
0.714, 0.5525316894531249, [(9 13 7)-(6 53 12)-(5 30 14)-(6 40 26)-(13 56 15)]
0.714, 0.5525332153320313, [(5 2 7)-(11 21 17)-(6 63 18)-(9 59 3)-(9 51 18)]
0.7133, 0.5522719299316406, [(10 53 13)-(1 11 21)-(12 22 1)-(7 5 13)-(1 63 24)]
0.714, 0.5525319305419922, [(9 29 14)-(14 23 2)-(14 11 25)-(1 43 7)-(14 63 7)]
0.7139, 0.5525437377929687, [(1 60 26)-(15 20 7)-(4 6 19)-(12 56 14)-(10 0 7)]
0.7134, 0.5526240997314453, [(0 13 22)-(5 62 17)-(0 2 30)-(8 56 0)-(5 50 21)]
0.714, 0.5525317230224609, [(0 39 21)-(0 31 21)-(15 52 2)-(2 61 19)-(11 17 30)]
0.7139, 0.5524574615478516, [(2 28 18)-(5 25 18)-(0 36 1)-(1 40 7)-(5 42 7)]
0.7127, 0.5512732025146485, [(15 44 30)-(6 13 26)-(15 61 17)-(6 5 27)-(15 58 22)]
0.7101, 0.5499219177246093, [(13 41 3)-(3 27 29)-(7 52 19)-(11 12 12)-(7 62 28)]
0.7139, 0.5525158111572266, [(4 38 18)-(10 3 16)-(9 61 12)-(5 33 12)-(9 36 1)]
0.714, 0.5525317199707032, [(8 33 3)-(1 6 4)-(14 32 9)-(15 50 25)-(7 34 9)]
0.7132000000000001, 0.5515911529541015, [(5 55 26)-(13 0 19)-(13 32 6)-(14 23 15)-(7 14 4)]
0.714, 0.5526415924072265, [(10 29 19)-(1 23 17)-(12 21 0)-(2 15 19)-(7 26 16)]
0.7143999999999999, 0.5524682922363282, [(10 14 2)-(14 11 18)-(14 29 27)-(3 11 22)-(3 52 30)]
0.7127, 0.5530207916259766, [(11 32 17)-(7 2 3)-(4 3 7)-(9 10 28)-(8 2 0)]
0.714, 0.5525316955566406, [(3 30 1)-(12 8 9)-(2 62 27)-(15 59 23)-(0 47 28)]
0.691, 0.5226509140014648, [(9 11 27)-(13 20 20)-(14 27 3)-(1 1 29)-(6 42 26)]
0.7137, 0.5522045471191406, [(12 7 10)-(7 8 18)-(5 35 19)-(9 60 2)-(12 15 21)]
0.7118, 0.5500552856445313, [(0 43 8)-(6 15 28)-(13 26 2)-(4 56 28)-(13 21 23)]
0.714, 0.5525289886474609, [(5 41 23)-(7 56 22)-(3 42 7)-(11 12 17)-(10 42 19)]
0.7145, 0.5513513549804687, [(11 12 25)-(13 15 20)-(14 34 31)-(14 31 9)-(4 19 29)]
0.6967, 0.5085201675415039, [(12 0 26)-(15 57 13)-(12 38 20)-(12 61 3)-(9 26 19)]
0.7139, 0.5525394470214844, [(13 50 20)-(15 51 27)-(7 43 0)-(9 9 19)-(8 30 7)]
0.7067, 0.5439404724121093, [(8 22 28)-(3 32 16)-(13 52 20)-(1 9 26)-(10 29 2)]
0.7097, 0.5455683959960937, [(3 40 6)-(15 14 5)-(12 11 31)-(3 29 18)-(7 47 20)]
0.7142, 0.5525691375732422, [(1 33 7)-(6 26 22)-(6 50 25)-(10 55 20)-(7 61 16)]
0.714, 0.5525300048828126, [(3 63 6)-(4 51 8)-(8 18 3)-(7 42 26)-(11 7 18)]
0.714, 0.552533120727539, [(10 60 17)-(3 14 14)-(13 29 8)-(14 3 13)-(11 40 2)]
0.714, 0.5525317138671875, [(11 40 0)-(1 17 3)-(13 47 13)-(15 7 0)-(11 36 10)]
0.714, 0.5525380340576171, [(2 15 15)-(0 42 13)-(12 49 21)-(1 41 20)-(10 42 30)]
0.714, 0.5525317199707032, [(0 55 0)-(0 41 0)-(4 50 13)-(10 38 15)-(8 42 27)]
0.714, 0.5525316650390625, [(5 1 7)-(5 29 0)-(5 56 27)-(15 57 8)-(2 46 30)]
0.714, 0.5525317230224609, [(13 25 29)-(9 61 16)-(7 39 27)-(3 33 19)-(1 36 0)]
0.714, 0.5525316833496094, [(7 5 9)-(15 43 3)-(1 16 12)-(11 61 7)-(4 39 9)]
0.7138, 0.5516400604248046, [(5 60 0)-(4 35 9)-(15 39 7)-(6 8 31)-(1 15 13)]
0.7112, 0.549866668701172, [(4 57 5)-(15 16 2)-(6 53 25)-(2 58 12)-(8 17 28)]
0.7132000000000001, 0.5517037017822266, [(3 51 24)-(8 49 4)-(5 34 21)-(12 19 24)-(10 6 4)]
0.714, 0.5525317199707032, [(12 63 6)-(9 5 30)-(2 34 9)-(14 60 13)-(5 60 15)]
0.714, 0.5525317352294923, [(14 38 18)-(1 35 24)-(2 26 4)-(8 30 27)-(1 30 2)]
0.714, 0.5525317230224609, [(15 21 9)-(12 41 15)-(3 48 4)-(5 41 0)-(7 57 2)]
0.714, 0.5525316802978515, [(3 52 17)-(5 13 9)-(5 29 11)-(8 49 15)-(7 29 0)]
0.7145999999999999, 0.5520688354492187, [(5 54 15)-(2 57 17)-(11 24 6)-(11 1 0)-(9 7 24)]
0.714, 0.5525317199707032, [(9 9 2)-(12 36 2)-(8 61 22)-(12 53 31)-(13 12 30)]
0.714, 0.5525317291259766, [(4 40 8)-(6 53 31)-(4 31 4)-(9 57 12)-(13 15 22)]
0.7144999999999999, 0.5502733581542969, [(11 12 29)-(8 9 16)-(5 19 2)-(14 4 8)-(11 12 23)]
0.714, 0.5525317291259766, [(5 61 10)-(5 57 4)-(4 8 4)-(13 13 10)-(7 48 28)]
0.7139, 0.5525176544189453, [(4 49 25)-(10 6 31)-(6 58 29)-(7 35 30)-(0 52 9)]
0.7139, 0.5525346099853516, [(3 61 8)-(9 3 17)-(9 45 24)-(2 38 2)-(7 56 4)]
0.714, 0.5525318389892577, [(10 30 16)-(0 22 14)-(15 41 29)-(0 14 11)-(8 62 5)]
0.7132000000000001, 0.5524523559570312, [(7 50 26)-(7 3 21)-(11 47 30)-(12 19 0)-(12 17 6)]
0.6996, 0.5438114471435547, [(4 10 12)-(10 55 17)-(2 6 3)-(15 58 26)-(2 2 24)]
0.714, 0.5525316650390626, [(0 22 11)-(15 9 5)-(7 18 30)-(4 52 15)-(12 60 7)]
0.7137, 0.5492811462402344, [(2 9 23)-(5 30 16)-(12 44 29)-(2 48 29)-(12 50 19)]
0.714, 0.5525322052001953, [(3 15 12)-(14 1 0)-(6 28 12)-(6 43 16)-(5 42 14)]
0.714, 0.5525317276000976, [(11 39 1)-(11 59 4)-(14 49 15)-(10 8 5)-(6 49 17)]
0.714, 0.5525317291259766, [(14 62 12)-(9 39 10)-(9 34 2)-(10 62 24)-(13 51 17)]
0.7159, 0.5511977630615235, [(8 53 21)-(10 47 25)-(11 19 26)-(15 46 9)-(1 63 20)]
0.714, 0.5525307342529298, [(11 46 2)-(3 53 14)-(0 2 3)-(10 5 9)-(5 3 16)]
0.7067, 0.5549726623535156, [(6 24 27)-(10 7 5)-(0 41 4)-(7 15 14)-(2 12 28)]
0.714, 0.552531674194336, [(11 38 24)-(11 39 14)-(6 39 30)-(11 2 6)-(2 48 2)]
0.7132000000000001, 0.5520837585449219, [(11 15 26)-(3 16 22)-(10 24 11)-(3 33 24)-(7 2 4)]
0.7139, 0.5525250762939453, [(3 60 12)-(4 22 15)-(3 6 15)-(6 26 2)-(0 34 5)]
0.714, 0.5525074279785156, [(6 38 28)-(8 9 6)-(13 37 20)-(2 0 13)-(14 19 15)]
0.7098, 0.543308267211914, [(2 43 18)-(14 2 26)-(10 38 12)-(14 59 5)-(0 48 9)]
0.7135, 0.5537334716796876, [(2 5 25)-(9 25 24)-(15 24 1)-(9 63 10)-(5 43 12)]
0.7122999999999999, 0.5523729370117187, [(12 36 5)-(5 4 16)-(7 27 29)-(5 63 2)-(10 13 31)]
0.7142999999999999, 0.551637158203125, [(4 26 23)-(15 28 7)-(14 0 18)-(10 7 9)-(1 59 31)]
0.7101999999999999, 0.5422594116210937, [(11 8 28)-(13 0 23)-(12 61 15)-(1 47 8)-(4 24 20)]
0.7138, 0.5525178863525391, [(6 41 10)-(10 4 6)-(9 7 18)-(14 61 0)-(12 41 1)]
0.714, 0.5525317138671875, [(7 20 5)-(9 37 1)-(11 32 25)-(3 33 29)-(11 53 7)]
0.7137, 0.5523590118408204, [(1 60 21)-(2 13 7)-(4 0 14)-(9 17 16)-(2 15 21)]
0.714, 0.552531558227539, [(3 48 4)-(14 56 18)-(13 61 26)-(5 22 6)-(15 0 7)]
0.714, 0.5525317291259766, [(2 31 14)-(12 63 29)-(6 17 7)-(6 48 4)-(9 52 20)]
0.7139, 0.552539175415039, [(4 8 18)-(2 61 5)-(6 12 9)-(8 52 4)-(11 42 20)]
0.7146999999999999, 0.5521899291992187, [(5 37 18)-(5 30 9)-(14 22 11)-(14 15 19)-(9 28 29)]
0.714, 0.5525316345214843, [(0 17 5)-(15 58 13)-(14 7 27)-(6 14 9)-(6 53 20)]
0.7132000000000001, 0.5531688964843751, [(11 40 28)-(7 6 24)-(4 54 27)-(11 7 23)-(11 29 11)]
0.714, 0.5525530548095703, [(5 16 21)-(6 60 4)-(15 11 27)-(0 34 9)-(2 24 13)]
0.7061, 0.551922329711914, [(8 3 28)-(10 20 25)-(2 55 29)-(7 25 27)-(15 32 27)]
0.7138, 0.5525060180664063, [(13 23 6)-(8 16 7)-(15 20 30)-(15 36 7)-(10 26 20)]
0.714, 0.5525317169189452, [(9 8 3)-(13 60 7)-(8 35 26)-(3 54 18)-(13 54 31)]
0.7124999999999999, 0.5511205169677734, [(11 59 12)-(7 14 26)-(7 52 1)-(14 42 14)-(14 7 8)]
0.714, 0.5525317474365234, [(8 31 24)-(15 40 26)-(14 20 6)-(14 57 8)-(0 21 6)]
0.7137, 0.5523417236328125, [(0 44 11)-(12 37 20)-(8 18 21)-(12 51 30)-(5 53 18)]
0.7133, 0.552223666381836, [(15 43 4)-(13 26 25)-(13 0 17)-(13 34 18)-(12 5 8)]
0.714, 0.5525318420410157, [(12 39 4)-(11 3 12)-(15 53 7)-(8 25 1)-(10 48 19)]
0.714, 0.5525317230224609, [(15 55 19)-(10 28 7)-(0 17 30)-(4 62 27)-(14 60 26)]
0.7119, 0.5517814025878907, [(4 18 10)-(12 15 22)-(11 5 31)-(0 49 20)-(14 52 14)]
0.714, 0.5525317443847656, [(9 13 30)-(13 49 28)-(8 2 6)-(3 34 3)-(1 15 5)]
0.7142999999999999, 0.5523678436279298, [(11 8 16)-(9 48 26)-(5 5 12)-(12 11 27)-(5 54 2)]
0.714, 0.5525317199707032, [(14 23 17)-(15 55 31)-(4 12 1)-(8 35 23)-(13 52 13)]
0.7132000000000001, 0.5523923309326172, [(7 29 22)-(6 20 29)-(8 0 1)-(6 32 20)-(2 61 31)]
0.714, 0.5525317138671875, [(2 50 19)-(14 21 12)-(6 14 0)-(11 46 4)-(6 49 0)]
0.714, 0.5525317230224609, [(7 58 3)-(7 3 5)-(14 10 14)-(12 31 16)-(7 39 18)]
0.7137, 0.5523996490478515, [(8 28 14)-(11 45 18)-(9 20 21)-(15 20 6)-(4 13 1)]
0.7136, 0.5524990478515625, [(3 14 0)-(5 14 15)-(3 29 24)-(10 10 6)-(9 21 16)]
0.7109, 0.54970244140625, [(6 31 26)-(3 29 0)-(12 17 23)-(11 45 21)-(14 46 3)]
0.714, 0.5525400695800782, [(9 16 4)-(7 6 17)-(6 17 9)-(10 52 18)-(6 51 2)]
0.714, 0.5525317321777343, [(3 51 15)-(8 60 19)-(3 52 3)-(15 47 6)-(11 42 17)]
0.7138, 0.5522072982788087, [(5 29 28)-(14 6 2)-(6 38 7)-(15 43 29)-(5 47 8)]
0.7098, 0.5519483398437499, [(8 17 31)-(13 19 28)-(7 13 31)-(12 30 12)-(9 33 27)]
0.7091000000000001, 0.5475957183837891, [(8 17 4)-(10 29 17)-(9 13 27)-(9 12 14)-(9 53 25)]
0.7136, 0.5528648956298827, [(0 3 19)-(10 41 19)-(3 58 31)-(9 27 9)-(14 60 2)]
0.7139, 0.5525265533447266, [(2 48 21)-(15 35 3)-(4 30 9)-(9 4 9)-(1 21 19)]
0.7137, 0.5526524017333985, [(12 39 9)-(8 24 22)-(10 24 30)-(15 60 3)-(6 20 23)]
0.714, 0.5525317199707032, [(7 63 30)-(13 43 14)-(6 50 23)-(4 41 27)-(6 39 24)]
0.7133, 0.5520429107666016, [(1 40 30)-(3 0 18)-(5 18 23)-(2 55 7)-(6 28 4)]
0.714, 0.5525317169189452, [(5 24 6)-(12 30 31)-(2 41 16)-(5 50 23)-(14 59 0)]
0.714, 0.5525317016601563, [(10 59 21)-(15 8 11)-(14 63 4)-(5 16 8)-(11 50 22)]
0.6990000000000001, 0.5312889511108398, [(4 17 20)-(13 40 27)-(14 33 17)-(12 0 25)-(15 14 8)]
0.714, 0.5525496215820312, [(4 10 11)-(10 45 17)-(9 21 20)-(14 1 15)-(6 49 26)]
0.7123999999999999, 0.552966293334961, [(5 12 28)-(10 9 17)-(1 11 2)-(6 53 14)-(8 49 27)]
0.714, 0.5525317199707032, [(10 33 14)-(7 25 7)-(6 52 11)-(7 37 15)-(7 49 16)]
0.7128000000000001, 0.5492689392089845, [(14 25 20)-(14 63 7)-(12 61 30)-(13 45 26)-(14 1 22)]
0.714, 0.5525317291259766, [(1 16 0)-(5 50 11)-(5 41 31)-(1 53 17)-(5 42 19)]
0.714, 0.5525316589355469, [(9 11 2)-(15 1 10)-(14 13 28)-(9 29 11)-(3 5 13)]
0.7138, 0.5524987945556641, [(9 12 1)-(3 62 27)-(12 16 17)-(8 27 7)-(10 15 21)]
0.7126, 0.5516514038085938, [(6 16 16)-(14 63 31)-(1 20 27)-(13 33 26)-(14 26 1)]
0.7114, 0.5502925659179687, [(8 27 26)-(9 32 18)-(4 32 15)-(13 11 27)-(7 43 31)]
0.714, 0.5525320281982422, [(3 26 14)-(7 55 20)-(15 48 4)-(1 33 22)-(6 35 21)]
0.7133, 0.5525468200683594, [(0 47 24)-(6 5 13)-(15 24 6)-(7 58 12)-(10 13 29)]
0.7149, 0.5504589202880859, [(11 52 28)-(11 20 26)-(8 49 6)-(14 46 12)-(2 58 31)]
0.7116, 0.5490992156982422, [(0 5 31)-(10 43 29)-(13 7 21)-(3 40 4)-(14 18 29)]
0.7145999999999999, 0.5525555175781249, [(12 59 18)-(11 54 13)-(13 49 18)-(11 21 24)-(4 13 7)]
0.714, 0.5525317260742187, [(14 43 3)-(15 62 26)-(1 35 30)-(13 3 29)-(8 63 12)]
0.7139, 0.5524062133789063, [(3 12 28)-(8 30 23)-(2 45 21)-(10 30 26)-(1 32 24)]
0.714, 0.5525321166992188, [(12 34 28)-(3 20 8)-(15 1 13)-(8 31 2)-(6 2 8)]
0.714, 0.5525317230224609, [(13 55 11)-(0 57 27)-(15 6 29)-(1 12 9)-(2 34 14)]
0.714, 0.5525317169189453, [(13 56 1)-(7 43 22)-(13 27 12)-(7 61 0)-(15 36 5)]
0.7135, 0.5525246551513672, [(1 53 2)-(4 16 18)-(5 26 30)-(1 27 1)-(3 3 20)]
0.7139, 0.552525146484375, [(9 50 11)-(3 36 8)-(14 61 18)-(11 42 16)-(1 21 17)]
0.714, 0.5525314483642578, [(13 60 16)-(5 9 11)-(13 11 22)-(11 39 19)-(1 31 13)]
0.7129000000000001, 0.5513222381591797, [(14 28 15)-(5 16 25)-(15 31 9)-(8 57 18)-(10 8 25)]
0.714, 0.5525317321777343, [(10 57 1)-(13 38 20)-(14 32 17)-(4 20 6)-(2 24 6)]
0.7136, 0.5508674224853516, [(10 1 19)-(10 46 17)-(9 11 23)-(7 5 29)-(13 39 7)]
0.7133, 0.5522028137207031, [(9 40 15)-(1 15 9)-(11 9 27)-(1 59 20)-(7 24 26)]
0.7142, 0.5525467407226563, [(7 55 17)-(0 35 30)-(12 25 22)-(4 23 30)-(11 42 24)]
0.7137, 0.5525533081054688, [(10 8 24)-(0 52 5)-(13 18 21)-(2 61 15)-(5 1 6)]
0.7135, 0.5521204254150391, [(2 58 21)-(13 2 22)-(14 22 22)-(3 40 23)-(6 42 26)]
0.714, 0.5525319061279297, [(15 46 29)-(2 60 1)-(1 7 12)-(15 30 9)-(14 36 30)]
0.714, 0.5525317352294923, [(5 51 7)-(15 32 10)-(4 55 22)-(8 51 10)-(15 6 29)]
0.714, 0.5525317291259766, [(14 62 29)-(8 40 4)-(0 32 2)-(7 42 4)-(8 48 12)]
0.714, 0.5525316375732422, [(14 30 7)-(10 14 10)-(1 48 15)-(2 60 26)-(12 60 7)]
0.714, 0.5525314544677735, [(11 2 8)-(13 49 28)-(13 26 8)-(7 12 10)-(15 32 25)]
0.714, 0.5525317138671875, [(5 16 7)-(15 16 7)-(11 41 9)-(15 50 28)-(8 45 11)]
0.7132000000000001, 0.5521109283447265, [(10 54 19)-(0 23 22)-(7 10 15)-(5 7 6)-(4 55 24)]
0.714, 0.5525324829101562, [(2 36 23)-(7 57 12)-(3 4 14)-(15 24 17)-(6 4 3)]
0.714, 0.5525371673583985, [(7 6 4)-(15 51 16)-(9 23 18)-(4 43 27)-(13 8 29)]
0.7132000000000001, 0.5521260040283202, [(2 3 0)-(8 23 24)-(2 3 20)-(3 40 29)-(7 30 0)]
0.6994, 0.5281676986694336, [(8 34 1)-(15 7 28)-(2 60 22)-(2 8 28)-(6 30 5)]
0.7132000000000001, 0.5526351135253906, [(1 42 24)-(1 50 14)-(11 13 23)-(14 25 9)-(8 57 28)]
0.714, 0.55253173828125, [(6 40 20)-(13 26 27)-(8 37 6)-(13 32 9)-(8 63 13)]
0.714, 0.5525317199707032, [(14 32 9)-(6 43 4)-(15 5 23)-(11 49 7)-(14 31 24)]
0.7139, 0.5525208099365235, [(1 25 19)-(10 39 30)-(1 22 12)-(12 20 7)-(12 41 19)]
0.7115, 0.5528517761230469, [(4 43 19)-(2 19 19)-(13 48 17)-(5 61 10)-(8 10 27)]
0.7117, 0.5535982879638672, [(3 15 24)-(4 59 3)-(2 20 29)-(15 50 31)-(4 13 9)]
0.714, 0.5525317321777343, [(7 32 22)-(0 16 7)-(13 53 9)-(5 37 8)-(9 47 2)]
0.7139, 0.5522261016845703, [(5 14 8)-(2 0 16)-(7 9 17)-(12 2 19)-(12 13 12)]
0.7099, 0.550333285522461, [(3 11 26)-(8 52 16)-(15 42 13)-(4 63 2)-(1 39 31)]
0.7131000000000001, 0.5527547454833985, [(14 44 19)-(6 5 24)-(0 58 1)-(7 39 24)-(4 51 12)]
0.7134, 0.5523471771240235, [(5 9 22)-(15 4 12)-(7 42 8)-(13 47 8)-(8 19 5)]
0.714, 0.5525316009521484, [(7 24 14)-(9 49 12)-(10 62 17)-(10 4 6)-(10 62 15)]
0.714, 0.5525316162109375, [(2 1 1)-(2 47 7)-(8 27 10)-(8 61 1)-(5 42 20)]
0.714, 0.5525317230224609, [(5 16 2)-(14 20 19)-(7 44 6)-(8 58 1)-(0 31 5)]
0.7139, 0.5525300415039063, [(8 60 20)-(4 52 27)-(5 30 6)-(5 27 31)-(9 4 19)]
0.714, 0.5525317291259766, [(12 48 8)-(4 24 25)-(1 45 24)-(0 55 24)-(15 8 16)]
0.7114, 0.5565526641845704, [(6 27 26)-(1 52 28)-(8 16 15)-(3 61 10)-(6 45 0)]
0.7107, 0.5500529113769531, [(1 32 1)-(7 16 18)-(1 6 26)-(11 10 20)-(12 25 22)]
0.714, 0.5525317291259766, [(7 49 29)-(2 55 19)-(3 52 29)-(4 32 2)-(0 53 3)]
0.7137, 0.552584326171875, [(6 56 16)-(6 57 8)-(11 19 15)-(6 29 11)-(8 6 18)]
0.714, 0.5525292205810547, [(3 33 8)-(0 53 15)-(2 32 23)-(9 28 5)-(0 17 13)]
0.7142, 0.5531723358154297, [(0 29 30)-(1 7 25)-(14 48 28)-(5 31 6)-(12 45 23)]
0.714, 0.5525310363769531, [(0 13 16)-(3 52 6)-(7 54 3)-(3 17 11)-(4 57 24)]
0.712, 0.5515932189941406, [(2 0 11)-(8 33 9)-(3 9 18)-(12 32 5)-(8 9 25)]
0.713, 0.5503713180541991, [(10 18 25)-(13 38 10)-(14 47 31)-(8 42 23)-(2 56 2)]
0.7127, 0.5520888702392578, [(8 0 3)-(14 47 13)-(10 1 10)-(1 8 25)-(12 44 14)]
0.7110000000000001, 0.5512142395019531, [(13 29 15)-(5 26 29)-(4 9 6)-(9 24 15)-(13 3 9)]
0.714, 0.552526579284668, [(3 26 19)-(9 12 20)-(10 45 11)-(10 11 14)-(2 32 18)]
0.7139, 0.5526461975097656, [(3 49 17)-(15 0 14)-(5 50 0)-(3 8 23)-(4 22 7)]
0.7139, 0.5522894317626953, [(3 10 0)-(3 14 24)-(9 55 21)-(7 63 0)-(4 18 27)]
0.714, 0.5525616516113281, [(2 3 13)-(3 8 19)-(8 53 4)-(14 22 20)-(8 48 30)]
0.7121, 0.5499632415771485, [(11 20 14)-(1 59 27)-(5 38 8)-(4 21 8)-(6 9 26)]
0.7133, 0.5530110198974609, [(6 3 26)-(4 8 18)-(2 16 20)-(5 38 19)-(13 58 21)]
0.7138, 0.5524692382812499, [(6 7 7)-(14 58 23)-(0 15 3)-(4 20 20)-(15 2 17)]
0.714, 0.5525321411132813, [(1 29 14)-(8 62 26)-(0 42 28)-(0 14 12)-(12 3 10)]
0.7129, 0.5507350311279298, [(9 50 21)-(2 24 11)-(13 23 21)-(9 7 29)-(7 24 29)]
0.714, 0.5525317291259766, [(11 27 5)-(5 59 3)-(8 3 30)-(5 11 1)-(12 46 24)]
0.714, 0.5525337951660156, [(4 24 18)-(2 48 12)-(5 54 1)-(1 15 0)-(4 53 27)]
0.714, 0.5525315490722656, [(0 54 29)-(5 12 11)-(12 20 9)-(4 5 13)-(5 20 10)]
0.7136, 0.5507595581054687, [(12 2 5)-(6 10 27)-(2 26 28)-(0 40 13)-(0 61 25)]
0.7136, 0.5531329803466797, [(3 2 20)-(3 9 4)-(1 11 10)-(5 10 3)-(1 52 8)]
0.7148, 0.5514847381591796, [(9 27 20)-(11 41 8)-(7 44 0)-(11 5 29)-(3 14 24)]
0.714, 0.5525432159423829, [(3 19 19)-(1 38 5)-(15 40 11)-(10 56 28)-(6 61 17)]
0.714, 0.5525317291259766, [(4 63 24)-(7 60 8)-(14 61 29)-(12 32 17)-(3 49 7)]
0.714, 0.5525330383300782, [(7 9 3)-(2 22 14)-(14 4 14)-(12 59 19)-(15 46 17)]
0.714, 0.5525304748535156, [(9 46 30)-(10 57 19)-(2 41 22)-(11 31 17)-(11 1 12)]
0.714, 0.5525317291259766, [(2 55 20)-(7 34 23)-(0 47 23)-(11 48 29)-(4 38 17)]
0.7136, 0.5523338256835938, [(10 26 23)-(11 49 13)-(2 2 12)-(8 42 18)-(12 19 0)]
0.7129, 0.5513891082763672, [(15 0 20)-(2 28 30)-(14 24 14)-(5 54 8)-(13 45 21)]
0.714, 0.5525316680908203, [(8 62 5)-(5 58 25)-(10 34 5)-(6 42 31)-(4 21 8)]
0.714, 0.5525313354492187, [(10 37 31)-(7 19 13)-(13 31 6)-(6 50 15)-(4 63 15)]
0.714, 0.552531901550293, [(1 26 10)-(10 60 15)-(5 16 16)-(0 11 15)-(4 42 12)]
0.7139, 0.5525126342773438, [(7 47 21)-(4 51 17)-(14 31 21)-(2 63 27)-(4 12 18)]
0.714, 0.5525317321777343, [(8 12 2)-(14 3 14)-(4 23 1)-(8 56 22)-(11 53 20)]
0.713, 0.547637417602539, [(2 19 22)-(4 6 9)-(3 53 31)-(5 5 19)-(4 14 24)]
0.714, 0.5525315704345704, [(5 34 2)-(14 44 19)-(3 12 30)-(14 17 6)-(14 1 8)]
0.7113, 0.5544913146972656, [(1 26 13)-(1 24 28)-(11 52 7)-(15 13 15)-(3 24 14)]
0.714, 0.5525316970825196, [(3 54 5)-(2 17 7)-(15 46 14)-(15 40 21)-(12 43 29)]
0.7126, 0.5521773254394531, [(3 63 4)-(15 7 6)-(1 42 29)-(2 25 9)-(3 27 22)]
0.7130000000000001, 0.5524157897949219, [(12 1 17)-(15 20 7)-(9 26 1)-(10 3 21)-(5 10 16)]
0.714, 0.5525332885742187, [(2 60 24)-(1 26 16)-(8 56 0)-(0 13 5)-(7 46 8)]
0.714, 0.5525317199707032, [(11 51 1)-(2 36 21)-(14 9 23)-(10 57 7)-(2 47 13)]
0.7133, 0.5525417785644531, [(1 26 9)-(4 57 12)-(9 63 16)-(11 9 20)-(12 55 16)]
0.714, 0.5525317199707032, [(8 43 30)-(4 45 10)-(5 59 18)-(14 31 3)-(2 7 1)]
0.7139, 0.5515099853515625, [(10 32 25)-(13 3 8)-(6 58 31)-(14 19 25)-(2 16 24)]
0.714, 0.5525318145751953, [(0 41 6)-(4 34 28)-(4 8 13)-(0 51 0)-(12 22 14)]
0.7139, 0.5516654846191407, [(0 3 10)-(1 62 6)-(4 15 27)-(3 62 22)-(3 28 20)]
0.714, 0.5525317321777343, [(8 50 12)-(15 30 25)-(14 37 16)-(9 58 23)-(10 56 22)]
0.714, 0.5525317138671875, [(6 60 9)-(2 38 3)-(6 49 20)-(15 15 23)-(6 14 2)]
0.714, 0.5525317321777343, [(6 37 27)-(12 35 11)-(13 55 14)-(9 42 2)-(7 42 25)]
0.714, 0.5525317230224609, [(15 58 5)-(2 61 14)-(14 52 21)-(15 55 31)-(9 47 30)]
0.7137, 0.5525934661865234, [(10 14 3)-(10 9 22)-(14 54 23)-(4 30 7)-(7 42 2)]
0.714, 0.5525326324462891, [(3 10 19)-(4 62 26)-(12 63 22)-(4 48 8)-(5 50 6)]
0.5991, 0.4869031829833984, [(8 31 1)-(7 0 25)-(6 45 10)-(5 36 30)-(9 38 4)]
0.7141, 0.5525226379394532, [(9 25 0)-(10 18 17)-(4 27 4)-(12 7 9)-(10 36 21)]
0.714, 0.5525220520019531, [(9 32 15)-(14 35 5)-(15 63 27)-(9 12 23)-(0 1 8)]
0.7139, 0.5525149810791016, [(13 31 15)-(11 40 11)-(8 0 1)-(2 57 20)-(5 18 21)]
0.7139, 0.5523998657226563, [(1 32 22)-(0 22 19)-(15 34 31)-(5 36 31)-(1 3 18)]
0.714, 0.5525317077636719, [(1 3 6)-(15 10 25)-(5 58 1)-(7 16 3)-(14 59 16)]
0.7138, 0.5519944854736328, [(3 11 0)-(7 46 30)-(11 15 27)-(14 62 2)-(3 26 16)]
0.714, 0.5525317321777343, [(6 47 20)-(9 37 19)-(1 16 4)-(13 47 7)-(2 63 25)]
0.7137, 0.5526532470703125, [(8 8 6)-(0 38 21)-(7 23 25)-(6 60 20)-(0 14 20)]
0.7139, 0.5526386322021484, [(9 48 6)-(4 39 31)-(15 20 14)-(12 38 7)-(4 3 20)]
0.714, 0.5525311767578125, [(8 1 4)-(12 44 15)-(6 44 8)-(3 0 10)-(14 44 18)]
0.7072, 0.5479448211669922, [(4 15 2)-(11 7 10)-(8 1 26)-(1 23 1)-(2 46 23)]
0.7112, 0.5524418212890625, [(9 27 25)-(5 17 3)-(15 38 26)-(7 38 19)-(5 38 0)]
0.7128, 0.5493962615966796, [(15 21 16)-(12 54 30)-(12 58 18)-(5 16 31)-(4 24 31)]
0.714, 0.5525307891845703, [(3 51 14)-(8 11 14)-(10 5 15)-(6 30 11)-(5 19 9)]
0.714, 0.5525317169189452, [(9 39 29)-(5 50 25)-(10 35 23)-(10 59 17)-(4 40 31)]
0.714, 0.5525315948486329, [(12 1 9)-(12 0 0)-(6 17 5)-(7 56 31)-(12 55 2)]
0.714, 0.5525317199707032, [(3 20 30)-(7 34 0)-(12 61 17)-(12 47 30)-(2 28 5)]
0.714, 0.5525317230224609, [(8 25 30)-(4 63 14)-(15 22 20)-(14 4 14)-(10 50 27)]
0.714, 0.5525290405273438, [(7 2 5)-(9 26 1)-(10 22 16)-(4 58 28)-(13 18 3)]
0.7109, 0.5493764129638672, [(3 62 21)-(5 21 29)-(7 11 27)-(4 7 1)-(4 33 23)]
0.7139, 0.5524256530761719, [(0 50 12)-(2 52 3)-(9 15 22)-(10 12 21)-(13 58 30)]
0.7128, 0.5532959838867187, [(1 44 27)-(9 21 27)-(13 28 5)-(2 24 13)-(9 17 7)]
0.6983, 0.5034191146850586, [(13 0 26)-(11 49 18)-(6 63 16)-(10 23 4)-(13 30 24)]
0.714, 0.5525316650390625, [(15 14 6)-(11 48 17)-(10 46 11)-(15 20 3)-(7 10 13)]
0.7135, 0.5508910614013671, [(8 50 5)-(2 44 1)-(7 21 0)-(13 0 20)-(7 56 28)]
0.714, 0.5525317321777343, [(8 35 27)-(13 23 0)-(10 55 6)-(12 61 21)-(7 49 9)]
0.7104, 0.5508482757568359, [(11 39 1)-(7 12 19)-(13 2 22)-(5 26 26)-(12 39 17)]
0.7139, 0.5524843109130859, [(2 34 0)-(1 23 18)-(7 4 2)-(7 57 4)-(13 39 13)]
0.7139, 0.5525131927490234, [(3 25 17)-(2 63 0)-(15 30 28)-(6 62 2)-(14 53 18)]
0.714, 0.5525317230224609, [(7 45 4)-(5 41 12)-(3 21 30)-(14 39 18)-(4 37 25)]
0.714, 0.5525314544677735, [(13 12 5)-(12 44 27)-(2 9 9)-(8 54 31)-(2 19 3)]
0.714, 0.5525317321777343, [(7 25 2)-(13 62 29)-(4 56 22)-(14 14 11)-(0 35 29)]
0.7134, 0.5524064422607422, [(13 56 29)-(13 31 3)-(0 30 17)-(0 54 24)-(0 26 26)]
0.7133, 0.553321420288086, [(9 24 24)-(9 40 17)-(4 17 24)-(10 43 10)-(15 15 11)]
0.7138, 0.5524967712402343, [(10 12 23)-(8 55 16)-(4 3 6)-(2 14 19)-(7 6 12)]
0.7124999999999999, 0.551120394897461, [(4 42 2)-(3 53 28)-(5 6 11)-(0 31 31)-(7 14 26)]
0.714, 0.5525320495605469, [(6 27 10)-(1 13 2)-(9 48 4)-(15 52 18)-(7 6 1)]
0.714, 0.5525397674560547, [(3 0 4)-(5 16 12)-(8 36 9)-(5 39 12)-(12 27 19)]
0.7065, 0.5471108215332031, [(1 27 14)-(1 50 16)-(3 6 29)-(11 53 24)-(6 50 0)]
0.7139, 0.5524782165527343, [(11 39 16)-(8 18 17)-(14 9 6)-(7 28 4)-(14 5 27)]
0.7127, 0.5544040985107421, [(12 23 30)-(5 35 25)-(5 21 11)-(2 24 28)-(12 13 2)]
0.7134, 0.5524354446411133, [(12 62 25)-(9 41 25)-(6 28 20)-(5 1 3)-(0 11 23)]
0.7135, 0.5529883422851563, [(3 6 15)-(15 28 21)-(3 4 25)-(8 27 0)-(11 45 4)]
0.714, 0.5525294952392579, [(2 32 9)-(3 7 1)-(7 25 17)-(15 35 7)-(3 45 31)]
0.714, 0.5525318725585937, [(9 20 6)-(10 37 15)-(14 36 9)-(11 9 16)-(8 37 10)]
0.714, 0.5525317153930664, [(4 37 12)-(11 57 24)-(14 34 21)-(1 45 28)-(5 14 3)]
0.714, 0.5525309814453125, [(1 3 11)-(2 57 26)-(4 1 5)-(12 32 30)-(1 46 25)]
0.7136, 0.5524671356201172, [(6 33 23)-(0 55 14)-(0 59 10)-(9 3 4)-(12 9 22)]
0.7136, 0.55259794921875, [(4 6 20)-(12 37 12)-(3 1 9)-(2 40 14)-(3 16 20)]
0.7139, 0.5524153106689453, [(3 44 22)-(14 22 1)-(3 18 1)-(0 8 29)-(0 46 8)]
0.714, 0.5525317291259766, [(1 46 16)-(8 30 19)-(9 12 7)-(11 46 22)-(5 42 1)]
0.714, 0.5525317169189453, [(14 55 2)-(11 42 7)-(1 26 8)-(0 51 10)-(2 34 17)]
0.7107, 0.5494507873535157, [(2 52 25)-(8 19 28)-(10 19 25)-(6 15 0)-(14 50 9)]
0.7121, 0.5528062911987305, [(3 49 12)-(7 6 11)-(10 41 15)-(8 8 29)-(15 56 20)]
0.714, 0.5524364929199219, [(2 15 16)-(2 19 18)-(0 52 6)-(5 24 17)-(13 44 8)]
0.714, 0.5525317230224609, [(7 53 1)-(2 50 0)-(9 47 26)-(14 18 18)-(7 61 24)]
0.714, 0.5525317321777343, [(10 34 29)-(1 38 16)-(14 36 1)-(9 36 5)-(14 48 5)]
0.714, 0.5526285705566406, [(0 13 29)-(9 44 5)-(1 50 8)-(9 30 9)-(11 10 18)]
0.714, 0.5525315734863281, [(14 58 14)-(10 51 0)-(14 7 31)-(14 55 4)-(14 1 8)]
0.7136, 0.5520041778564453, [(4 28 25)-(6 57 22)-(13 42 27)-(10 32 10)-(11 11 30)]
0.7123999999999999, 0.5510766906738281, [(5 61 16)-(8 10 9)-(15 47 2)-(11 11 21)-(11 6 28)]
0.7139, 0.55272509765625, [(10 9 0)-(12 3 22)-(8 49 13)-(8 16 21)-(11 56 13)]
0.6632, 0.5191298431396485, [(3 0 27)-(8 7 10)-(2 62 15)-(5 17 27)-(10 30 16)]
0.7139, 0.5525678070068359, [(12 30 16)-(5 20 19)-(1 56 11)-(7 49 30)-(6 52 22)]
0.7136, 0.5525393493652344, [(3 19 28)-(3 26 18)-(6 26 11)-(12 45 18)-(0 15 8)]
0.714, 0.5525317352294922, [(7 61 0)-(3 43 29)-(1 55 28)-(15 9 20)-(0 57 0)]
0.714, 0.5525309661865234, [(14 5 13)-(1 47 13)-(8 27 1)-(8 9 14)-(2 2 30)]
0.7135, 0.5525403228759767, [(1 9 17)-(8 51 7)-(11 62 7)-(11 24 22)-(3 22 1)]
0.7001999999999999, 0.5328072799682617, [(14 1 27)-(3 29 1)-(14 30 4)-(6 42 12)-(6 63 18)]
0.7130000000000001, 0.552218569946289, [(2 30 15)-(13 45 29)-(9 19 28)-(0 36 11)-(4 11 29)]
0.7117, 0.5537443115234375, [(1 15 31)-(13 23 7)-(0 22 10)-(0 21 0)-(8 42 2)]
0.7109, 0.5496552490234374, [(2 45 7)-(0 35 4)-(10 11 19)-(12 17 23)-(4 26 3)]
0.714, 0.5525316680908203, [(12 54 11)-(8 27 8)-(0 35 21)-(6 55 16)-(5 1 3)]
0.7138, 0.5522877655029297, [(2 8 18)-(14 2 7)-(9 18 16)-(5 15 19)-(9 58 28)]
0.714, 0.5525313171386719, [(9 8 0)-(8 15 6)-(4 26 10)-(11 57 31)-(4 58 9)]
0.714, 0.5525317291259766, [(2 52 8)-(1 50 9)-(8 53 29)-(0 57 16)-(2 11 0)]
0.714, 0.5525296936035157, [(5 15 15)-(1 46 16)-(0 39 25)-(6 39 13)-(4 49 15)]
0.7137, 0.552452278137207, [(6 48 31)-(14 12 12)-(9 35 26)-(5 10 3)-(12 2 20)]
0.714, 0.5525317321777343, [(10 38 19)-(15 50 22)-(7 47 18)-(14 22 4)-(13 44 27)]
0.714, 0.5525317230224609, [(1 48 25)-(5 63 24)-(12 60 1)-(12 29 0)-(11 44 13)]
0.7067, 0.5467660034179687, [(15 54 21)-(15 0 7)-(5 13 10)-(3 58 16)-(12 26 28)]
0.7137, 0.5525527954101563, [(0 30 24)-(12 51 16)-(8 3 17)-(5 43 3)-(11 39 4)]
0.714, 0.5525318817138671, [(3 56 8)-(11 16 13)-(11 15 0)-(13 9 27)-(6 40 24)]
0.714, 0.5525317230224609, [(13 31 20)-(9 56 21)-(2 61 29)-(2 55 28)-(0 41 8)]
0.714, 0.5525316253662109, [(7 31 20)-(11 8 11)-(12 8 13)-(7 58 30)-(1 26 7)]
0.7134, 0.5531496734619141, [(8 24 27)-(3 26 18)-(7 36 13)-(1 32 11)-(8 4 10)]
0.714, 0.5525315948486328, [(8 10 3)-(10 11 10)-(2 55 7)-(2 34 21)-(7 46 29)]
0.7137, 0.5525462036132813, [(11 55 16)-(3 23 3)-(7 22 5)-(0 18 5)-(12 29 22)]
0.714, 0.552530908203125, [(7 20 11)-(5 55 22)-(15 49 8)-(15 22 30)-(2 16 0)]
0.6952, 0.5475677001953125, [(7 17 28)-(15 56 26)-(7 3 20)-(11 3 31)-(6 31 26)]
0.714, 0.5525317321777343, [(3 52 2)-(9 4 9)-(0 38 9)-(12 58 19)-(1 21 1)]
0.7141, 0.5522258117675781, [(11 29 15)-(4 32 22)-(2 52 22)-(15 2 22)-(2 39 23)]
0.7136, 0.5523702163696289, [(8 37 23)-(15 53 11)-(10 22 30)-(7 33 4)-(4 9 25)]
0.7137, 0.5524462585449219, [(11 26 17)-(6 20 6)-(3 35 11)-(12 10 26)-(5 48 21)]
0.714, 0.5525317352294922, [(1 26 1)-(0 52 16)-(5 25 8)-(10 48 28)-(4 44 30)]
0.6836, 0.5313957061767578, [(10 1 31)-(11 45 11)-(15 40 13)-(7 42 16)-(5 12 9)]
0.7144999999999999, 0.5502727600097657, [(8 50 26)-(11 12 29)-(15 62 9)-(8 42 17)-(4 49 17)]
0.714, 0.5525382263183594, [(3 18 9)-(0 36 9)-(2 34 1)-(2 36 27)-(2 18 16)]
0.7117, 0.5500760467529298, [(6 52 9)-(6 47 18)-(11 42 31)-(10 18 26)-(7 35 9)]
0.714, 0.5524722381591797, [(10 3 7)-(2 16 20)-(2 42 3)-(15 41 8)-(15 41 27)]
0.714, 0.5525315307617187, [(10 62 3)-(7 27 4)-(7 54 2)-(7 28 13)-(1 37 23)]
0.714, 0.5525341125488281, [(12 43 30)-(9 11 17)-(2 11 9)-(13 62 3)-(9 52 7)]
0.714, 0.5525317016601563, [(9 26 30)-(10 5 8)-(15 39 26)-(9 48 3)-(5 22 5)]
0.7134, 0.5525797882080078, [(6 33 27)-(4 17 11)-(15 29 15)-(10 27 6)-(9 17 24)]
0.714, 0.5525317230224609, [(15 30 29)-(10 4 30)-(13 21 9)-(9 52 2)-(12 54 19)]
0.7131000000000001, 0.5515205841064453, [(2 45 28)-(0 22 4)-(0 27 22)-(5 29 24)-(12 19 30)]
0.714, 0.5525317230224609, [(14 35 14)-(12 53 13)-(14 37 27)-(12 1 6)-(12 28 5)]
0.7145999999999999, 0.551313688659668, [(11 5 28)-(6 59 17)-(8 58 22)-(12 29 15)-(5 35 0)]
0.7138, 0.5526418701171875, [(7 48 29)-(13 19 28)-(10 25 25)-(10 20 17)-(9 61 5)]
0.7101, 0.5479950012207031, [(1 1 22)-(10 36 20)-(7 43 31)-(3 3 6)-(5 63 6)]
0.714, 0.5525317230224609, [(13 47 26)-(2 63 20)-(1 33 29)-(13 59 25)-(12 35 24)]
0.7144999999999999, 0.5523975830078125, [(4 1 2)-(15 62 20)-(14 7 30)-(11 20 20)-(5 47 5)]
0.7137, 0.5526524353027344, [(14 21 25)-(6 4 20)-(15 35 2)-(8 37 30)-(11 27 16)]
0.714, 0.5525317138671875, [(12 26 4)-(4 33 6)-(15 13 19)-(10 61 20)-(7 40 10)]
0.7138, 0.5525351745605469, [(13 32 15)-(7 15 9)-(5 23 22)-(14 57 1)-(12 16 10)]
0.7137, 0.5536196075439453, [(11 53 23)-(15 4 20)-(11 24 3)-(6 32 18)-(2 28 31)]
0.714, 0.5525317291259766, [(4 57 29)-(0 24 0)-(15 3 9)-(6 61 19)-(2 50 7)]
0.7138, 0.552615380859375, [(3 26 23)-(6 62 29)-(4 46 17)-(5 34 8)-(0 37 8)]
0.714, 0.5525317291259766, [(15 45 9)-(8 30 12)-(12 56 24)-(2 30 21)-(7 31 14)]
0.714, 0.5525316741943359, [(10 59 0)-(7 54 13)-(11 37 6)-(11 43 16)-(8 27 8)]
0.714, 0.5525354766845703, [(13 10 16)-(2 6 13)-(15 40 1)-(4 48 12)-(5 22 9)]
0.714, 0.5525317138671875, [(13 61 13)-(7 32 13)-(10 27 2)-(9 2 2)-(2 50 19)]
0.714, 0.5525318298339844, [(12 43 13)-(6 43 2)-(2 27 8)-(2 5 11)-(13 10 1)]
0.714, 0.5525315765380859, [(4 39 8)-(14 8 4)-(12 10 20)-(3 52 12)-(11 16 30)]
0.7139, 0.5525323944091797, [(10 52 8)-(7 32 6)-(1 19 17)-(14 33 6)-(2 35 21)]
0.714, 0.5525220642089843, [(15 50 12)-(12 47 30)-(5 19 15)-(2 2 6)-(3 2 14)]
0.7123, 0.5524908996582032, [(13 29 27)-(2 57 26)-(11 4 31)-(0 42 26)-(6 63 9)]
0.6756, 0.5311334213256835, [(13 12 10)-(15 45 27)-(8 60 25)-(5 9 31)-(13 35 7)]
0.714, 0.5525317230224609, [(14 36 19)-(15 28 25)-(1 59 19)-(11 41 23)-(8 31 28)]
0.714, 0.5525317260742187, [(15 29 2)-(12 57 19)-(7 40 4)-(3 48 5)-(7 62 16)]
0.714, 0.552531396484375, [(9 53 8)-(11 23 30)-(7 51 10)-(7 63 8)-(1 1 9)]
0.714, 0.5525317260742187, [(6 32 30)-(15 34 16)-(0 53 6)-(0 62 25)-(2 59 12)]
0.7137, 0.5528353500366211, [(14 8 8)-(9 11 28)-(5 7 11)-(11 40 7)-(9 30 20)]
0.6993, 0.5281531127929687, [(8 27 7)-(9 35 28)-(2 8 27)-(9 5 18)-(3 27 6)]
0.714, 0.5525317291259766, [(0 46 14)-(3 42 14)-(9 50 31)-(10 57 1)-(14 39 24)]
0.7123999999999999, 0.5508723083496094, [(8 5 27)-(12 22 5)-(6 35 18)-(10 26 11)-(11 31 23)]
0.714, 0.5525350708007812, [(2 7 15)-(13 43 20)-(1 50 5)-(0 18 14)-(0 53 7)]
0.714, 0.5525328521728516, [(0 1 0)-(11 38 0)-(2 61 18)-(12 6 12)-(3 19 18)]
0.7146999999999999, 0.5521899200439453, [(13 47 7)-(2 34 17)-(8 31 0)-(10 52 12)-(9 28 28)]
0.714, 0.5525317291259766, [(7 51 18)-(14 15 13)-(6 36 5)-(3 10 11)-(4 59 25)]
0.7138, 0.552609701538086, [(13 20 4)-(13 12 6)-(9 27 24)-(12 62 31)-(3 42 27)]
0.714, 0.5525314575195313, [(9 38 25)-(10 6 11)-(0 5 30)-(9 59 23)-(12 11 4)]
0.714, 0.5525317291259766, [(12 31 8)-(10 52 7)-(12 52 30)-(3 60 16)-(15 4 4)]
0.7139, 0.5524960479736328, [(1 62 24)-(2 21 15)-(6 59 27)-(13 31 24)-(7 21 7)]
0.7138, 0.5525009613037108, [(14 3 8)-(4 22 28)-(15 10 5)-(7 1 14)-(15 25 31)]
0.714, 0.5525300415039063, [(14 10 12)-(11 24 9)-(5 19 13)-(8 37 9)-(14 40 11)]
0.7139, 0.5525338226318359, [(14 23 17)-(13 4 26)-(9 17 17)-(14 31 13)-(1 45 2)]
0.714, 0.5525317108154297, [(7 41 27)-(8 51 12)-(13 13 16)-(15 7 8)-(9 7 9)]
0.7139, 0.5524377929687501, [(14 58 4)-(0 20 0)-(6 14 18)-(14 52 7)-(10 5 6)]
0.7130000000000001, 0.552705810546875, [(5 53 22)-(14 31 21)-(8 27 12)-(6 27 10)-(11 22 29)]
0.714, 0.5525317413330078, [(11 54 3)-(5 48 14)-(11 63 2)-(9 28 2)-(7 14 0)]
0.714, 0.5525317260742187, [(7 32 12)-(1 22 2)-(14 34 26)-(2 56 11)-(14 3 18)]
0.702, 0.5422899017333984, [(15 1 27)-(14 2 8)-(0 24 18)-(4 39 15)-(13 55 5)]
0.7139, 0.5525971832275391, [(12 57 11)-(9 33 1)-(7 6 20)-(11 42 28)-(8 42 11)]
0.7139, 0.5525172424316407, [(12 24 6)-(13 25 28)-(1 2 18)-(4 56 14)-(11 49 24)]
0.667, 0.5533981048583985, [(9 56 0)-(5 0 25)-(0 52 4)-(0 46 13)-(6 13 2)]
0.7137, 0.5512976379394532, [(6 41 0)-(15 15 28)-(15 19 12)-(6 25 31)-(7 15 8)]
0.714, 0.5525317260742187, [(0 31 15)-(1 51 22)-(15 40 11)-(13 33 7)-(9 33 10)]
0.714, 0.5525317321777343, [(6 29 13)-(9 38 6)-(6 32 18)-(14 8 9)-(13 58 21)]
0.7142999999999999, 0.5524321258544922, [(0 5 1)-(6 48 12)-(11 11 28)-(1 49 9)-(6 32 6)]
0.714, 0.5525303405761719, [(10 24 4)-(3 5 17)-(14 9 28)-(6 59 6)-(13 8 25)]
0.714, 0.5525324890136718, [(3 35 2)-(0 32 9)-(5 58 16)-(3 4 14)-(11 61 11)]
0.714, 0.5525202575683594, [(3 13 20)-(11 53 21)-(13 3 2)-(3 39 14)-(12 60 14)]
0.714, 0.5525375030517579, [(4 23 20)-(14 45 18)-(15 20 5)-(2 50 16)-(0 59 0)]
0.714, 0.5525317260742187, [(9 21 2)-(2 30 0)-(15 26 15)-(3 59 8)-(12 45 16)]
0.7142, 0.5525920593261718, [(0 50 3)-(12 16 7)-(11 3 1)-(0 21 19)-(11 4 22)]
0.714, 0.5525315917968749, [(0 42 6)-(5 46 28)-(4 62 5)-(6 34 0)-(3 13 15)]
0.714, 0.5525317260742187, [(12 63 27)-(13 46 2)-(9 47 11)-(10 60 24)-(2 39 2)]
0.7138, 0.5524906890869141, [(15 20 1)-(13 0 15)-(11 20 0)-(9 61 9)-(1 4 30)]
0.714, 0.5525326965332031, [(13 9 5)-(3 33 3)-(2 50 13)-(10 16 15)-(13 31 18)]
0.7094, 0.5476740188598632, [(9 13 29)-(13 4 25)-(9 9 3)-(12 36 2)-(3 16 22)]
0.7138, 0.5525333892822266, [(7 38 26)-(10 61 14)-(5 26 9)-(0 47 3)-(5 8 16)]
0.7132000000000001, 0.5520208221435547, [(3 11 16)-(9 1 15)-(4 53 17)-(3 23 27)-(7 46 5)]
0.714, 0.5525352996826172, [(7 21 11)-(5 6 17)-(3 35 17)-(2 22 21)-(3 41 22)]
0.7136, 0.5507960601806641, [(2 26 26)-(11 17 20)-(7 23 4)-(13 51 9)-(11 58 13)]
0.714, 0.5525316864013672, [(7 7 10)-(2 57 31)-(3 35 29)-(9 37 0)-(4 61 16)]
0.7111000000000001, 0.5495939147949218, [(13 59 9)-(3 1 17)-(8 28 26)-(1 44 7)-(6 34 18)]
0.7122999999999999, 0.5509636840820312, [(9 42 17)-(14 12 11)-(15 40 30)-(10 26 31)-(6 41 23)]
0.714, 0.5525317199707032, [(15 52 7)-(14 46 1)-(9 49 8)-(6 41 17)-(4 9 30)]
0.714, 0.5525317291259766, [(6 44 0)-(2 30 16)-(13 50 26)-(9 30 23)-(9 31 14)]
0.714, 0.5525317092895508, [(11 7 9)-(13 55 13)-(5 52 5)-(3 10 1)-(12 32 21)]
0.7128, 0.5526741729736329, [(13 36 27)-(4 9 19)-(9 61 11)-(6 7 25)-(8 15 8)]
0.7094, 0.5481689178466798, [(4 50 8)-(4 34 4)-(4 42 3)-(10 22 16)-(10 27 31)]
0.7138, 0.5525590240478515, [(11 8 3)-(12 29 20)-(13 34 30)-(11 57 1)-(12 45 21)]
0.7126, 0.5519305725097656, [(12 35 11)-(8 6 7)-(0 42 28)-(10 58 14)-(8 19 24)]
0.714, 0.5525341156005859, [(9 54 28)-(12 17 9)-(9 34 17)-(0 24 20)-(10 52 26)]
0.7141, 0.552519366455078, [(6 52 5)-(1 58 10)-(5 60 18)-(13 4 31)-(12 4 16)]
0.7127, 0.5507527618408203, [(5 29 28)-(14 44 17)-(15 56 7)-(8 11 23)-(5 0 16)]
0.7115, 0.5512287658691406, [(8 9 26)-(9 6 28)-(11 34 8)-(6 40 3)-(9 35 0)]
0.7121, 0.5524828430175781, [(11 5 26)-(0 32 29)-(10 48 23)-(4 17 29)-(5 25 28)]
0.7139, 0.5525418426513672, [(9 25 3)-(8 34 12)-(9 8 21)-(9 12 9)-(5 63 19)]
0.714, 0.5525317260742187, [(5 38 12)-(15 7 11)-(6 25 30)-(6 47 20)-(14 55 5)]
0.7131000000000001, 0.5523276519775391, [(3 7 24)-(10 42 2)-(6 63 13)-(5 45 29)-(3 58 28)]
0.7138, 0.5519655609130859, [(12 59 28)-(11 8 29)-(6 40 11)-(4 61 21)-(9 43 30)]
0.6801999999999999, 0.5309608993530274, [(1 36 17)-(9 29 12)-(1 3 29)-(3 4 21)-(6 59 19)]
0.7139, 0.5525139251708984, [(8 23 18)-(10 18 4)-(1 18 16)-(4 56 28)-(15 58 30)]
0.714, 0.5525307647705078, [(0 18 8)-(3 6 10)-(15 24 14)-(4 14 13)-(8 29 9)]
0.7138, 0.5525632171630859, [(6 1 8)-(1 22 5)-(12 6 21)-(12 14 2)-(3 23 13)]
0.7131, 0.5526120819091798, [(10 33 12)-(5 46 1)-(0 5 25)-(12 9 14)-(2 7 10)]
0.7101999999999999, 0.5547671997070311, [(12 14 27)-(10 35 23)-(2 4 31)-(3 34 25)-(3 25 17)]
0.5947, 0.48883018798828126, [(11 34 29)-(13 46 18)-(9 0 29)-(15 6 30)-(12 61 25)]
0.714, 0.5525317230224609, [(1 52 26)-(10 53 31)-(3 58 7)-(6 34 4)-(10 40 1)]
0.7139, 0.5525278549194336, [(14 15 5)-(13 24 18)-(14 39 22)-(5 25 18)-(13 32 2)]
0.714, 0.5525317169189453, [(12 35 9)-(13 32 12)-(4 37 1)-(14 28 14)-(11 31 7)]
0.714, 0.5525348205566406, [(7 50 3)-(2 25 14)-(15 39 9)-(15 39 17)-(15 8 30)]
0.714, 0.5525317199707032, [(9 41 27)-(14 44 22)-(10 42 29)-(15 27 16)-(0 25 1)]
0.714, 0.5525317230224609, [(8 61 1)-(2 35 16)-(15 25 31)-(5 61 16)-(15 3 29)]
0.7128, 0.5525654754638671, [(6 55 3)-(6 41 13)-(11 26 31)-(3 43 30)-(11 24 24)]
0.6476999999999999, 0.5232664947509766, [(12 16 24)-(8 32 23)-(2 0 28)-(9 14 19)-(12 7 5)]
0.6537999999999999, 0.520206234741211, [(14 41 29)-(5 5 4)-(6 27 10)-(5 27 11)-(12 17 31)]
0.714, 0.5525317169189453, [(9 31 6)-(1 46 31)-(15 32 7)-(13 6 21)-(14 38 7)]
0.7144, 0.5527832702636719, [(5 25 10)-(0 42 13)-(9 23 27)-(7 47 14)-(9 5 4)]
0.714, 0.5525317230224609, [(10 56 10)-(12 42 28)-(13 25 25)-(13 47 28)-(6 34 0)]
0.7133, 0.5522383758544922, [(1 55 12)-(1 49 24)-(5 51 26)-(11 0 17)-(14 13 28)]
0.5911, 0.463405403137207, [(7 0 29)-(8 59 14)-(10 38 4)-(0 41 21)-(9 30 26)]
0.714, 0.5525317260742187, [(8 16 5)-(15 28 20)-(15 45 25)-(13 23 10)-(4 50 9)]
0.714, 0.5525317291259766, [(3 21 4)-(2 58 26)-(10 54 1)-(10 29 6)-(10 53 5)]
0.7138, 0.5530065155029297, [(1 50 18)-(10 10 27)-(4 44 24)-(3 40 15)-(6 26 12)]
0.7143999999999999, 0.5522740295410156, [(13 60 6)-(9 43 24)-(9 28 25)-(14 12 16)-(0 21 19)]
0.7145999999999999, 0.5513132263183593, [(9 51 20)-(6 34 27)-(7 16 2)-(13 31 27)-(11 5 28)]
0.7128, 0.5535572265625, [(8 12 21)-(6 23 0)-(8 58 30)-(11 55 9)-(11 10 27)]
0.714, 0.5525317169189453, [(2 34 25)-(10 62 26)-(7 2 1)-(14 50 7)-(6 59 3)]
0.714, 0.5525317230224609, [(11 54 17)-(1 54 18)-(0 19 5)-(14 62 15)-(7 12 4)]
0.7061999999999999, 0.5452362548828125, [(8 63 8)-(3 3 15)-(9 63 5)-(12 19 29)-(14 45 30)]
0.7137, 0.5524753112792968, [(5 27 31)-(10 48 14)-(9 4 27)-(1 38 19)-(2 15 10)]
0.714, 0.5525317291259766, [(14 2 6)-(5 55 10)-(14 16 23)-(15 45 31)-(11 58 30)]
0.714, 0.5525317199707032, [(14 9 2)-(6 48 15)-(3 25 7)-(3 29 10)-(5 60 2)]
0.7125999999999999, 0.5493678527832031, [(13 26 20)-(8 0 19)-(7 11 24)-(1 33 0)-(6 30 0)]
0.714, 0.5525317352294923, [(5 30 15)-(4 18 30)-(7 32 16)-(10 18 1)-(15 57 8)]
0.714, 0.5525386505126952, [(0 23 2)-(8 16 12)-(6 34 21)-(0 3 13)-(6 49 17)]
0.7141, 0.552704428100586, [(7 44 19)-(12 23 19)-(4 54 22)-(1 19 24)-(3 53 5)]
0.7141, 0.5525305084228516, [(11 55 2)-(13 20 4)-(3 11 14)-(8 12 3)-(8 1 14)]
0.714, 0.5526031921386718, [(8 14 13)-(13 61 19)-(2 5 20)-(10 35 26)-(13 4 29)]
0.714, 0.5525597381591797, [(10 11 2)-(2 20 19)-(2 26 5)-(4 40 7)-(11 17 2)]
0.714, 0.5525317337036133, [(13 47 24)-(8 57 23)-(14 29 20)-(7 46 8)-(1 5 2)]
0.7138, 0.5516408569335938, [(6 8 31)-(11 9 8)-(1 6 4)-(6 37 14)-(6 4 6)]
0.7139, 0.5522564788818359, [(1 59 13)-(1 6 23)-(4 56 6)-(3 45 26)-(7 3 29)]
0.7136, 0.5531203399658203, [(5 58 15)-(0 28 27)-(6 7 9)-(10 60 16)-(15 21 30)]
0.714, 0.5525317474365234, [(8 15 5)-(7 8 10)-(6 40 31)-(14 15 31)-(8 21 6)]
0.714, 0.5525315979003906, [(7 35 15)-(14 63 9)-(11 48 19)-(10 22 11)-(7 10 7)]
0.7137, 0.5524430969238281, [(0 19 30)-(8 2 18)-(2 1 16)-(12 56 13)-(10 56 27)]
0.714, 0.5525248504638671, [(12 45 30)-(6 33 5)-(4 35 21)-(10 21 6)-(6 29 25)]
0.7038, 0.5503392761230469, [(14 12 30)-(7 17 7)-(4 38 16)-(12 12 10)-(6 1 25)]
0.7127, 0.547029443359375, [(0 23 27)-(3 48 10)-(7 17 3)-(14 60 26)-(7 58 25)]
0.714, 0.5525317321777343, [(7 13 30)-(4 33 0)-(3 37 21)-(3 57 2)-(11 24 9)]
0.714, 0.5525317230224609, [(15 16 5)-(3 52 15)-(12 63 4)-(5 31 6)-(15 10 21)]
0.7141, 0.5525851196289062, [(9 14 20)-(10 56 6)-(3 14 20)-(2 11 3)-(13 36 5)]
0.7137, 0.5522018676757812, [(0 22 27)-(3 7 13)-(13 7 3)-(8 24 9)-(8 52 2)]
0.7138, 0.5520597015380859, [(0 29 26)-(6 62 2)-(10 26 2)-(5 58 25)-(2 41 22)]
0.714, 0.5525317230224609, [(14 39 24)-(8 22 3)-(10 35 25)-(8 36 25)-(10 62 22)]
0.714, 0.5525362396240234, [(8 46 23)-(2 4 6)-(5 4 4)-(8 12 25)-(3 39 24)]
0.7129000000000001, 0.5531399108886719, [(0 14 26)-(12 43 0)-(14 7 21)-(2 42 29)-(10 33 30)]
0.7141, 0.5524561737060547, [(8 25 21)-(0 31 8)-(9 58 11)-(6 51 29)-(9 25 14)]
0.714, 0.5525317199707032, [(9 19 7)-(4 32 12)-(0 13 5)-(13 58 2)-(4 55 27)]
0.714, 0.5525324768066406, [(11 58 15)-(2 39 16)-(9 8 4)-(3 4 14)-(4 61 12)]
0.6984999999999999, 0.5219235961914063, [(6 33 4)-(4 58 28)-(2 44 21)-(1 51 6)-(11 2 26)]
0.714, 0.5525317199707032, [(13 18 5)-(14 42 0)-(14 62 9)-(15 10 0)-(12 43 31)]
0.714, 0.5525317291259766, [(13 41 30)-(0 16 7)-(0 37 18)-(4 59 13)-(1 43 29)]
0.714, 0.5525315551757812, [(1 30 13)-(6 56 27)-(11 56 13)-(2 60 29)-(9 18 10)]
0.714, 0.5525317901611329, [(11 21 13)-(9 48 11)-(3 21 6)-(14 57 16)-(6 24 4)]
0.714, 0.5525316894531249, [(2 35 7)-(14 34 27)-(15 10 22)-(14 37 27)-(8 9 9)]
0.7137, 0.5523810485839844, [(2 36 7)-(3 50 16)-(11 51 11)-(6 9 21)-(14 49 22)]
0.7142, 0.5511155853271484, [(10 52 10)-(15 61 6)-(7 11 5)-(4 26 24)-(4 0 1)]
0.714, 0.5525316864013672, [(7 62 24)-(10 23 7)-(4 28 7)-(5 9 2)-(5 1 5)]
0.7136, 0.5524417907714844, [(1 59 6)-(7 13 0)-(4 27 0)-(8 5 3)-(12 6 23)]
0.714, 0.5525317108154297, [(10 36 11)-(9 45 20)-(10 55 5)-(10 32 14)-(13 19 31)]
0.7141, 0.552828057861328, [(10 4 10)-(11 56 18)-(7 15 29)-(0 29 3)-(0 39 13)]
0.7085, 0.5456088775634765, [(15 45 23)-(12 4 26)-(1 23 6)-(1 32 7)-(7 49 28)]
0.7126, 0.5533674896240235, [(4 40 23)-(9 18 18)-(12 22 15)-(12 34 18)-(10 17 26)]
0.7126, 0.551397006225586, [(5 12 5)-(10 27 28)-(15 27 31)-(4 55 7)-(5 36 24)]
0.714, 0.5525315673828125, [(8 43 27)-(1 52 20)-(0 20 11)-(13 42 24)-(2 32 8)]
0.7125999999999999, 0.552359033203125, [(10 44 2)-(3 6 3)-(13 46 22)-(5 1 18)-(12 1 5)]
0.7119, 0.5494349029541016, [(15 1 1)-(10 1 28)-(0 5 13)-(11 9 14)-(10 10 14)]
0.7024, 0.5129908752441406, [(15 2 18)-(15 56 23)-(3 6 5)-(2 9 27)-(14 0 26)]
0.706, 0.5410099639892578, [(0 42 20)-(13 16 28)-(4 8 19)-(13 2 28)-(3 63 15)]
0.714, 0.5525372467041016, [(2 1 0)-(1 9 30)-(10 29 24)-(10 5 16)-(13 51 23)]
0.714, 0.55253134765625, [(12 24 5)-(4 5 30)-(12 22 15)-(7 8 30)-(6 5 15)]
0.714, 0.5525317169189453, [(1 62 19)-(14 58 3)-(7 56 23)-(7 33 1)-(14 28 18)]
0.714, 0.5525276153564453, [(9 10 10)-(12 17 14)-(13 28 24)-(10 18 6)-(4 52 2)]
0.714, 0.5525317230224609, [(4 52 15)-(8 54 17)-(11 63 7)-(11 35 4)-(1 5 9)]
0.714, 0.5525271362304687, [(8 14 19)-(0 39 2)-(7 54 15)-(12 57 10)-(9 39 24)]
0.714, 0.5525255920410157, [(15 30 12)-(3 21 4)-(11 20 17)-(12 22 5)-(7 12 14)]
0.7129, 0.5528728851318359, [(3 20 24)-(3 23 1)-(6 21 24)-(9 33 9)-(4 59 1)]
0.714, 0.5525328918457031, [(4 8 15)-(10 1 14)-(1 26 9)-(14 46 8)-(0 59 22)]
0.714, 0.5525317199707032, [(12 30 22)-(14 51 10)-(13 24 17)-(0 35 5)-(8 36 22)]
0.714, 0.5525317169189453, [(4 47 22)-(8 28 2)-(5 28 4)-(7 15 3)-(6 42 28)]
0.7142, 0.5517930908203126, [(5 44 13)-(4 52 13)-(1 25 28)-(14 53 20)-(0 17 7)]
0.7139, 0.5522138946533204, [(9 16 22)-(11 32 28)-(13 45 1)-(9 18 0)-(9 28 21)]
0.7139, 0.5525195251464844, [(11 2 4)-(0 28 20)-(11 48 17)-(14 48 10)-(12 54 5)]
0.7151, 0.5513275787353515, [(9 20 27)-(12 20 27)-(11 50 11)-(12 14 2)-(11 27 19)]
0.714, 0.5525326202392578, [(10 20 15)-(8 58 24)-(13 0 5)-(5 25 30)-(8 52 8)]
0.7142, 0.5510633026123046, [(6 43 11)-(15 6 25)-(13 20 11)-(10 63 18)-(6 4 31)]
0.7145999999999999, 0.5513283569335938, [(11 10 20)-(10 5 16)-(7 2 8)-(11 5 27)-(1 59 30)]
0.714, 0.5525435791015625, [(14 6 2)-(13 60 10)-(2 4 17)-(11 29 11)-(12 3 2)]
0.714, 0.5525317230224609, [(13 48 2)-(8 43 12)-(10 52 17)-(7 2 30)-(11 44 15)]
0.7124999999999999, 0.5535974853515625, [(11 24 1)-(11 35 31)-(14 4 29)-(12 18 4)-(1 6 24)]
0.714, 0.5525317138671875, [(9 28 3)-(14 55 10)-(5 40 2)-(8 31 6)-(10 0 2)]
0.714, 0.552421240234375, [(14 29 11)-(0 16 22)-(7 8 4)-(15 13 19)-(10 60 4)]
0.7135, 0.5498025573730468, [(14 6 26)-(13 61 16)-(9 28 29)-(10 21 9)-(4 2 22)]
0.714, 0.5525339141845702, [(11 51 19)-(8 39 15)-(13 13 22)-(0 3 6)-(11 4 20)]
0.714, 0.5525317199707032, [(9 61 0)-(15 39 6)-(13 21 16)-(12 56 4)-(5 62 0)]
0.7099, 0.5541211975097656, [(2 11 29)-(15 63 2)-(5 9 14)-(3 15 16)-(9 59 24)]
0.7145, 0.5531318817138672, [(10 21 28)-(0 19 24)-(15 34 22)-(5 55 20)-(14 31 19)]
0.714, 0.5525347793579101, [(10 38 30)-(15 37 3)-(6 5 17)-(12 56 0)-(14 27 15)]
0.7136, 0.5525270477294921, [(10 53 21)-(5 22 2)-(10 43 17)-(7 4 22)-(9 21 14)]
0.7141, 0.552059326171875, [(4 27 22)-(1 61 1)-(3 46 16)-(3 57 12)-(12 61 19)]
0.6774, 0.5399959167480469, [(4 49 1)-(7 41 5)-(0 8 20)-(4 28 18)-(1 21 31)]
0.7089, 0.5537769989013672, [(5 53 17)-(1 61 0)-(13 27 10)-(10 1 9)-(4 1 29)]
0.6932, 0.5525671569824219, [(2 41 5)-(1 0 9)-(11 50 20)-(8 25 31)-(1 20 14)]
0.7139, 0.5525395324707032, [(9 24 19)-(8 6 15)-(2 54 30)-(7 39 0)-(0 24 6)]
0.7138, 0.5525223083496094, [(15 36 29)-(15 16 3)-(1 5 22)-(0 26 0)-(13 14 27)]
0.7130000000000001, 0.5524462585449219, [(12 55 19)-(3 3 13)-(5 40 3)-(6 36 2)-(11 27 24)]
0.714, 0.5525317749023437, [(1 39 6)-(6 25 9)-(15 38 18)-(9 47 31)-(13 11 11)]
0.7129000000000001, 0.5523430786132812, [(15 6 5)-(11 36 8)-(14 62 9)-(14 49 1)-(3 18 22)]
0.7133, 0.5531854248046875, [(6 41 30)-(8 28 31)-(4 60 3)-(15 41 2)-(12 49 0)]
0.7122999999999999, 0.5542110412597656, [(2 13 27)-(2 2 4)-(11 52 25)-(0 46 17)-(11 22 23)]
0.7128, 0.5512933776855469, [(6 34 9)-(4 20 27)-(3 22 8)-(10 55 16)-(5 63 14)]
0.7126, 0.5530907684326172, [(13 39 30)-(6 11 29)-(7 9 11)-(12 16 16)-(7 3 22)]
0.714, 0.5525317291259766, [(9 48 8)-(5 29 5)-(2 39 24)-(15 46 27)-(14 25 29)]
0.7137, 0.5526495025634766, [(2 29 24)-(5 59 4)-(2 30 6)-(7 22 22)-(8 45 4)]
0.714, 0.5525311401367188, [(15 0 9)-(2 56 10)-(14 35 28)-(2 39 10)-(4 17 4)]
0.714, 0.5525302093505859, [(6 44 1)-(11 30 27)-(9 63 30)-(0 23 13)-(12 28 3)]
0.7131, 0.5526860748291016, [(1 7 5)-(15 52 18)-(2 13 21)-(11 33 21)-(1 28 20)]
0.714, 0.5525317169189452, [(4 44 11)-(3 30 9)-(13 45 21)-(15 35 26)-(10 9 1)]
0.714, 0.5525317169189452, [(5 35 15)-(10 13 10)-(6 49 31)-(8 39 7)-(12 60 24)]
0.7136, 0.5525274963378906, [(9 26 31)-(7 24 20)-(13 58 11)-(12 8 0)-(13 10 9)]
0.7136, 0.5522955871582031, [(4 48 25)-(12 22 15)-(3 5 9)-(6 32 21)-(5 17 22)]
0.714, 0.5525417327880859, [(8 42 26)-(9 58 6)-(0 12 20)-(6 46 11)-(7 22 23)]
0.714, 0.5525322296142579, [(14 18 10)-(1 24 12)-(8 59 17)-(15 39 25)-(11 33 19)]
0.6935, 0.5537866149902344, [(9 14 14)-(8 39 22)-(7 6 27)-(12 20 8)-(4 17 31)]
0.7123999999999999, 0.5509196258544922, [(13 32 26)-(7 28 29)-(3 36 22)-(0 29 25)-(13 34 15)]
0.714, 0.5525317749023437, [(14 59 29)-(0 12 7)-(2 24 9)-(4 62 22)-(1 59 11)]
0.714, 0.5525317260742187, [(7 49 7)-(15 22 20)-(13 16 20)-(0 20 0)-(14 57 0)]
0.7127, 0.5434490997314453, [(11 21 12)-(7 56 13)-(5 46 31)-(6 14 26)-(7 58 6)]
0.7139, 0.5525282836914063, [(3 15 8)-(13 5 27)-(7 19 17)-(8 33 27)-(3 16 17)]
0.7131, 0.5525229797363281, [(15 11 14)-(8 26 22)-(0 46 2)-(1 60 15)-(2 16 6)]
0.7121999999999999, 0.552546841430664, [(2 10 18)-(7 19 9)-(2 10 29)-(8 58 30)-(8 5 6)]
0.714, 0.5525313903808594, [(10 49 26)-(15 15 1)-(12 34 21)-(15 7 9)-(12 25 14)]
0.714, 0.5525334686279297, [(4 36 30)-(3 22 1)-(6 24 17)-(9 3 2)-(7 34 8)]
0.7144999999999999, 0.5502850830078125, [(7 6 5)-(15 42 5)-(11 12 26)-(15 18 30)-(14 11 13)]
0.714, 0.552531704711914, [(11 29 5)-(9 18 1)-(0 54 7)-(13 36 16)-(12 18 11)]
0.7138, 0.5525832824707031, [(2 11 14)-(3 10 31)-(14 62 9)-(12 12 8)-(5 60 22)]
0.714, 0.5525317169189453, [(4 29 13)-(15 37 11)-(3 61 18)-(10 12 6)-(3 50 6)]
0.7141, 0.5522370056152344, [(9 14 26)-(4 36 11)-(8 58 15)-(8 50 12)-(14 39 15)]
0.7141, 0.5525241271972656, [(11 54 20)-(8 11 16)-(13 11 14)-(4 60 9)-(6 50 11)]
0.714, 0.5525317199707032, [(14 57 28)-(3 33 22)-(9 13 3)-(14 55 0)-(14 15 20)]
0.7129, 0.5522254943847655, [(1 0 13)-(0 40 16)-(15 48 9)-(3 23 25)-(2 46 2)]
0.714, 0.5525316772460938, [(7 31 13)-(9 42 5)-(13 0 5)-(4 45 7)-(9 39 0)]
0.714, 0.5525317260742187, [(6 56 2)-(3 61 29)-(4 52 31)-(8 60 14)-(5 37 26)]
0.714, 0.552530551147461, [(13 38 5)-(2 8 0)-(0 17 11)-(15 12 20)-(12 61 6)]
0.7079, 0.5471260406494141, [(12 21 19)-(5 15 31)-(4 19 23)-(10 63 11)-(14 14 4)]
0.714, 0.5523985321044922, [(7 0 15)-(9 20 15)-(11 30 17)-(7 12 7)-(13 51 7)]
0.714, 0.5525317230224609, [(10 56 21)-(4 61 7)-(8 36 13)-(5 58 20)-(4 22 1)]
0.7139, 0.552968276977539, [(7 50 3)-(2 32 22)-(4 63 13)-(2 7 22)-(12 51 13)]
0.714, 0.5525277557373047, [(13 48 6)-(11 14 1)-(3 35 8)-(11 16 18)-(2 46 13)]
0.7141, 0.5525577880859375, [(0 38 25)-(2 24 18)-(4 27 14)-(5 62 20)-(6 14 7)]
0.7132000000000001, 0.5520137908935547, [(5 22 14)-(5 42 7)-(11 2 20)-(2 28 1)-(11 15 24)]
0.714, 0.5525317230224609, [(6 38 16)-(11 56 31)-(4 43 16)-(1 32 11)-(1 52 24)]
0.6261000000000001, 0.5134412277221679, [(4 62 4)-(6 4 23)-(2 46 13)-(9 1 31)-(2 7 29)]
0.714, 0.5525248321533203, [(11 55 5)-(13 34 11)-(9 26 30)-(10 26 17)-(13 15 12)]
0.714, 0.5525317260742187, [(4 39 18)-(12 54 14)-(3 39 22)-(13 44 15)-(2 18 2)]
0.6946, 0.5304227630615235, [(13 3 26)-(11 1 26)-(15 31 3)-(11 56 23)-(1 61 9)]
0.7135, 0.5524466339111328, [(2 23 10)-(5 36 5)-(4 9 21)-(0 24 5)-(12 25 11)]
0.6746, 0.5385404205322266, [(3 57 0)-(11 34 14)-(1 28 31)-(4 39 25)-(7 37 11)]
0.6983, 0.5034191040039062, [(1 36 31)-(8 35 14)-(13 0 26)-(13 31 5)-(2 38 17)]
0.714, 0.552530450439453, [(7 8 2)-(8 12 0)-(4 3 9)-(10 25 4)-(10 8 18)]
