0.7137, 0.5525325622558593, [(5 31 5)-(1 33 2)-(4 16 18)-(4 6 1)-(7 13 21)-(7 15 1)]
0.714, 0.5525317199707032, [(8 53 10)-(0 58 13)-(5 30 26)-(13 55 8)-(15 21 17)-(5 58 8)]
0.6749, 0.49187351684570313, [(15 0 27)-(4 38 25)-(9 37 3)-(0 38 21)-(1 41 0)-(5 28 25)]
0.714, 0.5525278747558593, [(0 38 15)-(12 24 3)-(15 1 30)-(12 21 14)-(7 16 14)-(11 8 14)]
0.7133, 0.5533610595703125, [(0 21 13)-(9 48 14)-(15 31 27)-(0 47 12)-(4 8 25)-(9 12 5)]
0.714, 0.5525308563232423, [(6 6 2)-(15 59 11)-(0 2 15)-(4 47 28)-(13 54 19)-(14 0 7)]
0.7101, 0.5477799011230469, [(10 36 11)-(6 21 18)-(15 28 25)-(3 2 24)-(0 8 5)-(13 53 13)]
0.714, 0.5525291229248047, [(10 61 28)-(10 61 13)-(0 1 5)-(7 1 15)-(11 30 22)-(11 52 28)]
0.714, 0.5525252349853516, [(8 44 10)-(13 12 2)-(11 5 17)-(7 8 13)-(12 6 3)-(8 56 7)]
0.714, 0.5525233276367187, [(0 48 31)-(3 58 24)-(0 45 17)-(5 27 14)-(14 14 20)-(9 41 30)]
0.714, 0.5525442565917968, [(5 27 9)-(10 34 23)-(14 18 17)-(10 10 21)-(15 23 15)-(12 61 0)]
0.6815, 0.5525446502685547, [(7 58 27)-(14 43 12)-(13 33 23)-(12 34 11)-(0 3 27)-(12 40 29)]
0.7139, 0.5525301177978515, [(13 22 31)-(8 46 20)-(1 19 19)-(7 56 0)-(14 0 2)-(14 39 16)]
0.714, 0.5525312896728516, [(0 62 17)-(0 54 21)-(11 1 9)-(12 43 31)-(1 25 2)-(14 36 1)]
0.714, 0.5525317230224609, [(9 61 30)-(15 63 1)-(10 19 3)-(15 7 31)-(5 48 25)-(14 27 1)]
0.7136, 0.5527630737304687, [(12 45 6)-(8 12 28)-(13 52 26)-(10 19 1)-(14 48 4)-(0 55 4)]
0.714, 0.5524663696289063, [(10 35 17)-(0 49 23)-(15 28 23)-(7 13 22)-(2 6 14)-(1 59 15)]
0.7139, 0.5525512878417969, [(9 9 16)-(15 14 2)-(1 62 14)-(1 43 10)-(0 19 18)-(15 6 26)]
0.714, 0.5525333618164062, [(9 37 19)-(12 54 27)-(14 52 4)-(9 59 17)-(5 46 27)-(2 5 14)]
0.7137, 0.5533748779296874, [(6 7 24)-(8 6 22)-(1 60 9)-(13 27 25)-(8 46 5)-(9 52 31)]
0.7139, 0.5525259643554687, [(3 23 17)-(3 40 3)-(6 31 7)-(1 5 9)-(1 57 22)-(12 32 25)]
0.7032, 0.5447162017822266, [(13 26 12)-(0 56 24)-(1 27 11)-(12 50 31)-(9 2 26)-(5 16 10)]
0.714, 0.5525316802978515, [(10 8 4)-(5 4 10)-(15 3 28)-(8 35 7)-(13 21 9)-(12 52 30)]
0.7139, 0.5525463775634766, [(3 56 15)-(2 50 30)-(3 46 13)-(6 28 17)-(14 8 1)-(6 36 24)]
0.6933, 0.5346914688110351, [(5 19 25)-(11 28 11)-(15 37 8)-(8 51 13)-(1 12 9)-(10 49 19)]
0.712, 0.5528413696289063, [(11 18 20)-(5 24 25)-(6 1 3)-(3 43 29)-(6 40 30)-(6 11 24)]
0.7136, 0.5525401458740234, [(3 10 23)-(15 0 3)-(8 10 6)-(6 0 9)-(6 55 24)-(8 58 4)]
0.7082999999999999, 0.5526953918457032, [(6 9 28)-(2 24 31)-(0 8 18)-(11 11 13)-(3 30 4)-(15 31 1)]
0.7139, 0.5525986602783203, [(10 16 21)-(12 6 30)-(4 8 11)-(6 24 21)-(4 39 12)-(9 54 2)]
0.714, 0.5525286315917969, [(12 25 2)-(8 44 5)-(6 61 27)-(2 35 15)-(8 14 18)-(13 19 25)]
0.7137, 0.5524382171630859, [(15 44 28)-(13 54 4)-(15 6 15)-(10 18 20)-(8 2 13)-(15 51 28)]
0.7129000000000001, 0.5536904449462892, [(10 16 27)-(12 35 26)-(11 59 22)-(14 11 26)-(11 56 20)-(5 12 28)]
0.7138, 0.5525403350830078, [(9 59 22)-(8 5 17)-(5 12 20)-(15 58 2)-(8 26 3)-(14 44 17)]
0.7142, 0.5502293182373046, [(5 18 8)-(12 38 0)-(6 14 23)-(8 53 25)-(14 36 30)-(3 57 29)]
0.714, 0.5525317245483399, [(12 63 27)-(15 12 6)-(0 36 9)-(9 32 15)-(5 54 6)-(9 39 2)]
0.7132000000000001, 0.5524431701660156, [(5 57 27)-(7 22 7)-(5 30 15)-(5 20 18)-(13 52 1)-(11 6 23)]
0.7139, 0.5525497283935548, [(11 47 3)-(13 37 3)-(11 10 20)-(0 59 13)-(14 39 10)-(0 54 23)]
0.7135, 0.5527541046142579, [(15 20 5)-(4 58 20)-(5 42 20)-(2 5 22)-(7 53 23)-(3 23 13)]
0.6952, 0.5358929748535156, [(7 54 17)-(9 49 2)-(3 33 21)-(12 49 5)-(4 2 31)-(5 25 15)]
0.714, 0.5525317260742187, [(4 55 27)-(1 35 1)-(6 44 1)-(8 2 2)-(9 50 10)-(11 48 16)]
0.7113, 0.5500421234130859, [(13 23 18)-(5 2 7)-(12 14 26)-(8 13 7)-(15 11 27)-(10 16 8)]
0.7121999999999999, 0.5521105712890625, [(12 42 26)-(5 23 26)-(5 31 10)-(1 46 21)-(0 47 19)-(0 12 3)]
0.7142, 0.5524396331787109, [(10 9 15)-(9 63 29)-(5 56 26)-(8 50 10)-(7 20 18)-(7 14 2)]
0.714, 0.5525317199707032, [(8 49 19)-(11 59 18)-(2 37 7)-(10 37 28)-(4 32 26)-(6 60 26)]
0.714, 0.552531802368164, [(6 11 8)-(12 31 18)-(4 60 16)-(14 44 17)-(2 5 5)-(8 45 14)]
0.714, 0.5525317199707032, [(15 56 25)-(14 59 24)-(5 43 4)-(6 5 1)-(9 59 8)-(5 55 8)]
0.6777, 0.550938851928711, [(3 0 25)-(8 23 22)-(9 42 10)-(5 19 11)-(14 52 11)-(4 18 9)]
0.714, 0.5525305450439453, [(13 39 9)-(14 29 1)-(1 1 10)-(5 23 11)-(5 35 11)-(15 16 2)]
0.7131, 0.5513208618164063, [(7 45 0)-(1 0 18)-(4 14 9)-(4 30 6)-(3 59 8)-(9 14 20)]
0.7131000000000001, 0.5529678314208984, [(13 33 13)-(3 9 25)-(3 47 22)-(9 20 4)-(6 55 29)-(5 6 13)]
0.714, 0.5525107574462891, [(13 33 25)-(10 35 27)-(1 9 8)-(12 21 16)-(15 31 2)-(11 58 0)]
0.7094, 0.5458601623535156, [(1 32 10)-(8 1 10)-(12 22 0)-(8 5 14)-(12 4 25)-(10 15 28)]
0.714, 0.5525299682617187, [(14 36 16)-(1 44 17)-(2 36 30)-(2 42 11)-(15 6 5)-(6 0 9)]
0.7084, 0.5462773712158203, [(2 1 23)-(1 20 4)-(8 33 6)-(15 32 5)-(7 21 5)-(13 2 31)]
0.714, 0.5525317321777343, [(3 59 12)-(15 35 6)-(5 54 15)-(14 39 12)-(10 36 28)-(8 41 31)]
0.7006, 0.5358992309570312, [(3 18 24)-(12 37 1)-(5 51 31)-(9 1 26)-(4 16 13)-(3 47 16)]
0.714, 0.5525271209716798, [(10 27 9)-(15 63 22)-(12 30 14)-(0 15 18)-(9 51 8)-(0 5 0)]
0.714, 0.5525317352294923, [(6 30 14)-(1 45 17)-(11 61 23)-(3 5 0)-(4 30 20)-(8 42 25)]
0.7141, 0.5526481750488281, [(4 9 24)-(7 40 15)-(3 60 18)-(15 20 17)-(10 28 20)-(11 43 0)]
0.714, 0.5525317260742187, [(4 59 30)-(15 41 16)-(1 50 25)-(5 38 18)-(11 38 12)-(9 13 2)]
0.7133, 0.552499496459961, [(11 25 12)-(0 12 23)-(9 63 14)-(13 43 11)-(15 31 19)-(15 62 27)]
0.714, 0.5525317199707032, [(2 45 8)-(0 54 11)-(1 44 24)-(10 47 0)-(6 44 3)-(11 16 3)]
0.7147, 0.5525433380126953, [(4 8 15)-(15 24 16)-(12 24 23)-(8 33 21)-(9 25 14)-(13 11 1)]
0.7133, 0.5520350830078125, [(2 37 8)-(5 21 18)-(0 17 21)-(6 48 27)-(7 7 22)-(7 46 10)]
0.7133, 0.5525376434326172, [(2 27 14)-(11 23 21)-(5 25 9)-(15 38 2)-(6 39 4)-(1 58 12)]
0.714, 0.5525315307617187, [(15 6 7)-(15 10 8)-(3 35 21)-(14 33 31)-(5 3 13)-(4 53 10)]
0.7136, 0.5506481109619141, [(7 5 28)-(1 49 25)-(10 55 26)-(7 28 25)-(14 27 15)-(15 19 8)]
0.714, 0.5525092895507813, [(11 39 27)-(5 42 11)-(2 14 16)-(14 8 2)-(5 31 20)-(3 29 6)]
0.7130000000000001, 0.5524498931884765, [(1 34 6)-(9 3 25)-(3 6 7)-(0 4 3)-(2 8 6)-(8 7 4)]
0.714, 0.5525317291259766, [(5 32 16)-(13 12 14)-(7 53 20)-(15 50 16)-(5 23 5)-(15 31 1)]
0.7137, 0.5526455047607421, [(11 18 7)-(13 12 20)-(10 25 25)-(8 47 14)-(11 59 14)-(14 53 18)]
0.714, 0.5525317108154297, [(10 12 10)-(15 12 26)-(1 33 2)-(9 43 16)-(8 44 6)-(9 40 20)]
0.7137, 0.5525135559082031, [(1 62 0)-(10 12 8)-(3 6 18)-(6 59 2)-(11 15 14)-(13 41 12)]
0.714, 0.5525317443847656, [(0 18 7)-(0 31 29)-(1 11 30)-(1 35 22)-(1 8 7)-(15 58 13)]
0.714, 0.5525317352294923, [(5 42 10)-(0 63 10)-(9 34 2)-(1 58 5)-(15 59 21)-(8 10 3)]
0.714, 0.5525317230224609, [(2 37 15)-(1 38 15)-(11 40 5)-(11 6 1)-(3 38 12)-(7 34 10)]
0.7136, 0.5502136901855469, [(13 54 9)-(10 54 7)-(9 3 14)-(13 14 12)-(2 55 3)-(2 8 24)]
0.7138, 0.5525493347167969, [(15 63 24)-(1 11 20)-(0 1 11)-(12 11 11)-(13 10 13)-(10 56 24)]
0.714, 0.5525315734863281, [(5 23 10)-(5 43 0)-(4 37 26)-(6 29 19)-(8 57 24)-(3 2 9)]
0.7074, 0.5449700836181641, [(5 38 26)-(12 41 19)-(6 15 31)-(1 37 17)-(4 26 8)-(11 38 18)]
0.7062999999999999, 0.5365622436523438, [(11 54 27)-(14 28 1)-(6 19 31)-(2 61 7)-(5 5 17)-(11 55 21)]
0.7139, 0.5510092041015625, [(10 33 6)-(13 35 6)-(6 45 0)-(6 13 26)-(12 7 16)-(1 23 18)]
0.714, 0.5525317321777343, [(3 31 27)-(12 38 23)-(0 48 27)-(1 53 2)-(13 26 22)-(14 41 22)]
0.7046, 0.5442100280761719, [(1 7 2)-(11 45 4)-(10 47 1)-(5 20 16)-(8 21 31)-(5 34 7)]
0.7134, 0.5519376129150391, [(10 49 26)-(11 28 28)-(13 44 16)-(12 0 18)-(10 30 20)-(7 31 25)]
0.7137, 0.5525527709960938, [(1 31 13)-(10 46 2)-(8 3 17)-(8 20 9)-(5 49 29)-(12 30 21)]
0.714, 0.5525317230224609, [(3 52 11)-(14 8 16)-(1 45 28)-(0 49 23)-(13 5 23)-(13 40 16)]
0.7076, 0.5552040161132812, [(4 5 7)-(12 25 2)-(4 9 31)-(11 10 27)-(0 62 11)-(3 7 25)]
0.7138, 0.5523316467285156, [(1 32 22)-(8 63 27)-(12 41 21)-(5 8 1)-(8 23 21)-(9 4 7)]
0.7149, 0.5494319305419921, [(6 54 24)-(8 61 0)-(1 34 19)-(15 19 8)-(10 0 21)-(11 24 29)]
0.7124999999999999, 0.5535961853027345, [(10 32 6)-(1 6 24)-(2 33 25)-(12 11 15)-(9 40 20)-(10 54 9)]
0.714, 0.5525317077636719, [(5 17 7)-(4 35 26)-(9 62 3)-(3 45 0)-(10 29 7)-(15 3 9)]
0.713, 0.5503231323242187, [(10 5 22)-(6 15 28)-(10 24 31)-(12 32 4)-(1 39 29)-(14 32 27)]
0.7135, 0.5525342742919921, [(4 49 31)-(3 58 9)-(9 61 18)-(8 1 16)-(13 18 27)-(15 24 19)]
0.714, 0.5525317840576172, [(4 26 9)-(7 30 13)-(5 39 4)-(12 37 18)-(1 20 30)-(5 10 14)]
0.6972, 0.5355574417114257, [(14 32 25)-(6 6 23)-(12 1 24)-(8 2 16)-(12 15 27)-(5 22 29)]
0.714, 0.55253173828125, [(15 58 4)-(15 48 4)-(15 56 30)-(5 32 25)-(0 55 3)-(3 57 31)]
0.7133, 0.552402099609375, [(1 45 7)-(7 5 4)-(4 50 13)-(7 28 21)-(11 14 5)-(15 54 12)]
0.714, 0.5525317291259766, [(4 32 26)-(11 57 1)-(6 48 2)-(2 31 3)-(3 46 5)-(15 46 24)]
0.7131000000000001, 0.5534599517822265, [(9 31 24)-(15 0 7)-(11 59 15)-(15 58 28)-(8 17 31)-(14 36 20)]
0.714, 0.5525289367675781, [(0 57 28)-(6 3 14)-(13 45 16)-(10 42 13)-(1 39 21)-(5 45 12)]
0.714, 0.552423553466797, [(7 58 8)-(6 56 31)-(2 34 16)-(2 22 3)-(8 17 20)-(13 27 15)]
0.7072, 0.549872817993164, [(15 37 19)-(1 0 11)-(13 61 22)-(1 28 26)-(7 4 15)-(15 33 25)]
0.6879, 0.5311578735351563, [(9 12 10)-(13 16 12)-(9 9 5)-(6 57 17)-(1 36 6)-(7 1 26)]
0.714, 0.552532437133789, [(15 25 29)-(6 56 24)-(5 28 4)-(13 29 25)-(3 22 15)-(10 5 12)]
0.7135, 0.5529090118408203, [(0 22 4)-(0 58 21)-(8 16 17)-(2 39 14)-(4 24 31)-(0 7 2)]
0.714, 0.5525317443847657, [(0 47 14)-(9 21 0)-(2 5 8)-(11 6 4)-(4 57 12)-(0 24 9)]
0.7132000000000001, 0.5503999114990235, [(1 58 13)-(3 59 28)-(12 2 23)-(6 26 7)-(12 10 25)-(3 49 30)]
0.7137, 0.5522018676757812, [(0 22 28)-(6 62 8)-(3 12 9)-(15 62 29)-(15 30 17)-(14 12 27)]
0.7133, 0.5521779235839843, [(12 38 20)-(11 54 11)-(0 41 16)-(5 8 16)-(7 7 11)-(8 11 22)]
0.714, 0.5525029602050782, [(9 46 22)-(1 27 14)-(9 6 0)-(8 0 13)-(10 53 17)-(2 45 6)]
0.7137, 0.552559780883789, [(9 11 20)-(2 46 28)-(12 46 22)-(8 36 28)-(7 15 9)-(5 9 30)]
0.714, 0.5525327056884766, [(12 54 12)-(10 9 5)-(4 13 16)-(0 9 30)-(0 30 29)-(2 19 3)]
0.714, 0.5525293609619141, [(7 7 15)-(10 32 28)-(1 36 7)-(9 44 10)-(15 32 10)-(9 41 4)]
0.714, 0.5525317260742187, [(2 36 11)-(9 7 2)-(5 28 0)-(5 45 4)-(7 47 19)-(15 25 29)]
0.714, 0.5524989868164063, [(14 43 0)-(0 60 18)-(8 53 21)-(15 2 19)-(7 55 18)-(8 5 25)]
0.714, 0.552531527709961, [(13 39 8)-(15 40 26)-(0 23 11)-(6 45 7)-(14 20 5)-(13 32 23)]
0.714, 0.552540933227539, [(15 6 0)-(9 40 10)-(1 24 17)-(4 39 12)-(5 30 13)-(14 33 13)]
0.7137, 0.5525931610107422, [(5 54 9)-(5 51 23)-(8 45 10)-(13 2 11)-(12 38 7)-(10 9 22)]
0.6753, 0.5001108245849609, [(2 6 17)-(2 32 19)-(0 29 25)-(1 47 26)-(15 0 27)-(1 61 17)]
0.714, 0.5525317291259766, [(13 23 4)-(3 53 16)-(1 28 30)-(15 19 0)-(3 49 9)-(4 35 14)]
0.7141, 0.5525770050048828, [(12 51 16)-(1 4 18)-(9 31 21)-(15 55 8)-(10 17 13)-(9 6 24)]
0.7123, 0.5507256484985352, [(8 51 14)-(11 61 20)-(3 47 28)-(11 8 6)-(1 11 29)-(11 29 9)]
0.714, 0.5525317260742187, [(13 51 28)-(2 45 27)-(12 51 28)-(3 37 7)-(2 41 10)-(0 50 8)]
0.714, 0.5525321319580078, [(9 40 3)-(4 34 5)-(6 57 7)-(8 10 5)-(2 4 12)-(1 60 23)]
0.7141, 0.5520593292236329, [(12 49 17)-(0 62 31)-(9 6 0)-(14 31 31)-(4 27 22)-(14 23 25)]
0.714, 0.5525328521728515, [(11 63 4)-(7 17 15)-(1 24 11)-(0 5 3)-(13 15 3)-(12 3 31)]
0.714, 0.5525317291259766, [(8 31 1)-(6 45 16)-(13 23 1)-(4 56 31)-(15 24 27)-(9 54 17)]
0.6541, 0.5157760696411133, [(0 40 24)-(13 9 7)-(11 31 29)-(8 33 23)-(0 2 17)-(5 27 25)]
0.7119, 0.5520555938720704, [(11 3 26)-(10 38 21)-(5 7 19)-(14 44 26)-(11 32 11)-(4 4 5)]
0.714, 0.5525316497802735, [(12 60 18)-(6 19 11)-(14 29 27)-(0 61 17)-(5 8 15)-(1 42 21)]
0.6328, 0.502365641784668, [(9 14 21)-(10 57 28)-(15 44 16)-(7 47 9)-(6 0 25)-(1 41 7)]
0.7142, 0.5528328094482422, [(7 8 29)-(12 6 10)-(4 40 11)-(5 62 17)-(3 47 31)-(6 24 9)]
0.7125, 0.5521563354492187, [(3 50 1)-(0 7 4)-(15 1 23)-(6 25 4)-(13 4 14)-(0 30 18)]
0.7142, 0.5528327880859375, [(13 60 19)-(6 42 27)-(14 46 4)-(4 29 12)-(8 34 26)-(7 8 27)]
0.714, 0.5525316436767578, [(12 30 30)-(0 6 10)-(11 54 24)-(15 43 22)-(12 44 17)-(3 21 30)]
0.7138, 0.5525147796630859, [(0 6 18)-(10 51 31)-(7 31 9)-(8 0 0)-(4 9 8)-(3 40 18)]
0.7107, 0.5536976440429688, [(4 26 13)-(6 63 19)-(4 13 31)-(13 6 28)-(13 38 31)-(9 11 31)]
0.714, 0.552534033203125, [(7 50 30)-(12 57 30)-(5 25 16)-(5 10 13)-(1 15 12)-(2 25 13)]
0.7121, 0.5487225402832031, [(15 0 12)-(6 19 29)-(4 14 30)-(3 16 26)-(8 28 8)-(15 59 31)]
0.7098, 0.5500664154052735, [(9 18 10)-(15 9 21)-(10 14 26)-(7 4 16)-(7 27 22)-(13 22 6)]
0.7136, 0.5524271484375001, [(12 8 20)-(0 58 26)-(9 61 20)-(6 61 6)-(12 9 21)-(11 61 23)]
0.7135, 0.552615951538086, [(7 3 5)-(5 12 25)-(9 3 23)-(3 12 9)-(5 42 26)-(13 29 8)]
0.7132000000000001, 0.5522599639892578, [(10 34 26)-(12 17 21)-(10 59 16)-(13 24 16)-(10 57 21)-(1 31 16)]
0.7138, 0.5523316497802735, [(3 57 11)-(10 57 7)-(13 49 16)-(14 40 24)-(8 23 21)-(1 12 0)]
0.714, 0.55253173828125, [(3 8 8)-(14 8 11)-(13 56 9)-(0 3 3)-(7 55 16)-(15 20 1)]
0.714, 0.5525317413330078, [(2 37 12)-(5 50 19)-(5 39 19)-(13 7 28)-(8 37 7)-(8 55 11)]
0.714, 0.5525317230224609, [(0 15 8)-(1 63 4)-(2 32 10)-(12 18 4)-(7 7 4)-(8 40 3)]
0.7137, 0.5526901916503906, [(7 9 23)-(1 35 27)-(2 32 23)-(13 12 4)-(14 50 9)-(3 25 10)]
0.714, 0.5525229339599609, [(2 10 0)-(6 37 1)-(13 3 0)-(6 8 1)-(1 9 12)-(1 0 11)]
0.714, 0.5525320907592773, [(6 31 30)-(6 58 31)-(3 7 5)-(8 39 21)-(8 2 10)-(14 24 29)]
0.714, 0.5525317291259766, [(3 38 7)-(0 41 23)-(15 38 27)-(0 32 26)-(0 55 0)-(5 55 23)]
0.7126, 0.5517634185791016, [(7 57 17)-(9 9 17)-(1 19 8)-(3 24 24)-(5 19 21)-(15 57 17)]
0.714, 0.5525317291259766, [(11 40 6)-(12 44 16)-(9 63 26)-(13 27 4)-(14 51 20)-(5 40 18)]
0.7027, 0.5425254669189453, [(3 29 9)-(0 22 27)-(10 48 25)-(2 7 17)-(1 3 23)-(8 44 11)]
0.714, 0.552540756225586, [(11 38 31)-(2 15 17)-(15 47 13)-(9 38 0)-(1 12 5)-(10 28 9)]
0.7110000000000001, 0.5512098968505859, [(0 8 18)-(11 13 6)-(12 42 15)-(5 44 13)-(12 28 16)-(5 26 27)]
0.7133, 0.5526604217529296, [(0 22 16)-(5 26 16)-(1 59 6)-(15 33 19)-(2 20 24)-(8 36 17)]
0.7135, 0.5521878967285156, [(2 37 18)-(8 58 29)-(14 63 23)-(10 56 4)-(3 24 20)-(6 23 21)]
0.714, 0.5525282104492187, [(10 38 17)-(14 17 14)-(9 56 14)-(15 19 20)-(9 10 15)-(0 8 18)]
0.714, 0.5525190551757813, [(5 0 12)-(14 12 5)-(8 9 10)-(15 62 15)-(9 32 12)-(5 16 1)]
0.7046, 0.544220785522461, [(10 52 12)-(8 21 31)-(14 54 10)-(8 48 25)-(13 49 17)-(4 4 16)]
0.714, 0.5525317260742187, [(4 35 20)-(8 59 29)-(6 51 3)-(12 38 14)-(9 62 3)-(9 52 18)]
0.7127, 0.5538200103759765, [(3 14 27)-(13 58 19)-(6 60 14)-(4 50 29)-(6 20 2)-(6 29 6)]
0.714, 0.5525358703613281, [(4 46 14)-(6 12 16)-(11 37 7)-(5 32 12)-(10 15 0)-(13 34 11)]
0.713, 0.5515878601074219, [(5 43 0)-(5 27 10)-(8 33 26)-(3 2 12)-(10 26 28)-(5 16 22)]
0.6737, 0.5268787109374999, [(13 48 0)-(6 27 30)-(1 17 26)-(1 27 26)-(5 43 1)-(1 32 22)]
0.7027000000000001, 0.5415338592529297, [(7 23 24)-(5 60 31)-(8 1 24)-(6 33 11)-(11 5 26)-(1 16 11)]
0.714, 0.5524587646484376, [(12 36 24)-(7 13 22)-(4 16 9)-(13 60 29)-(12 41 10)-(14 28 27)]
0.1, 0.9969603149414062, [(1 44 28)-(6 22 28)-(9 5 12)-(1 0 31)-(2 46 3)-(12 42 21)]
0.7135, 0.552407470703125, [(5 27 17)-(4 14 6)-(12 54 7)-(8 60 1)-(12 54 4)-(3 29 25)]
0.714, 0.5525322998046875, [(7 51 6)-(9 5 12)-(4 22 2)-(6 60 24)-(0 4 13)-(6 32 9)]
0.714, 0.5525326385498046, [(5 0 2)-(2 13 13)-(0 39 29)-(15 44 18)-(13 40 19)-(12 51 20)]
0.7131, 0.5524728424072265, [(5 60 18)-(5 59 18)-(6 42 23)-(14 46 17)-(1 44 13)-(5 6 19)]
0.7144, 0.5532257232666016, [(0 8 15)-(5 20 27)-(7 55 13)-(8 59 29)-(9 14 11)-(5 2 11)]
0.6366, 0.5198561630249023, [(9 2 31)-(8 5 17)-(14 50 14)-(6 46 14)-(3 43 10)-(4 49 10)]
0.714, 0.5525305389404297, [(5 37 18)-(6 63 8)-(2 39 12)-(0 17 11)-(5 45 24)-(9 45 14)]
0.7121999999999999, 0.5521890991210937, [(11 23 22)-(3 55 2)-(0 53 21)-(3 15 27)-(3 52 3)-(10 11 20)]
0.7032, 0.5431124084472656, [(5 5 28)-(11 60 18)-(10 0 16)-(15 19 8)-(2 2 26)-(15 13 10)]
0.7145999999999999, 0.5520633483886719, [(12 7 12)-(8 34 29)-(4 30 7)-(7 29 24)-(6 41 16)-(4 6 20)]
0.7133, 0.5525563690185546, [(11 6 19)-(15 36 4)-(6 37 0)-(0 4 8)-(9 51 3)-(4 38 29)]
0.714, 0.5525194396972657, [(5 58 1)-(0 8 19)-(13 25 18)-(8 36 10)-(10 34 11)-(9 54 16)]
0.6896, 0.5596558807373047, [(5 26 2)-(4 39 31)-(10 37 8)-(2 25 31)-(7 10 1)-(7 12 17)]
0.7129000000000001, 0.5515945220947266, [(4 44 2)-(14 22 2)-(14 1 20)-(14 18 20)-(11 33 20)-(15 5 15)]
0.7137, 0.5525349670410156, [(12 28 21)-(11 4 12)-(5 28 4)-(6 58 30)-(1 58 27)-(15 34 4)]
0.7141, 0.5523530792236329, [(0 42 1)-(12 57 26)-(7 47 10)-(6 18 20)-(8 20 21)-(7 33 19)]
0.7141, 0.5525441436767579, [(13 1 11)-(13 59 22)-(2 10 21)-(10 9 7)-(4 28 16)-(1 43 30)]
0.7145999999999999, 0.5532492462158203, [(6 7 5)-(12 20 26)-(7 42 17)-(14 15 1)-(13 43 22)-(4 54 4)]
0.6068, 0.5137971878051758, [(4 55 27)-(5 16 20)-(0 33 31)-(1 1 13)-(15 59 18)-(9 0 25)]
0.7065, 0.5546968444824218, [(6 22 23)-(3 15 31)-(9 4 29)-(0 1 30)-(4 55 12)-(3 22 31)]
0.7139, 0.552532455444336, [(12 1 15)-(5 30 21)-(14 37 26)-(5 6 9)-(4 9 8)-(0 61 10)]
0.7121, 0.5514840148925781, [(7 25 28)-(15 47 31)-(6 9 7)-(0 24 10)-(3 47 11)-(0 5 14)]
0.714, 0.5525339721679687, [(8 37 20)-(3 33 10)-(13 16 5)-(4 17 14)-(10 24 17)-(1 50 5)]
0.7139, 0.5523519775390625, [(3 4 22)-(5 22 26)-(14 20 17)-(4 2 12)-(2 6 30)-(6 5 3)]
0.714, 0.55253173828125, [(1 19 12)-(13 58 4)-(0 36 15)-(15 60 29)-(1 40 24)-(12 14 6)]
0.714, 0.5525317077636718, [(11 63 20)-(0 41 7)-(11 2 3)-(7 59 13)-(1 38 13)-(13 23 10)]
0.7004, 0.5352893371582031, [(0 38 24)-(7 0 24)-(11 44 9)-(1 31 17)-(5 58 22)-(7 25 26)]
0.714, 0.5525224334716796, [(8 50 8)-(6 42 17)-(9 5 16)-(7 39 20)-(1 59 29)-(3 32 26)]
0.7136, 0.5527564025878906, [(15 63 26)-(11 25 10)-(10 63 13)-(0 19 23)-(11 60 22)-(13 29 20)]
0.7144999999999999, 0.5533924560546875, [(10 20 8)-(6 53 8)-(9 60 17)-(2 42 30)-(0 21 24)-(0 49 0)]
0.7141, 0.5525469543457031, [(3 3 5)-(13 59 12)-(7 3 13)-(14 35 30)-(2 24 23)-(1 53 14)]
0.7137, 0.5525438293457031, [(5 63 8)-(15 42 26)-(9 22 31)-(10 36 1)-(13 51 24)-(1 41 13)]
0.714, 0.552531736755371, [(2 18 3)-(4 3 7)-(4 31 25)-(9 41 26)-(2 46 27)-(4 5 1)]
0.714, 0.5525324676513672, [(4 38 30)-(4 29 16)-(3 57 16)-(15 46 29)-(12 32 8)-(8 35 9)]
0.7144999999999999, 0.5521015045166016, [(8 16 11)-(4 18 26)-(10 8 11)-(0 8 25)-(5 33 11)-(10 11 10)]
0.7132000000000001, 0.5524436798095702, [(8 55 25)-(3 23 21)-(0 26 11)-(11 15 5)-(9 11 15)-(1 23 5)]
0.712, 0.5505399597167968, [(13 44 2)-(15 32 22)-(10 56 0)-(7 26 26)-(6 17 16)-(13 45 26)]
0.714, 0.5525317260742187, [(14 28 16)-(10 17 3)-(4 55 0)-(7 59 22)-(14 7 10)-(6 25 30)]
0.7110000000000001, 0.5503634643554688, [(9 29 27)-(5 14 25)-(6 47 31)-(10 13 31)-(10 20 26)-(4 57 23)]
0.7117, 0.5545608001708984, [(0 9 3)-(2 41 11)-(11 29 3)-(11 52 5)-(5 2 10)-(2 5 28)]
0.7139, 0.552552587890625, [(13 33 3)-(5 7 14)-(13 55 27)-(4 29 21)-(10 46 17)-(2 6 14)]
0.7137, 0.5525049346923828, [(5 14 20)-(5 43 19)-(11 32 16)-(13 47 23)-(5 55 19)-(2 49 3)]
0.7101999999999999, 0.5553904937744141, [(9 47 18)-(15 48 27)-(13 1 28)-(15 21 22)-(10 3 22)-(11 32 13)]
0.6789000000000001, 0.5506718078613281, [(13 56 31)-(8 56 23)-(12 44 14)-(2 12 31)-(12 40 12)-(7 52 11)]
0.7139, 0.5522710754394531, [(4 48 19)-(6 38 19)-(2 5 14)-(1 20 22)-(3 58 11)-(0 15 7)]
0.6424, 0.5034624359130859, [(0 17 31)-(12 62 21)-(6 44 27)-(10 49 12)-(0 24 11)-(14 21 9)]
0.7118, 0.5520362335205078, [(7 13 27)-(9 33 14)-(13 34 4)-(12 28 10)-(0 34 14)-(9 19 3)]
0.5894, 0.501293553161621, [(8 1 31)-(6 27 21)-(10 8 26)-(1 55 16)-(10 52 2)-(0 60 8)]
0.7134, 0.5525150756835937, [(2 1 5)-(8 31 10)-(13 22 31)-(3 18 19)-(3 39 5)-(4 45 20)]
0.714, 0.5525312866210937, [(3 27 13)-(15 42 7)-(12 44 2)-(13 52 22)-(4 17 2)-(4 35 21)]
0.7116, 0.5525449523925781, [(12 51 24)-(8 22 16)-(1 8 23)-(7 28 7)-(6 45 13)-(11 37 16)]
0.7128000000000001, 0.5518816101074219, [(15 14 31)-(7 38 21)-(10 31 5)-(11 36 8)-(0 11 26)-(0 47 5)]
0.714, 0.5525311737060548, [(6 3 12)-(4 24 2)-(15 37 5)-(9 46 28)-(3 52 8)-(2 23 5)]
0.7116, 0.5519995513916016, [(13 45 3)-(1 32 9)-(1 25 31)-(8 29 19)-(8 54 10)-(3 48 8)]
0.714, 0.5525317291259766, [(8 41 12)-(0 49 3)-(11 36 3)-(9 34 9)-(3 56 3)-(5 50 2)]
0.714, 0.5525317260742187, [(9 36 28)-(6 54 4)-(8 37 23)-(5 52 4)-(7 57 25)-(12 48 1)]
0.7112, 0.5524418243408202, [(9 27 25)-(0 8 5)-(6 37 29)-(14 41 11)-(5 36 9)-(9 37 20)]
0.7133, 0.55243486328125, [(13 9 10)-(6 22 4)-(7 39 6)-(11 9 29)-(14 13 13)-(0 17 12)]
0.714, 0.5525313568115234, [(5 8 4)-(9 11 15)-(3 51 29)-(1 13 17)-(14 19 22)-(0 38 4)]
0.714, 0.5525317199707032, [(6 30 4)-(9 61 25)-(8 17 5)-(2 52 27)-(7 19 3)-(14 40 9)]
0.595, 0.4887898880004883, [(9 0 29)-(5 63 25)-(11 18 30)-(1 21 8)-(5 23 10)-(12 4 18)]
0.7134, 0.552819644165039, [(1 38 25)-(10 48 13)-(6 53 21)-(7 29 23)-(13 35 3)-(8 9 31)]
0.714, 0.5525316787719727, [(4 38 30)-(11 29 19)-(9 32 22)-(3 2 10)-(0 27 12)-(5 52 7)]
0.7142, 0.5526750534057617, [(12 32 29)-(1 39 1)-(2 5 2)-(13 34 28)-(11 57 5)-(10 10 22)]
0.7124999999999999, 0.5511106079101562, [(3 14 14)-(10 10 7)-(7 14 29)-(1 54 8)-(8 57 20)-(1 25 18)]
0.714, 0.5525317260742187, [(2 40 7)-(5 41 27)-(2 57 22)-(14 50 23)-(15 41 28)-(0 61 6)]
0.7145999999999999, 0.5526098663330079, [(14 13 24)-(10 8 30)-(11 10 16)-(1 26 18)-(15 2 20)-(0 1 20)]
0.714, 0.5525314910888672, [(2 36 31)-(7 63 10)-(7 35 5)-(10 52 9)-(1 9 11)-(1 63 4)]
0.7139, 0.5528992279052735, [(15 7 19)-(6 13 0)-(7 36 16)-(9 29 29)-(1 35 3)-(14 38 17)]
0.7121999999999999, 0.5403370147705078, [(11 43 16)-(14 15 11)-(4 45 19)-(6 60 27)-(15 53 25)-(6 0 22)]
0.7137, 0.5525274322509766, [(5 14 20)-(13 9 21)-(11 25 19)-(11 48 11)-(13 8 3)-(11 3 4)]
0.7093, 0.5495868804931641, [(14 56 24)-(12 9 23)-(13 35 25)-(12 7 28)-(13 19 23)-(0 44 7)]
0.714, 0.5525303070068359, [(13 51 12)-(11 31 12)-(8 5 9)-(14 25 11)-(3 43 17)-(14 2 11)]
0.7114, 0.5544839294433593, [(1 24 26)-(11 14 12)-(12 46 20)-(0 33 15)-(13 1 8)-(6 48 26)]
0.2306, 0.5427298736572266, [(12 0 31)-(3 5 18)-(11 5 6)-(4 53 31)-(12 45 25)-(7 33 18)]
0.7139, 0.5528447387695312, [(9 32 0)-(13 51 8)-(14 60 5)-(1 63 25)-(12 62 21)-(2 29 25)]
0.7046, 0.5440717163085937, [(5 10 29)-(0 9 25)-(8 43 31)-(7 60 4)-(1 14 27)-(1 20 21)]
0.7135, 0.5527281646728516, [(6 34 26)-(11 41 26)-(1 8 4)-(9 59 17)-(2 13 23)-(7 29 1)]
0.714, 0.5525280853271484, [(15 42 28)-(4 2 11)-(5 25 9)-(0 53 3)-(15 2 1)-(4 42 27)]
0.714, 0.5525300170898437, [(7 42 9)-(15 28 29)-(13 25 26)-(8 37 20)-(7 1 12)-(5 63 0)]
0.6789000000000001, 0.5308832000732422, [(5 13 10)-(1 3 28)-(4 8 14)-(2 11 25)-(8 52 15)-(6 14 8)]
0.7099, 0.5541194396972656, [(2 16 10)-(2 11 27)-(9 11 1)-(12 49 23)-(0 35 14)-(14 60 12)]
0.7137, 0.552504312133789, [(9 42 11)-(3 37 0)-(5 57 1)-(8 24 15)-(4 22 27)-(6 60 27)]
0.714, 0.5525317199707032, [(10 4 30)-(14 8 10)-(3 7 7)-(6 40 1)-(15 37 29)-(4 55 15)]
0.7132000000000001, 0.5515911437988281, [(13 0 19)-(12 45 30)-(13 57 28)-(5 44 27)-(8 56 26)-(12 31 21)]
0.714, 0.5525317291259766, [(5 8 30)-(15 32 6)-(1 46 19)-(6 10 5)-(3 26 5)-(5 46 5)]
0.6747000000000001, 0.4951112228393555, [(1 30 2)-(9 30 29)-(15 37 27)-(1 22 5)-(2 52 19)-(2 1 29)]
0.7141, 0.5523689666748046, [(7 11 20)-(6 41 5)-(3 50 1)-(13 61 16)-(10 26 16)-(1 34 15)]
0.7118, 0.5523518646240234, [(2 18 23)-(10 21 31)-(2 19 10)-(13 45 12)-(9 26 10)-(4 55 9)]
0.714, 0.5525317199707032, [(10 30 18)-(2 33 19)-(2 2 1)-(9 48 17)-(15 58 17)-(0 7 0)]
0.7128, 0.5507167266845703, [(10 3 23)-(6 43 20)-(15 15 5)-(3 52 9)-(11 42 2)-(11 53 6)]
0.7106, 0.5510835540771484, [(3 6 24)-(1 25 18)-(11 56 11)-(8 1 9)-(8 59 11)-(14 4 8)]
0.714, 0.5525317413330078, [(1 60 1)-(2 27 0)-(4 37 25)-(14 12 19)-(7 37 15)-(9 23 11)]
0.7139, 0.5524780639648438, [(2 27 17)-(8 18 12)-(13 20 31)-(14 23 29)-(6 37 28)-(4 62 28)]
0.7067, 0.5451486297607422, [(15 27 26)-(15 37 5)-(12 16 17)-(4 26 26)-(7 60 31)-(2 9 3)]
0.7113, 0.549330093383789, [(14 34 27)-(7 2 26)-(5 2 15)-(11 52 13)-(11 10 20)-(3 59 0)]
0.714, 0.5525317245483399, [(2 31 15)-(3 34 13)-(2 61 17)-(9 58 6)-(8 39 27)-(11 39 2)]
0.6779, 0.530790771484375, [(0 52 2)-(9 40 27)-(12 62 10)-(1 16 29)-(1 3 25)-(6 56 0)]
0.7139, 0.5525278076171876, [(8 38 27)-(6 47 1)-(4 46 1)-(11 14 17)-(8 56 18)-(6 52 25)]
0.7137, 0.5533376373291016, [(11 8 1)-(0 13 25)-(3 4 27)-(0 59 24)-(14 19 25)-(11 21 6)]
0.7136, 0.5525191650390625, [(4 17 17)-(12 42 25)-(12 26 19)-(5 3 4)-(6 56 4)-(8 28 8)]
0.7138, 0.5525526428222656, [(5 25 22)-(12 43 26)-(1 44 22)-(11 7 11)-(5 59 11)-(13 27 27)]
0.714, 0.5525317260742187, [(6 30 18)-(7 54 1)-(13 35 21)-(14 11 8)-(11 41 28)-(4 9 7)]
0.71, 0.5553444885253906, [(5 39 26)-(2 14 14)-(1 16 20)-(5 20 25)-(4 11 31)-(3 59 13)]
0.6902, 0.48744353942871094, [(11 0 27)-(3 25 17)-(4 17 27)-(1 48 23)-(5 28 18)-(15 34 23)]
0.7095, 0.5534677185058594, [(12 54 8)-(14 3 7)-(3 8 31)-(1 56 20)-(8 45 24)-(3 5 19)]
0.7142, 0.5501566650390625, [(12 56 10)-(5 50 6)-(12 48 9)-(11 58 2)-(4 2 22)-(7 15 23)]
0.7134, 0.5533732757568359, [(9 24 25)-(2 20 22)-(8 16 26)-(12 51 3)-(0 38 28)-(8 7 20)]
0.714, 0.5525889434814453, [(8 21 23)-(9 42 15)-(4 47 29)-(7 42 6)-(6 57 10)-(15 14 5)]
0.6962999999999999, 0.5081178985595703, [(9 37 12)-(9 0 12)-(5 58 20)-(12 0 28)-(4 5 17)-(0 16 11)]
0.6732, 0.5318792694091797, [(11 7 18)-(10 2 31)-(15 41 25)-(0 49 0)-(1 4 31)-(4 55 28)]
0.7138, 0.5516960052490234, [(11 46 19)-(14 7 23)-(1 30 24)-(13 30 30)-(3 10 29)-(2 1 19)]
0.6060000000000001, 0.491612939453125, [(1 3 29)-(8 0 25)-(1 36 22)-(0 16 9)-(14 39 9)-(11 8 7)]
0.7132000000000001, 0.5523071655273437, [(15 37 23)-(0 33 29)-(5 14 24)-(2 4 30)-(4 34 9)-(3 48 29)]
0.7147, 0.5506762054443359, [(14 56 11)-(5 5 16)-(9 20 27)-(11 10 9)-(10 19 9)-(13 35 15)]
0.714, 0.5525311553955078, [(13 59 1)-(8 26 17)-(1 9 5)-(0 32 0)-(10 50 26)-(15 19 19)]
0.7126, 0.5517095077514649, [(11 37 5)-(13 55 5)-(6 35 12)-(3 39 12)-(7 1 21)-(10 7 11)]
0.7110000000000001, 0.5493128234863282, [(9 9 2)-(4 37 30)-(8 30 13)-(2 47 19)-(7 2 28)-(5 35 9)]
0.7139, 0.5523512023925781, [(5 61 31)-(15 33 9)-(12 22 27)-(1 52 29)-(13 21 23)-(7 49 8)]
0.714, 0.5525172729492187, [(1 32 13)-(10 0 13)-(13 34 24)-(3 59 22)-(3 26 1)-(6 30 15)]
0.714, 0.5525315551757812, [(0 50 9)-(10 27 12)-(5 52 4)-(12 35 8)-(3 7 1)-(11 63 23)]
0.7136, 0.5529301239013672, [(7 31 30)-(6 53 2)-(3 30 3)-(6 15 5)-(2 5 23)-(5 7 14)]
0.714, 0.5525343933105469, [(1 51 27)-(5 31 4)-(5 23 30)-(6 1 11)-(13 60 11)-(9 9 16)]
0.7142999999999999, 0.553401431274414, [(9 4 1)-(3 3 31)-(4 37 1)-(7 54 18)-(11 34 19)-(15 39 28)]
0.7142999999999999, 0.5531342803955077, [(15 44 11)-(14 42 21)-(5 20 26)-(0 43 7)-(2 0 16)-(15 6 6)]
0.7137, 0.5521681915283203, [(15 31 0)-(14 16 2)-(1 44 22)-(9 3 20)-(2 0 18)-(10 42 16)]
0.713, 0.5503713684082032, [(10 18 25)-(5 33 20)-(6 38 26)-(6 60 10)-(3 60 9)-(2 29 11)]
0.714, 0.5525316711425781, [(14 43 19)-(6 3 5)-(11 55 15)-(7 52 11)-(8 15 6)-(10 10 14)]
0.714, 0.5525317230224609, [(3 0 0)-(6 41 11)-(4 43 7)-(4 30 25)-(4 52 7)-(13 56 18)]
0.714, 0.5525317321777343, [(0 42 0)-(0 4 3)-(3 52 1)-(7 35 8)-(3 56 6)-(9 46 31)]
0.7134, 0.5525572143554687, [(11 13 24)-(13 60 15)-(11 41 9)-(2 55 5)-(8 36 3)-(6 10 28)]
0.7139, 0.5521533920288086, [(12 6 27)-(10 4 24)-(3 17 7)-(6 51 13)-(14 14 4)-(10 53 28)]
0.714, 0.5525224029541016, [(2 3 16)-(0 6 17)-(15 25 4)-(3 20 1)-(10 52 1)-(3 1 14)]
0.7137, 0.5525661071777344, [(3 9 20)-(6 44 20)-(3 10 0)-(14 8 2)-(12 10 19)-(13 42 13)]
0.7134, 0.5528624389648438, [(9 19 24)-(11 30 7)-(2 55 23)-(4 4 23)-(1 51 13)-(5 54 3)]
0.7061, 0.5539498107910157, [(2 21 24)-(12 23 25)-(12 31 29)-(1 48 1)-(4 27 31)-(10 22 4)]
0.7137, 0.5524307342529297, [(6 6 21)-(4 32 11)-(1 31 0)-(12 28 14)-(8 11 25)-(11 60 17)]
0.7117, 0.550272622680664, [(14 53 23)-(3 62 15)-(11 21 8)-(14 54 6)-(8 23 26)-(14 62 30)]
0.714, 0.5524976989746093, [(9 6 23)-(11 39 30)-(8 13 30)-(3 37 12)-(6 47 2)-(15 38 3)]
0.7137, 0.5532910766601562, [(7 10 27)-(9 53 14)-(4 19 11)-(14 50 1)-(4 7 29)-(12 32 22)]
0.7136, 0.5524076721191407, [(12 40 1)-(7 7 10)-(1 36 1)-(10 18 10)-(13 25 20)-(5 24 23)]
0.7135, 0.5515884643554687, [(15 55 11)-(4 27 4)-(11 53 6)-(11 24 24)-(5 39 1)-(0 2 27)]
0.714, 0.5525317260742187, [(1 47 10)-(9 58 5)-(14 58 10)-(8 43 12)-(13 39 30)-(1 49 15)]
0.7139, 0.5525037384033203, [(15 6 10)-(13 12 23)-(13 49 31)-(12 35 21)-(14 2 16)-(6 1 12)]
0.6465000000000001, 0.5239042312622071, [(11 36 22)-(12 11 8)-(0 18 20)-(15 59 4)-(12 51 16)-(2 0 28)]
0.7121, 0.5544894775390625, [(4 54 8)-(2 47 24)-(13 6 25)-(8 29 28)-(0 11 17)-(6 11 25)]
0.6779999999999999, 0.5540774627685547, [(4 8 9)-(3 0 25)-(14 59 13)-(4 27 11)-(10 27 29)-(12 41 2)]
0.714, 0.5525334655761719, [(8 56 14)-(5 34 26)-(10 36 20)-(2 54 20)-(9 32 29)-(9 2 13)]
0.714, 0.5525317352294922, [(2 25 1)-(7 15 11)-(14 9 19)-(11 32 18)-(1 44 19)-(12 18 30)]
0.7139, 0.5525260223388672, [(7 26 9)-(3 63 8)-(12 8 17)-(8 48 9)-(5 56 9)-(11 33 15)]
0.71, 0.5499262817382813, [(3 15 17)-(10 14 27)-(14 48 17)-(3 47 0)-(9 4 10)-(13 44 31)]
0.7129, 0.5530648315429687, [(12 53 21)-(11 58 24)-(11 11 24)-(3 3 20)-(2 42 22)-(14 52 0)]
0.714, 0.5525320129394531, [(9 50 31)-(0 56 24)-(7 52 5)-(6 60 25)-(8 40 25)-(5 13 14)]
0.714, 0.5525322326660156, [(0 59 4)-(13 53 12)-(15 37 26)-(6 36 30)-(11 7 17)-(11 38 23)]
0.7138, 0.5525489685058593, [(11 40 23)-(1 51 1)-(8 3 18)-(0 35 14)-(10 11 10)-(0 54 12)]
0.7139, 0.5524219970703125, [(3 34 11)-(10 49 21)-(4 61 11)-(12 50 20)-(2 43 11)-(4 5 21)]
0.714, 0.5525317321777343, [(8 1 14)-(9 58 7)-(14 57 12)-(15 14 3)-(6 51 28)-(9 50 7)]
0.7061, 0.5477629333496093, [(5 18 1)-(14 1 21)-(9 57 2)-(12 58 0)-(13 38 5)-(6 2 28)]
0.7088, 0.5485774780273438, [(0 61 7)-(9 58 11)-(9 42 21)-(7 25 31)-(0 2 21)-(7 32 7)]
0.714, 0.5525317169189453, [(4 62 25)-(10 59 19)-(10 47 21)-(6 41 13)-(5 46 1)-(11 3 7)]
0.7121999999999999, 0.5518985504150391, [(7 17 24)-(8 13 17)-(7 57 6)-(7 46 4)-(7 11 16)-(12 38 14)]
0.714, 0.552539370727539, [(1 59 5)-(4 31 4)-(5 54 19)-(0 37 6)-(9 23 19)-(5 1 0)]
0.714, 0.5525317352294923, [(0 63 25)-(15 36 29)-(3 50 10)-(2 52 13)-(3 58 30)-(11 30 5)]
0.714, 0.5525317260742187, [(8 46 17)-(13 34 11)-(11 43 25)-(14 60 25)-(9 50 31)-(6 32 7)]
0.675, 0.49536530151367186, [(2 26 1)-(5 63 9)-(2 1 26)-(10 52 12)-(7 57 20)-(10 46 3)]
0.714, 0.5525317291259766, [(10 59 26)-(10 51 10)-(9 62 1)-(12 38 3)-(15 47 1)-(6 40 21)]
0.7063999999999999, 0.5547767272949219, [(3 8 13)-(2 12 26)-(13 42 16)-(7 15 3)-(8 28 1)-(0 26 16)]
0.714, 0.5525330780029296, [(15 4 19)-(10 47 13)-(6 20 16)-(2 37 4)-(4 44 11)-(3 61 29)]
0.714, 0.5525313659667969, [(1 50 22)-(1 34 8)-(3 58 22)-(15 12 17)-(14 0 8)-(13 51 30)]
0.7042, 0.5420824951171875, [(6 18 6)-(13 2 27)-(10 15 7)-(6 48 27)-(1 22 27)-(3 8 26)]
0.7134, 0.5524519683837891, [(15 30 15)-(1 0 10)-(0 34 12)-(1 59 28)-(15 21 5)-(0 11 24)]
0.714, 0.5525317138671875, [(6 50 11)-(10 41 16)-(5 36 4)-(0 28 6)-(7 35 18)-(8 11 4)]
0.713, 0.5531982055664062, [(4 38 8)-(15 21 18)-(1 16 11)-(5 6 5)-(11 34 1)-(11 13 26)]
0.7117, 0.5513265197753907, [(14 34 7)-(15 18 26)-(3 0 21)-(11 57 7)-(0 51 8)-(7 24 17)]
0.714, 0.5525337860107422, [(1 56 8)-(8 30 6)-(11 29 17)-(6 41 31)-(12 36 28)-(1 17 12)]
0.714, 0.5525317230224609, [(7 31 27)-(14 50 16)-(9 61 14)-(11 36 26)-(14 37 26)-(12 44 5)]
0.6747000000000001, 0.4951122177124023, [(3 33 3)-(14 63 6)-(2 57 11)-(2 1 27)-(2 49 18)-(4 50 16)]
0.7139, 0.5524269744873047, [(11 35 4)-(7 54 9)-(1 42 17)-(12 19 19)-(5 63 4)-(1 38 19)]
0.714, 0.5525317321777343, [(9 31 22)-(5 47 0)-(7 26 30)-(15 50 3)-(8 34 16)-(4 48 25)]
0.714, 0.5525317321777343, [(5 54 3)-(14 54 26)-(7 36 16)-(6 36 20)-(10 44 15)-(6 37 29)]
0.7147, 0.5517840423583984, [(15 36 12)-(3 11 10)-(10 10 20)-(15 58 13)-(8 14 19)-(4 21 21)]
0.7127, 0.5545240447998047, [(13 21 17)-(8 19 1)-(8 4 3)-(2 24 27)-(2 5 21)-(0 33 10)]
0.7139, 0.5525251068115234, [(9 16 23)-(9 31 9)-(9 45 22)-(0 7 20)-(7 55 27)-(13 45 11)]
0.714, 0.5525317291259766, [(4 17 4)-(10 35 12)-(7 3 5)-(11 34 10)-(10 25 6)-(5 63 11)]
0.7126, 0.5518984313964843, [(10 12 15)-(3 14 16)-(5 59 4)-(4 30 29)-(5 39 9)-(0 26 25)]
0.714, 0.5525317779541016, [(11 7 8)-(7 57 27)-(13 37 7)-(4 2 1)-(7 4 4)-(7 6 11)]
0.7134, 0.5524920776367188, [(7 62 7)-(5 21 23)-(7 24 29)-(8 38 7)-(6 33 28)-(4 31 3)]
0.7137, 0.5529533935546875, [(1 7 26)-(6 37 25)-(12 44 2)-(2 7 3)-(2 53 8)-(3 28 9)]
0.707, 0.5530237823486328, [(4 27 23)-(8 46 4)-(6 4 3)-(12 18 5)-(4 3 26)-(7 53 1)]
0.714, 0.5525317291259766, [(13 45 8)-(8 51 9)-(15 10 27)-(6 53 4)-(14 30 23)-(7 44 21)]
0.714, 0.5525325286865235, [(15 45 16)-(5 21 5)-(14 24 2)-(9 19 14)-(0 1 11)-(11 47 19)]
0.7132000000000001, 0.5526100769042969, [(14 9 10)-(6 20 30)-(14 21 27)-(0 24 25)-(0 25 5)-(6 6 9)]
0.714, 0.5525304260253907, [(1 53 5)-(3 36 20)-(1 50 7)-(0 50 16)-(12 17 13)-(5 2 10)]
0.714, 0.552531802368164, [(1 59 5)-(8 62 19)-(2 55 28)-(6 12 12)-(4 27 0)-(14 34 0)]
0.7003999999999999, 0.5275169326782227, [(1 14 13)-(11 33 9)-(10 15 27)-(1 14 15)-(1 16 26)-(2 8 27)]
0.714, 0.552533657836914, [(0 46 27)-(10 25 15)-(7 44 6)-(2 52 20)-(7 6 1)-(2 53 18)]
0.711, 0.5508487884521485, [(5 15 29)-(3 5 1)-(4 54 0)-(3 52 8)-(13 45 18)-(14 36 30)]
0.7113, 0.5492018951416016, [(12 39 27)-(4 30 6)-(5 61 29)-(10 52 0)-(7 11 27)-(15 0 5)]
0.714, 0.5525317321777343, [(13 37 15)-(14 55 22)-(4 44 22)-(15 27 27)-(6 55 5)-(1 28 6)]
0.7138, 0.552920053100586, [(3 28 13)-(14 15 10)-(5 41 12)-(15 61 3)-(4 15 25)-(5 53 16)]
0.7139, 0.5525418060302734, [(8 14 20)-(2 43 12)-(2 4 6)-(14 57 5)-(14 55 19)-(11 20 5)]
0.714, 0.552531674194336, [(1 56 9)-(8 46 6)-(13 24 4)-(3 0 6)-(5 42 16)-(15 61 28)]
0.714, 0.5525317230224609, [(3 14 0)-(10 36 28)-(9 1 30)-(14 34 13)-(2 57 6)-(6 62 21)]
0.7139, 0.5475211486816407, [(2 28 28)-(2 53 24)-(8 11 20)-(7 35 10)-(1 46 0)-(11 52 21)]
0.7131000000000001, 0.5527464569091797, [(7 7 2)-(11 60 19)-(1 0 11)-(2 15 8)-(14 63 20)-(8 6 24)]
0.7137, 0.5522615570068359, [(11 24 9)-(8 37 18)-(11 51 14)-(11 19 8)-(8 20 20)-(9 6 6)]
0.714, 0.552554281616211, [(10 31 1)-(4 11 20)-(12 58 9)-(11 9 3)-(9 35 24)-(14 57 26)]
0.714, 0.5525317352294922, [(1 27 6)-(8 37 5)-(8 59 1)-(4 50 18)-(10 31 30)-(12 56 3)]
0.714, 0.5525317321777343, [(1 56 16)-(15 47 30)-(4 31 10)-(15 16 0)-(1 13 4)-(2 39 1)]
0.7102999999999999, 0.5499143310546875, [(1 21 19)-(6 27 7)-(12 48 25)-(3 27 27)-(0 22 12)-(8 54 25)]
0.7142999999999999, 0.5525937225341797, [(10 20 21)-(10 28 2)-(5 25 8)-(6 56 30)-(3 62 9)-(1 9 6)]
0.7122999999999999, 0.5505196716308594, [(11 60 10)-(12 39 26)-(7 27 31)-(3 29 18)-(0 31 21)-(9 61 27)]
0.7138, 0.5524199981689453, [(5 51 30)-(4 2 15)-(9 7 20)-(4 52 7)-(1 6 7)-(11 36 28)]
0.6983, 0.5034191009521485, [(13 0 26)-(7 41 19)-(1 27 30)-(5 60 14)-(13 21 19)-(4 31 24)]
0.7139, 0.5529682891845703, [(2 7 22)-(12 16 30)-(0 32 6)-(13 34 21)-(9 44 23)-(9 38 9)]
0.7137, 0.5523418319702148, [(5 62 7)-(0 21 9)-(8 18 21)-(5 44 21)-(10 61 28)-(13 41 19)]
0.7124999999999999, 0.5533012939453126, [(1 18 29)-(14 9 8)-(6 10 14)-(11 45 22)-(14 58 10)-(0 30 1)]
0.6845, 0.5455547546386719, [(8 61 7)-(1 8 31)-(0 44 15)-(6 20 16)-(14 21 16)-(14 31 3)]
0.7114, 0.5470402069091798, [(12 2 28)-(8 47 18)-(12 43 26)-(14 14 17)-(1 60 25)-(5 45 18)]
0.7139, 0.5525352661132812, [(4 12 11)-(0 5 0)-(14 3 4)-(12 27 16)-(10 49 18)-(11 33 24)]
0.713, 0.5513766326904297, [(2 22 3)-(0 2 28)-(1 14 13)-(13 5 15)-(14 56 20)-(6 53 13)]
0.7121, 0.5528103698730469, [(5 50 1)-(4 54 12)-(8 8 26)-(6 52 16)-(9 12 13)-(14 35 26)]
0.7139, 0.5525256591796874, [(3 28 17)-(0 60 18)-(15 43 25)-(15 51 30)-(10 20 9)-(11 13 12)]
0.7141, 0.5533552459716797, [(1 3 17)-(3 45 29)-(0 33 31)-(5 48 6)-(13 24 25)-(7 6 27)]
0.7029, 0.5446783905029298, [(9 2 29)-(14 7 4)-(8 7 10)-(7 37 15)-(0 4 8)-(6 13 8)]
0.714, 0.5525317230224609, [(13 30 19)-(13 5 24)-(9 33 24)-(15 19 31)-(6 16 7)-(14 24 12)]
0.714, 0.5525342376708984, [(7 9 12)-(12 63 30)-(14 11 18)-(2 10 4)-(15 62 16)-(10 25 20)]
0.714, 0.5525318969726563, [(9 17 4)-(1 12 7)-(5 26 1)-(7 42 11)-(8 16 11)-(13 59 31)]
0.7123999999999999, 0.5461767639160156, [(7 57 5)-(9 24 0)-(14 48 25)-(9 58 29)-(0 30 18)-(5 2 23)]
0.714, 0.5525317108154297, [(1 29 6)-(9 18 1)-(8 36 13)-(6 52 28)-(12 8 9)-(12 5 1)]
0.7010000000000001, 0.5430542755126953, [(14 39 28)-(2 7 19)-(11 62 18)-(2 3 23)-(2 63 0)-(5 6 29)]
0.714, 0.5525315856933594, [(4 55 22)-(5 61 25)-(10 49 22)-(9 15 13)-(8 63 13)-(13 60 27)]
0.714, 0.5525317199707032, [(14 23 30)-(9 46 12)-(12 52 1)-(14 14 0)-(1 39 19)-(13 12 10)]
0.714, 0.5525317169189452, [(5 18 6)-(3 54 6)-(12 38 24)-(1 41 22)-(14 58 10)-(0 63 16)]
0.7144999999999999, 0.5522792419433593, [(12 8 10)-(7 31 4)-(7 20 19)-(11 37 21)-(6 11 0)-(0 62 10)]
0.7054, 0.5419779113769532, [(2 20 9)-(10 51 11)-(14 43 5)-(6 4 5)-(0 37 16)-(4 21 25)]
0.7129000000000001, 0.5525273040771483, [(5 51 6)-(9 59 5)-(5 36 14)-(11 29 19)-(8 20 5)-(15 1 17)]
0.714, 0.5525317260742187, [(0 59 14)-(14 54 25)-(1 3 4)-(4 40 1)-(7 56 3)-(13 36 17)]
0.714, 0.5525317352294922, [(14 56 18)-(14 61 16)-(12 28 30)-(9 55 29)-(10 57 27)-(12 41 4)]
0.714, 0.5525316192626953, [(12 63 12)-(15 9 23)-(3 23 12)-(15 38 26)-(9 50 21)-(3 47 26)]
0.714, 0.5525317321777343, [(11 11 2)-(13 29 2)-(14 33 3)-(14 38 22)-(7 15 6)-(0 61 14)]
0.714, 0.552532244873047, [(0 58 0)-(13 5 4)-(14 23 12)-(4 4 13)-(8 53 15)-(1 19 4)]
0.7137, 0.5524578491210937, [(1 1 5)-(4 22 24)-(0 7 10)-(2 52 22)-(13 21 15)-(9 42 20)]
0.7139, 0.5525445953369141, [(15 49 4)-(3 46 20)-(1 35 28)-(4 40 22)-(4 22 21)-(4 26 9)]
0.7139, 0.5525362762451171, [(15 56 17)-(0 49 15)-(5 15 4)-(7 45 8)-(9 41 12)-(9 27 16)]
0.7137, 0.5523128021240234, [(11 57 4)-(2 57 6)-(5 13 24)-(5 17 21)-(7 60 31)-(2 62 1)]
0.714, 0.5525317230224609, [(6 41 25)-(4 34 29)-(10 56 22)-(11 57 24)-(10 24 5)-(0 59 25)]
0.714, 0.5525294616699219, [(5 30 11)-(11 56 24)-(1 45 15)-(15 32 31)-(10 13 24)-(14 19 23)]
0.7134, 0.5525797363281251, [(12 45 9)-(2 47 21)-(1 31 14)-(10 58 23)-(9 17 24)-(14 15 25)]
0.714, 0.5525317199707032, [(6 51 2)-(6 30 21)-(13 36 9)-(11 43 14)-(1 60 10)-(7 40 3)]
0.7131, 0.5521338836669922, [(2 42 6)-(15 51 22)-(8 52 3)-(5 45 19)-(0 39 31)-(10 18 23)]
0.714, 0.5525270507812501, [(6 59 23)-(13 27 1)-(9 13 14)-(5 55 3)-(13 7 28)-(13 40 26)]
0.712, 0.550543325805664, [(7 10 13)-(4 40 29)-(7 18 0)-(0 48 8)-(7 26 28)-(14 24 29)]
0.7141, 0.5525274169921874, [(7 11 12)-(4 38 29)-(11 11 30)-(1 1 7)-(3 35 13)-(12 12 21)]
0.714, 0.5525313537597656, [(11 12 12)-(0 22 6)-(13 41 5)-(10 32 1)-(12 60 22)-(2 37 19)]
0.7129, 0.5520615020751953, [(10 60 26)-(5 55 23)-(12 9 26)-(6 36 9)-(10 50 27)-(12 49 3)]
0.7145, 0.5526541900634765, [(1 14 21)-(3 17 23)-(15 56 10)-(0 54 29)-(5 47 4)-(8 18 5)]
0.7135, 0.5525134735107422, [(4 0 9)-(15 9 11)-(10 37 2)-(2 54 22)-(8 22 22)-(15 56 24)]
0.7134, 0.5528374145507813, [(12 25 0)-(0 61 27)-(12 5 24)-(13 59 28)-(11 39 23)-(15 46 26)]
0.715, 0.5520599334716797, [(3 15 17)-(13 1 13)-(3 41 30)-(0 42 26)-(8 55 29)-(9 26 23)]
0.7139, 0.5525579010009766, [(4 44 11)-(5 41 3)-(4 33 20)-(2 37 29)-(3 14 18)-(14 17 26)]
0.7101, 0.5545184204101563, [(0 32 20)-(13 1 26)-(10 0 19)-(14 33 10)-(13 4 6)-(1 3 13)]
0.714, 0.5525317138671875, [(9 17 4)-(12 49 6)-(11 16 4)-(15 40 8)-(3 32 20)-(8 33 12)]
0.714, 0.5525317260742187, [(12 36 16)-(4 33 12)-(9 14 0)-(2 30 22)-(9 38 29)-(8 39 11)]
0.714, 0.5525317199707032, [(10 59 14)-(3 42 22)-(3 30 21)-(1 31 28)-(11 39 5)-(5 47 11)]
0.7141, 0.5525749664306641, [(13 39 1)-(1 13 19)-(3 22 22)-(7 59 31)-(12 63 13)-(2 63 3)]
0.7132000000000001, 0.5529857940673828, [(12 41 2)-(13 56 26)-(11 11 23)-(8 26 10)-(13 51 10)-(6 48 16)]
0.714, 0.5525319427490234, [(10 33 1)-(14 52 10)-(8 3 11)-(13 46 0)-(11 28 30)-(4 33 9)]
0.7141, 0.552922868347168, [(15 15 27)-(8 28 1)-(0 54 20)-(9 46 16)-(0 43 3)-(7 23 28)]
0.7139, 0.5525361053466797, [(0 38 20)-(4 21 3)-(1 1 11)-(4 17 19)-(3 39 20)-(11 32 14)]
0.7136, 0.5531651809692383, [(6 0 14)-(3 42 10)-(2 62 20)-(15 58 2)-(6 27 23)-(9 18 19)]
0.6546000000000001, 0.542184228515625, [(3 20 25)-(2 22 13)-(8 32 16)-(2 0 25)-(10 47 3)-(11 34 30)]
0.7137, 0.5519550903320312, [(8 36 29)-(14 48 31)-(3 22 4)-(3 12 23)-(9 6 26)-(0 59 27)]
0.7138, 0.5525275848388672, [(15 31 19)-(0 22 20)-(6 8 16)-(4 43 10)-(12 37 23)-(11 31 14)]
0.6919, 0.528755793762207, [(0 51 8)-(12 22 6)-(4 21 28)-(5 6 28)-(13 19 12)-(5 59 25)]
0.714, 0.5525705596923828, [(6 62 23)-(14 18 15)-(4 9 23)-(1 23 12)-(3 0 13)-(2 61 27)]
0.714, 0.5525310180664063, [(0 61 9)-(0 10 14)-(13 61 31)-(8 61 20)-(1 14 10)-(15 27 2)]
0.7135, 0.5523394744873047, [(11 27 6)-(5 32 19)-(6 6 6)-(3 58 5)-(8 25 24)-(12 57 20)]
0.7138, 0.5522930511474609, [(0 47 9)-(8 0 16)-(12 25 1)-(7 21 23)-(2 47 11)-(9 33 9)]
0.714, 0.5525317230224609, [(15 22 1)-(1 48 10)-(13 6 19)-(0 21 30)-(11 58 29)-(11 18 9)]
0.7138, 0.5524866516113282, [(14 19 2)-(15 43 19)-(6 7 10)-(5 11 15)-(5 15 20)-(7 58 15)]
0.7134, 0.5523428314208985, [(14 55 24)-(11 25 0)-(13 37 19)-(9 55 26)-(3 33 31)-(5 3 23)]
0.7157, 0.5524923309326173, [(11 8 29)-(6 3 27)-(7 19 14)-(8 3 9)-(15 56 4)-(12 50 18)]
0.7139, 0.5526386322021484, [(8 50 17)-(6 39 17)-(4 3 20)-(4 62 30)-(9 59 24)-(1 53 5)]
0.7142, 0.5521319549560546, [(4 54 13)-(11 43 25)-(12 18 3)-(5 3 29)-(1 42 9)-(6 30 15)]
0.714, 0.5525316162109375, [(12 10 15)-(11 59 3)-(1 32 27)-(1 54 20)-(1 58 26)-(5 56 24)]
0.714, 0.5525305969238281, [(13 62 21)-(6 56 1)-(12 14 1)-(7 4 16)-(13 60 15)-(8 45 8)]
0.7136, 0.5521677795410156, [(0 13 25)-(15 6 0)-(0 8 28)-(2 41 0)-(13 46 2)-(5 41 9)]
0.5721, 0.5523508361816407, [(13 41 6)-(5 2 31)-(9 23 18)-(10 48 4)-(9 39 4)-(5 57 29)]
0.7130000000000001, 0.5532532135009766, [(2 8 15)-(0 52 31)-(15 21 19)-(11 61 22)-(14 31 3)-(2 11 25)]
0.7112, 0.5469742645263672, [(13 12 26)-(7 2 27)-(12 21 29)-(6 50 20)-(15 45 20)-(4 48 19)]
0.7131000000000001, 0.5513937683105469, [(8 11 26)-(8 8 5)-(1 41 20)-(5 11 18)-(11 45 7)-(10 16 24)]
0.7135, 0.5524256103515626, [(13 35 9)-(4 22 12)-(4 11 21)-(0 28 0)-(4 9 20)-(9 32 5)]
0.7125, 0.5520743927001953, [(15 1 23)-(2 39 19)-(4 14 30)-(1 5 2)-(1 21 20)-(10 44 19)]
0.7137, 0.5525958007812499, [(13 26 17)-(8 24 21)-(4 1 2)-(15 4 20)-(14 10 24)-(9 13 12)]
0.714, 0.552529263305664, [(10 16 18)-(9 11 6)-(9 10 16)-(12 23 3)-(13 56 7)-(11 31 22)]
0.7147, 0.5533841278076173, [(3 8 28)-(4 37 17)-(5 17 14)-(14 18 3)-(4 17 4)-(0 45 19)]
0.714, 0.5525317230224609, [(13 38 22)-(5 48 2)-(12 63 6)-(8 36 14)-(11 60 6)-(8 34 5)]
0.714, 0.5525317413330078, [(1 44 31)-(10 44 21)-(7 46 8)-(11 47 9)-(5 61 0)-(5 59 29)]
0.7139, 0.5526160980224609, [(5 8 22)-(14 25 29)-(2 4 4)-(15 31 13)-(11 14 1)-(11 46 24)]
0.7030000000000001, 0.5411442657470703, [(8 18 28)-(12 11 29)-(8 6 30)-(10 28 0)-(3 28 12)-(4 29 8)]
0.714, 0.5525349151611327, [(13 58 0)-(5 46 15)-(6 61 13)-(2 22 17)-(10 28 11)-(9 63 8)]
0.7136, 0.5507225006103516, [(9 16 28)-(10 31 16)-(11 10 15)-(3 39 19)-(9 54 25)-(2 23 7)]
0.7133, 0.5529831787109375, [(1 10 8)-(6 40 4)-(0 48 25)-(2 2 22)-(10 21 21)-(5 44 23)]
0.714, 0.5525296508789063, [(0 25 15)-(7 35 19)-(7 38 31)-(7 49 31)-(14 57 30)-(12 24 4)]
0.7132000000000001, 0.5455559753417969, [(4 54 26)-(7 32 13)-(0 27 26)-(3 50 8)-(13 23 23)-(14 59 14)]
0.7139, 0.5525320526123046, [(5 11 5)-(7 62 10)-(10 16 16)-(1 20 19)-(2 15 4)-(2 30 17)]
0.6980999999999999, 0.5411225219726562, [(5 3 27)-(3 19 26)-(11 29 27)-(7 63 18)-(5 6 27)-(4 9 27)]
0.714, 0.5525307067871095, [(5 50 26)-(14 4 0)-(7 25 13)-(5 37 21)-(13 10 20)-(3 10 21)]
0.714, 0.5525317413330078, [(0 41 2)-(3 10 1)-(12 9 1)-(1 17 0)-(13 29 2)-(2 49 13)]
0.714, 0.5525317169189453, [(0 55 6)-(7 51 1)-(15 33 5)-(12 48 2)-(13 63 1)-(11 34 6)]
0.7128, 0.5520915618896485, [(6 35 8)-(8 50 17)-(4 39 0)-(6 34 18)-(7 19 24)-(0 34 21)]
0.7118, 0.5531129180908203, [(14 38 26)-(10 26 6)-(8 52 10)-(2 29 31)-(0 13 18)-(14 11 11)]
0.7144999999999999, 0.5525560241699219, [(15 25 9)-(11 26 24)-(14 41 22)-(4 6 11)-(6 25 18)-(15 49 5)]
0.714, 0.5525317260742187, [(2 58 9)-(8 15 4)-(12 43 15)-(5 47 9)-(10 43 13)-(8 32 1)]
0.714, 0.5525317199707032, [(8 31 27)-(6 52 24)-(6 18 8)-(5 61 14)-(13 51 31)-(11 49 13)]
0.7137, 0.5521354248046875, [(0 17 20)-(5 35 16)-(0 58 25)-(11 23 12)-(1 41 2)-(2 38 8)]
0.7131, 0.5524364288330078, [(10 15 23)-(11 58 28)-(11 45 3)-(7 28 11)-(5 59 11)-(5 54 9)]
0.7130000000000001, 0.5527056610107421, [(6 17 1)-(15 63 22)-(8 61 1)-(13 36 18)-(13 16 2)-(11 22 29)]
0.7137, 0.5499066192626954, [(2 26 26)-(15 46 25)-(9 38 25)-(5 20 24)-(6 38 25)-(6 43 9)]
0.7133, 0.552756103515625, [(13 12 22)-(11 53 2)-(6 5 24)-(5 7 18)-(12 57 19)-(4 15 11)]
0.7123999999999999, 0.5520158874511718, [(2 62 20)-(4 46 15)-(13 37 14)-(12 33 29)-(9 8 29)-(15 38 7)]
0.714, 0.5525332244873047, [(4 29 17)-(1 8 4)-(13 57 13)-(15 14 24)-(10 34 3)-(8 31 30)]
0.714, 0.5525319122314454, [(12 61 14)-(5 22 4)-(15 41 24)-(1 29 14)-(13 4 19)-(7 63 1)]
0.6990000000000001, 0.5496313629150391, [(2 16 10)-(12 28 11)-(8 45 2)-(8 31 20)-(0 48 24)-(6 1 28)]
0.7139, 0.5524998535156249, [(3 29 25)-(12 50 22)-(15 3 31)-(12 26 7)-(0 4 21)-(12 61 12)]
0.7146, 0.55239921875, [(11 7 25)-(9 32 29)-(5 55 7)-(9 11 19)-(13 35 19)-(11 41 19)]
0.7127, 0.5513007049560548, [(6 3 22)-(15 58 24)-(5 10 10)-(8 31 21)-(7 11 1)-(9 0 8)]
0.7135, 0.5525364807128906, [(0 1 21)-(2 37 6)-(3 29 26)-(15 3 12)-(1 54 11)-(0 20 7)]
0.714, 0.5525317199707032, [(1 37 5)-(0 30 14)-(14 61 19)-(13 46 4)-(4 37 10)-(7 32 12)]
0.714, 0.5525317138671875, [(6 18 0)-(11 49 8)-(7 4 0)-(0 6 6)-(15 10 0)-(1 44 6)]
0.7125, 0.5514825286865235, [(1 5 14)-(3 45 19)-(2 56 26)-(0 20 28)-(3 55 12)-(6 19 8)]
0.714, 0.5525317260742187, [(15 56 31)-(13 21 1)-(6 3 2)-(0 28 2)-(3 53 17)-(12 41 20)]
0.7136, 0.5525849609375, [(12 13 16)-(9 53 30)-(6 4 20)-(7 21 16)-(10 20 15)-(10 8 20)]
0.7021, 0.5340180206298828, [(8 36 28)-(8 8 4)-(9 0 23)-(13 4 28)-(12 56 27)-(15 12 7)]
0.714, 0.5525317138671875, [(6 5 2)-(0 35 1)-(1 37 14)-(11 19 3)-(12 57 24)-(13 56 10)]
0.7116, 0.5507295166015624, [(1 32 9)-(13 32 30)-(0 28 19)-(10 34 18)-(15 7 31)-(8 23 25)]
0.7135, 0.5531432388305664, [(10 48 30)-(5 28 8)-(8 24 26)-(3 55 20)-(5 30 16)-(5 28 8)]
0.7105, 0.5498962799072266, [(3 27 26)-(9 40 3)-(0 56 16)-(1 46 5)-(15 7 29)-(8 2 19)]
0.7121999999999999, 0.5527228302001953, [(0 33 29)-(0 20 13)-(14 11 30)-(7 46 21)-(3 48 17)-(5 11 26)]
0.7138, 0.5527394958496094, [(0 11 20)-(3 4 24)-(10 35 4)-(0 25 2)-(11 24 4)-(14 8 31)]
0.714, 0.5525317199707032, [(2 32 17)-(9 63 2)-(15 18 0)-(12 61 25)-(3 52 30)-(14 26 10)]
0.714, 0.5525367492675781, [(15 34 29)-(3 26 18)-(15 60 24)-(12 57 2)-(14 47 8)-(15 39 20)]
0.7135, 0.5527657043457032, [(7 7 18)-(14 13 0)-(0 53 30)-(3 40 21)-(12 29 27)-(13 27 6)]
0.6979, 0.5405018157958984, [(12 8 28)-(11 60 0)-(14 14 20)-(1 48 9)-(6 23 16)-(14 55 10)]
0.7104, 0.5508210998535157, [(11 38 16)-(12 27 26)-(8 5 4)-(15 36 4)-(14 22 25)-(8 11 24)]
0.7139, 0.5524626159667969, [(1 10 24)-(0 62 5)-(10 2 17)-(10 39 14)-(10 46 18)-(15 48 25)]
0.714, 0.5525316467285156, [(13 35 16)-(2 28 4)-(7 35 24)-(7 19 11)-(11 30 14)-(2 58 31)]
0.7086, 0.5398181884765625, [(4 8 17)-(15 27 30)-(11 11 9)-(2 0 24)-(1 39 8)-(7 59 13)]
0.714, 0.5525317199707032, [(7 31 6)-(13 20 22)-(15 51 11)-(7 41 18)-(4 62 20)-(15 21 9)]
0.714, 0.5525317260742187, [(15 32 10)-(15 51 14)-(13 8 2)-(0 1 0)-(14 22 20)-(14 40 27)]
0.714, 0.5525317352294922, [(5 38 26)-(12 41 14)-(6 1 5)-(15 29 27)-(15 44 12)-(4 38 22)]
0.714, 0.552536865234375, [(3 61 19)-(14 9 26)-(4 14 15)-(9 10 30)-(3 41 15)-(0 54 10)]
0.714, 0.5525314422607421, [(2 52 15)-(11 58 29)-(6 0 6)-(2 62 22)-(1 63 18)-(8 45 16)]
0.7132000000000001, 0.552816226196289, [(3 16 24)-(9 46 11)-(0 30 27)-(0 60 26)-(13 44 2)-(2 26 8)]
0.7135, 0.5526935150146485, [(13 42 2)-(7 25 16)-(12 27 14)-(11 52 20)-(4 13 27)-(12 52 3)]
0.7139, 0.5525071014404297, [(13 40 17)-(13 56 1)-(2 51 18)-(5 44 4)-(14 62 8)-(8 27 21)]
0.714, 0.5525317260742187, [(12 47 0)-(14 32 19)-(4 41 25)-(13 34 12)-(14 55 15)-(11 43 5)]
0.7137, 0.5519746154785157, [(5 13 31)-(6 16 11)-(0 30 16)-(0 49 8)-(10 36 12)-(14 40 2)]
0.7132000000000001, 0.5514408599853515, [(5 0 18)-(14 40 10)-(4 9 19)-(11 3 1)-(7 13 19)-(11 17 17)]
0.7139, 0.552488540649414, [(10 27 20)-(5 41 20)-(6 41 31)-(15 46 6)-(2 62 11)-(4 37 17)]
0.714, 0.552506967163086, [(2 38 3)-(7 1 17)-(4 51 18)-(15 43 28)-(8 43 10)-(9 20 11)]
0.7138, 0.5525080322265625, [(0 0 11)-(1 45 7)-(14 15 7)-(5 17 19)-(15 41 3)-(14 50 4)]
0.7139, 0.5525239135742188, [(12 54 15)-(10 46 7)-(3 35 10)-(14 24 4)-(3 61 1)-(7 7 19)]
0.7138, 0.5525451293945312, [(5 24 10)-(5 8 18)-(8 47 16)-(15 57 29)-(13 38 18)-(4 46 4)]
0.7129, 0.5487940460205079, [(7 24 7)-(5 2 22)-(11 8 4)-(13 48 26)-(0 7 11)-(13 2 13)]
0.714, 0.5525351806640625, [(12 53 22)-(10 28 11)-(8 55 10)-(7 19 5)-(15 13 20)-(9 24 18)]
0.714, 0.5525307861328125, [(12 41 5)-(12 56 11)-(10 27 15)-(5 58 1)-(15 42 23)-(4 22 10)]
0.7114, 0.5498811950683593, [(0 42 5)-(3 50 15)-(8 22 15)-(8 17 26)-(10 19 12)-(1 40 3)]
0.714, 0.5525317260742187, [(6 45 20)-(11 22 6)-(15 33 12)-(13 30 17)-(6 55 1)-(9 45 13)]
0.714, 0.5525317199707032, [(3 35 7)-(15 36 12)-(11 30 22)-(7 10 4)-(4 42 24)-(1 34 1)]
0.714, 0.5525313079833984, [(1 40 28)-(1 5 15)-(2 57 19)-(14 17 6)-(8 38 15)-(2 27 8)]
0.7139, 0.5525343505859375, [(12 24 3)-(3 45 17)-(4 16 6)-(14 30 9)-(9 19 17)-(11 58 29)]
0.7139, 0.5524637145996094, [(14 21 19)-(15 38 3)-(15 57 20)-(6 36 27)-(8 18 20)-(8 25 9)]
0.714, 0.5525317199707032, [(1 53 16)-(11 23 8)-(4 57 6)-(7 30 19)-(4 43 23)-(11 5 30)]
0.7127, 0.5511454406738281, [(3 56 30)-(15 1 5)-(11 49 14)-(3 32 23)-(8 42 28)-(2 19 23)]
0.7141, 0.5525084320068359, [(6 59 9)-(3 27 11)-(5 51 22)-(4 34 23)-(4 44 20)-(7 10 22)]
0.7121999999999999, 0.5485709808349609, [(10 20 10)-(3 34 0)-(8 16 15)-(2 14 23)-(8 29 18)-(12 5 31)]
0.714, 0.552531900024414, [(1 15 3)-(6 4 11)-(3 62 26)-(9 30 0)-(0 28 15)-(15 28 5)]
0.7131000000000001, 0.5461675537109375, [(2 59 8)-(0 25 13)-(4 59 18)-(7 32 9)-(6 17 26)-(15 26 24)]
0.7135, 0.5510076690673829, [(12 0 3)-(4 23 25)-(10 11 23)-(10 48 20)-(6 36 19)-(14 55 29)]
0.7136, 0.5539787902832032, [(6 1 24)-(10 63 15)-(10 39 3)-(11 6 14)-(4 43 10)-(6 37 27)]
0.714, 0.5525317230224609, [(7 32 1)-(12 42 23)-(10 37 4)-(4 52 2)-(6 36 18)-(6 41 1)]
0.7141, 0.5525338775634765, [(5 58 5)-(1 55 4)-(14 12 24)-(12 17 3)-(2 26 18)-(0 14 7)]
0.714, 0.5525317413330078, [(15 28 15)-(14 24 8)-(11 45 6)-(14 41 0)-(4 34 28)-(5 62 7)]
0.7138, 0.5525456527709961, [(2 39 25)-(6 16 19)-(15 5 20)-(1 22 3)-(13 0 7)-(10 51 8)]
0.714, 0.552525537109375, [(13 24 17)-(6 46 15)-(13 34 0)-(1 6 0)-(6 25 1)-(5 15 17)]
0.7127, 0.5524019500732422, [(14 55 13)-(10 54 20)-(7 3 24)-(11 35 14)-(3 45 25)-(2 36 4)]
0.1, 0.9972720336914063, [(3 5 3)-(1 0 31)-(13 40 28)-(7 5 15)-(12 41 17)-(5 50 14)]
0.714, 0.5525316925048829, [(14 37 29)-(7 57 8)-(4 55 8)-(12 34 15)-(2 28 7)-(8 54 15)]
0.714, 0.5525322540283204, [(10 34 25)-(6 18 13)-(6 55 25)-(0 21 1)-(9 40 14)-(15 38 28)]
0.7130000000000001, 0.550178872680664, [(4 58 15)-(10 40 13)-(15 20 8)-(3 49 17)-(10 50 13)-(2 14 25)]
0.714, 0.5525317504882813, [(10 56 31)-(4 17 4)-(10 39 15)-(4 5 2)-(4 25 9)-(9 50 7)]
0.7121999999999999, 0.5519385803222656, [(3 26 29)-(10 2 24)-(12 41 25)-(8 31 25)-(7 34 25)-(10 53 27)]
0.714, 0.5525317260742187, [(9 48 13)-(15 23 20)-(13 62 20)-(12 29 6)-(7 36 25)-(15 5 23)]
0.7134, 0.5532357238769532, [(4 50 0)-(15 21 10)-(11 21 13)-(9 21 24)-(4 49 19)-(8 54 16)]
0.714, 0.5524381591796874, [(8 22 18)-(4 11 14)-(10 60 10)-(8 21 21)-(1 4 10)-(4 10 24)]
0.7145, 0.5525140625, [(0 47 31)-(1 19 22)-(0 50 25)-(12 41 21)-(15 35 23)-(7 39 22)]
0.714, 0.5525317352294922, [(13 26 8)-(15 22 18)-(9 57 7)-(14 9 3)-(14 37 30)-(6 60 22)]
0.7086, 0.5473316375732422, [(8 1 25)-(14 23 2)-(9 8 14)-(6 12 19)-(0 36 21)-(1 13 3)]
0.714, 0.5525317138671875, [(9 30 16)-(10 4 2)-(5 4 8)-(14 33 29)-(15 55 7)-(15 36 18)]
0.7139, 0.5525251586914063, [(4 7 3)-(13 39 7)-(13 39 3)-(9 23 8)-(4 7 4)-(1 21 17)]
0.7046, 0.5446057281494141, [(12 38 20)-(8 24 12)-(1 14 26)-(12 63 22)-(4 28 3)-(2 17 20)]
0.7112, 0.5514781860351563, [(10 4 15)-(2 10 31)-(6 13 22)-(4 58 17)-(3 29 22)-(10 56 14)]
0.714, 0.5525321289062499, [(13 21 27)-(6 26 6)-(13 25 20)-(1 23 1)-(9 27 13)-(15 35 10)]
0.7139, 0.5525283721923828, [(6 22 13)-(1 57 6)-(14 55 15)-(8 59 2)-(9 7 16)-(0 56 4)]
0.7119, 0.5526503540039063, [(10 35 1)-(12 56 9)-(1 41 8)-(13 44 5)-(2 40 29)-(4 25 27)]
0.7128, 0.5523450103759766, [(3 6 20)-(10 11 13)-(9 63 18)-(6 35 23)-(10 28 22)-(8 3 8)]
0.7116, 0.5527499633789063, [(8 20 2)-(7 9 9)-(7 49 28)-(14 53 1)-(8 63 15)-(2 20 27)]
0.714, 0.5525317321777343, [(12 44 25)-(15 18 14)-(2 5 3)-(7 13 3)-(13 29 7)-(1 63 30)]
0.714, 0.5525253173828125, [(8 26 19)-(3 21 7)-(10 59 29)-(15 20 31)-(5 46 4)-(9 36 5)]
0.714, 0.5525332580566407, [(6 12 15)-(4 48 8)-(15 10 26)-(15 25 14)-(9 57 8)-(8 33 5)]
0.714, 0.5525302703857422, [(14 24 27)-(10 8 18)-(3 41 25)-(4 43 9)-(9 26 10)-(13 43 15)]
0.714, 0.5525362731933594, [(1 48 21)-(12 30 8)-(7 2 13)-(1 50 24)-(0 40 6)-(3 41 20)]
0.7142, 0.5525296020507813, [(7 22 23)-(1 27 4)-(10 5 5)-(13 59 18)-(8 2 7)-(9 38 3)]
0.714, 0.5525316223144531, [(15 30 25)-(7 26 12)-(15 62 28)-(15 54 23)-(0 56 12)-(5 59 28)]
0.714, 0.5525317230224609, [(1 43 17)-(8 38 31)-(15 31 22)-(13 55 23)-(6 46 5)-(4 40 6)]
0.714, 0.5525316833496093, [(10 18 6)-(4 20 9)-(8 19 7)-(12 54 6)-(8 60 26)-(8 14 2)]
0.714, 0.5525320007324219, [(2 22 11)-(10 51 20)-(5 11 11)-(9 5 10)-(14 39 28)-(4 3 2)]
0.714, 0.5525319519042968, [(8 0 1)-(10 20 18)-(6 33 8)-(13 44 4)-(14 5 31)-(8 10 9)]
0.7134, 0.5527127075195313, [(5 32 25)-(12 20 14)-(4 62 13)-(9 2 20)-(13 30 17)-(9 25 0)]
0.714, 0.552531527709961, [(14 57 15)-(6 59 0)-(12 14 11)-(1 27 8)-(5 6 11)-(3 62 14)]
0.7123999999999999, 0.5522917358398438, [(1 60 29)-(11 0 30)-(14 38 6)-(10 43 23)-(15 1 21)-(6 57 8)]
0.7132000000000001, 0.5530778625488282, [(5 53 17)-(10 4 31)-(3 61 18)-(14 58 8)-(13 12 22)-(9 33 9)]
0.714, 0.5525317199707032, [(14 34 2)-(13 13 26)-(8 44 9)-(10 32 30)-(13 46 17)-(4 14 0)]
0.7112, 0.5481180694580078, [(7 19 22)-(4 12 9)-(13 59 30)-(12 17 23)-(15 4 8)-(2 26 28)]
0.6651, 0.5446228729248047, [(5 21 28)-(9 23 5)-(9 16 26)-(5 1 28)-(4 37 16)-(2 25 9)]
0.7138, 0.5522941925048828, [(10 20 17)-(4 5 24)-(9 46 3)-(7 51 4)-(1 37 29)-(0 42 15)]
0.7129, 0.5516912994384766, [(15 15 23)-(7 1 21)-(12 13 21)-(13 14 8)-(10 29 13)-(8 33 4)]
0.714, 0.5525317291259766, [(2 34 16)-(5 36 22)-(1 56 13)-(14 46 16)-(8 10 1)-(3 53 6)]
0.714, 0.5525316986083985, [(2 61 16)-(8 46 17)-(1 10 9)-(14 49 21)-(14 60 18)-(12 31 0)]
0.7138, 0.552530337524414, [(7 22 18)-(14 31 16)-(10 34 3)-(11 9 13)-(11 14 14)-(11 9 17)]
0.714, 0.5525302795410156, [(2 54 12)-(0 6 3)-(3 20 16)-(10 18 9)-(9 55 20)-(9 35 9)]
0.714, 0.5525317413330078, [(15 24 23)-(7 22 3)-(9 62 4)-(9 40 26)-(10 41 28)-(6 18 11)]
0.7110000000000001, 0.549054183959961, [(14 14 27)-(6 7 27)-(13 2 31)-(9 16 22)-(4 56 17)-(13 18 0)]
0.7132000000000001, 0.5522833267211914, [(9 39 26)-(10 19 24)-(9 62 15)-(10 23 4)-(5 19 20)-(9 24 17)]
0.714, 0.5525317230224609, [(7 40 6)-(6 32 0)-(11 3 7)-(6 20 8)-(13 26 15)-(6 40 9)]
0.6861999999999999, 0.5305235000610351, [(7 25 1)-(5 18 20)-(2 0 5)-(7 59 5)-(0 11 31)-(6 53 26)]
0.7142, 0.5521657592773437, [(9 17 7)-(14 10 20)-(1 10 28)-(9 18 30)-(9 55 4)-(11 49 1)]
0.7133, 0.5516806518554687, [(8 12 11)-(8 14 10)-(13 45 7)-(7 37 9)-(5 53 17)-(6 17 23)]
0.714, 0.5525316955566406, [(11 34 13)-(6 60 13)-(11 15 12)-(15 31 8)-(5 33 10)-(3 58 20)]
0.7132000000000001, 0.5508306762695312, [(9 33 26)-(2 26 29)-(9 33 14)-(4 35 15)-(1 4 8)-(15 37 30)]
0.7142, 0.5525553710937501, [(6 12 4)-(9 52 29)-(5 37 25)-(1 8 6)-(7 24 4)-(2 10 22)]
0.7133, 0.5524551940917969, [(11 9 28)-(1 31 0)-(4 48 20)-(10 30 4)-(8 10 19)-(12 60 21)]
0.7135, 0.5531371826171875, [(4 17 24)-(10 39 14)-(4 46 12)-(2 58 17)-(11 55 28)-(0 49 4)]
0.7133, 0.5525502319335938, [(6 15 0)-(15 60 3)-(5 7 29)-(12 16 15)-(12 43 11)-(5 30 14)]
0.7133, 0.552221630859375, [(14 43 31)-(3 13 28)-(7 20 12)-(4 63 10)-(9 58 26)-(1 41 1)]
0.714, 0.5525317260742187, [(5 44 11)-(15 48 10)-(5 61 4)-(5 60 5)-(7 58 0)-(4 31 22)]
0.714, 0.5525336242675781, [(2 45 24)-(0 52 5)-(13 22 20)-(3 42 0)-(3 1 13)-(15 16 27)]
0.7139, 0.552547817993164, [(2 58 24)-(9 57 28)-(8 21 15)-(5 38 30)-(4 41 0)-(6 8 16)]
0.714, 0.5525312927246093, [(11 41 15)-(4 15 14)-(7 55 8)-(4 43 24)-(14 55 6)-(9 47 16)]
0.714, 0.5525275390625, [(6 45 18)-(9 26 16)-(5 60 6)-(14 24 17)-(4 38 9)-(7 55 10)]
0.7127, 0.5525157806396485, [(1 44 5)-(1 12 29)-(7 9 20)-(2 31 4)-(2 46 7)-(12 9 0)]
0.7131000000000001, 0.5523984771728516, [(6 60 24)-(7 33 9)-(6 12 3)-(10 19 2)-(15 14 16)-(0 15 22)]
0.7139, 0.5525284515380859, [(5 25 20)-(0 36 27)-(10 5 1)-(15 11 6)-(14 35 12)-(4 42 15)]
0.7131000000000001, 0.545545474243164, [(1 7 20)-(0 27 27)-(1 48 8)-(0 26 11)-(1 53 20)-(4 59 20)]
0.7139, 0.5525464324951173, [(13 9 19)-(15 44 28)-(5 48 16)-(12 60 3)-(9 3 16)-(11 24 19)]
0.714, 0.5525300903320313, [(1 19 6)-(8 20 11)-(1 49 19)-(14 12 23)-(3 37 23)-(11 28 18)]
0.7117, 0.551004296875, [(15 31 16)-(12 55 1)-(9 54 17)-(10 6 28)-(3 29 5)-(5 5 28)]
0.7127, 0.5520569061279297, [(3 7 25)-(6 31 11)-(7 34 15)-(1 51 6)-(9 60 28)-(5 20 14)]
0.714, 0.5525317230224609, [(1 57 16)-(4 63 18)-(15 37 4)-(13 60 9)-(4 41 24)-(11 53 0)]
0.7138, 0.5530064117431641, [(8 18 1)-(9 52 7)-(7 50 20)-(14 16 18)-(10 10 29)-(6 32 5)]
0.714, 0.5525312927246093, [(14 24 22)-(0 55 20)-(1 30 9)-(3 57 9)-(1 26 10)-(1 16 15)]
0.7143, 0.5531825134277344, [(1 62 8)-(6 37 19)-(12 22 28)-(14 48 9)-(15 28 4)-(12 5 29)]
0.7121999999999999, 0.5525635559082032, [(0 9 18)-(2 23 21)-(9 16 15)-(1 62 24)-(2 10 28)-(3 54 30)]
0.7, 0.5393493957519531, [(12 1 27)-(0 52 12)-(10 5 5)-(11 26 18)-(0 58 22)-(15 22 20)]
0.7114, 0.5470402221679688, [(12 2 28)-(6 54 28)-(1 47 4)-(15 34 1)-(1 51 5)-(11 37 29)]
0.7110000000000001, 0.5493128051757812, [(1 53 30)-(4 24 13)-(7 2 29)-(7 44 15)-(10 52 14)-(2 33 11)]
0.7142, 0.5523903686523437, [(13 36 7)-(6 31 10)-(4 19 21)-(9 56 16)-(5 4 5)-(14 10 9)]
0.714, 0.552529443359375, [(11 3 5)-(9 26 15)-(0 62 26)-(12 36 22)-(7 41 2)-(6 15 30)]
0.7138, 0.5522082702636719, [(8 14 30)-(5 29 26)-(10 3 8)-(5 19 31)-(14 23 9)-(15 6 21)]
0.7127, 0.5524119140625, [(14 36 12)-(3 5 26)-(13 40 3)-(10 38 29)-(14 1 5)-(9 8 1)]
0.714, 0.5525304748535156, [(2 62 22)-(6 18 16)-(15 0 6)-(9 26 16)-(7 30 23)-(4 46 20)]
0.7126, 0.5536203094482421, [(5 6 13)-(5 51 28)-(0 2 15)-(4 10 7)-(15 15 28)-(4 17 23)]
0.7135, 0.552444271850586, [(3 47 20)-(1 21 24)-(0 46 24)-(6 25 15)-(0 50 11)-(6 13 15)]
0.714, 0.5525317016601563, [(1 47 5)-(1 11 7)-(5 43 29)-(9 39 18)-(3 60 26)-(14 34 30)]
0.714, 0.5525317413330078, [(12 21 2)-(0 50 27)-(2 37 27)-(3 50 12)-(3 62 4)-(8 46 8)]
0.714, 0.5525381622314454, [(3 4 17)-(14 23 20)-(13 41 9)-(7 8 9)-(0 46 4)-(1 58 9)]
0.7136, 0.5524147521972655, [(11 28 11)-(7 42 31)-(7 25 23)-(11 48 14)-(7 43 11)-(8 13 11)]
0.714, 0.5525316223144532, [(14 32 16)-(4 15 1)-(15 26 3)-(12 23 11)-(0 48 27)-(9 44 18)]
0.7131000000000001, 0.546165560913086, [(11 22 6)-(4 28 14)-(14 27 4)-(0 55 2)-(6 17 26)-(8 46 31)]
0.7132000000000001, 0.5526383087158203, [(4 32 7)-(3 12 22)-(5 37 10)-(5 43 30)-(6 58 7)-(8 22 28)]
0.714, 0.5525317260742187, [(14 27 1)-(14 23 31)-(7 44 31)-(6 3 30)-(11 15 6)-(9 35 26)]
0.7125, 0.5542024291992187, [(11 31 19)-(4 18 12)-(2 6 23)-(0 15 14)-(4 19 30)-(1 19 23)]
0.714, 0.552530386352539, [(11 17 5)-(10 41 2)-(7 1 11)-(14 59 2)-(14 17 6)-(2 44 27)]
0.714, 0.5525317260742187, [(9 52 2)-(4 33 19)-(13 36 3)-(6 20 3)-(12 56 1)-(8 33 2)]
0.714, 0.552531753540039, [(8 8 3)-(14 41 29)-(2 30 28)-(11 31 27)-(9 8 12)-(3 39 24)]
0.7137, 0.5525430236816407, [(1 45 8)-(3 59 20)-(15 13 18)-(11 22 20)-(13 21 11)-(14 24 22)]
0.7139, 0.552483169555664, [(4 18 4)-(2 44 15)-(11 10 16)-(5 3 21)-(7 41 18)-(9 32 26)]
0.7124999999999999, 0.551618701171875, [(1 7 0)-(0 27 8)-(3 28 27)-(14 49 3)-(8 40 17)-(12 6 6)]
0.6819, 0.5251755813598633, [(10 2 28)-(12 8 27)-(14 6 16)-(9 2 6)-(10 17 24)-(8 34 13)]
0.714, 0.5525716918945313, [(5 45 16)-(11 63 18)-(8 19 19)-(4 61 16)-(6 27 18)-(10 40 1)]
0.714, 0.5525317260742187, [(1 44 15)-(3 22 3)-(13 12 18)-(9 63 20)-(15 59 31)-(5 58 31)]
0.7128, 0.5526237060546875, [(2 2 20)-(3 41 29)-(13 38 4)-(14 15 31)-(13 58 11)-(8 32 29)]
0.7081, 0.5482432128906249, [(11 1 23)-(7 6 21)-(2 9 11)-(9 24 6)-(7 52 26)-(1 47 22)]
0.7127, 0.5514340454101563, [(1 2 5)-(8 26 5)-(8 11 23)-(15 13 13)-(7 42 12)-(6 32 3)]
0.714, 0.5525317260742187, [(14 24 27)-(1 38 14)-(6 35 2)-(11 49 3)-(13 38 13)-(14 44 24)]
0.7141, 0.5525208892822265, [(11 10 22)-(1 38 24)-(15 10 20)-(11 12 18)-(6 40 3)-(6 55 25)]
0.714, 0.5525317291259766, [(1 39 31)-(13 48 17)-(3 12 1)-(11 4 5)-(3 33 18)-(0 32 1)]
0.7131000000000001, 0.5529359924316406, [(15 58 29)-(8 57 27)-(10 12 16)-(12 18 24)-(6 60 28)-(4 3 12)]
0.714, 0.5525314788818358, [(14 58 21)-(9 28 15)-(2 22 30)-(9 5 2)-(2 7 2)-(4 3 3)]
0.7134, 0.5532288940429688, [(7 60 21)-(4 59 2)-(4 7 29)-(12 61 21)-(4 11 10)-(4 19 1)]
0.6243000000000001, 0.4935434677124023, [(5 41 9)-(2 32 16)-(4 51 19)-(9 45 7)-(6 7 16)-(8 0 29)]
0.7126, 0.5525729583740234, [(15 56 4)-(6 5 24)-(6 52 3)-(0 24 19)-(10 8 22)-(3 45 3)]
0.7127, 0.5538181945800782, [(15 56 11)-(12 15 12)-(3 14 27)-(5 23 1)-(13 27 26)-(0 13 12)]
0.7139, 0.5525203216552734, [(15 59 30)-(10 12 16)-(14 52 28)-(15 5 11)-(8 25 19)-(14 58 7)]
0.7139, 0.5525838470458985, [(7 61 11)-(15 33 11)-(6 6 20)-(15 36 5)-(4 39 14)-(6 8 17)]
0.7021, 0.5409046997070313, [(8 18 26)-(6 28 14)-(15 49 11)-(3 29 5)-(2 58 5)-(0 53 3)]
0.714, 0.55253173828125, [(9 62 20)-(12 39 6)-(7 49 26)-(0 52 7)-(10 54 17)-(9 52 2)]
0.714, 0.5525379180908203, [(5 11 15)-(6 45 11)-(12 39 16)-(0 59 23)-(15 8 4)-(0 45 16)]
0.7129, 0.5506927032470703, [(13 17 12)-(6 46 16)-(13 33 15)-(4 19 21)-(7 7 27)-(0 61 22)]
0.7139, 0.5525319458007812, [(4 23 17)-(7 3 4)-(9 41 10)-(4 13 20)-(5 39 10)-(6 20 15)]
0.7139, 0.5522922149658203, [(1 10 25)-(8 62 8)-(6 57 8)-(1 50 11)-(9 59 3)-(14 42 14)]
0.714, 0.55253173828125, [(3 39 24)-(11 53 18)-(9 30 11)-(0 53 0)-(7 49 12)-(4 23 3)]
0.6981999999999999, 0.5511649810791015, [(7 59 6)-(2 11 31)-(10 18 15)-(9 13 0)-(14 58 10)-(9 40 24)]
0.714, 0.5525420318603516, [(10 10 19)-(15 28 28)-(4 57 9)-(4 60 9)-(10 9 2)-(2 51 29)]
0.7123999999999999, 0.5519126251220703, [(3 3 29)-(14 61 23)-(15 44 15)-(9 23 23)-(15 20 19)-(0 21 19)]
0.7121, 0.5533995391845703, [(8 10 28)-(1 23 30)-(1 4 14)-(9 11 20)-(8 10 14)-(5 0 11)]
0.7088000000000001, 0.53913310546875, [(14 45 18)-(6 9 31)-(8 16 26)-(8 35 14)-(9 2 2)-(12 3 0)]
0.7139, 0.5525398925781251, [(3 15 8)-(12 6 16)-(10 17 3)-(5 8 3)-(5 12 17)-(8 45 5)]
0.7127, 0.5520932525634765, [(13 4 27)-(5 8 17)-(7 53 5)-(15 15 0)-(7 19 24)-(7 21 14)]
0.7048000000000001, 0.5376853713989258, [(14 39 13)-(15 56 4)-(12 15 27)-(12 4 28)-(13 29 1)-(13 12 26)]
0.714, 0.5525304321289062, [(11 28 6)-(5 14 14)-(15 45 6)-(3 36 3)-(11 37 23)-(2 63 11)]
0.714, 0.5525317352294922, [(14 6 9)-(11 36 16)-(13 40 24)-(3 59 31)-(7 31 10)-(1 4 4)]
0.713, 0.5529863586425781, [(10 31 7)-(5 0 0)-(14 60 18)-(12 49 16)-(14 29 4)-(9 10 25)]
0.714, 0.5525317230224609, [(14 61 8)-(10 22 0)-(9 46 5)-(5 18 5)-(3 46 6)-(9 5 3)]
0.714, 0.5525316650390626, [(8 17 14)-(9 29 15)-(5 12 3)-(15 7 30)-(2 50 5)-(5 40 10)]
0.7136, 0.5522598297119141, [(3 50 24)-(10 11 21)-(4 16 23)-(12 49 2)-(12 60 17)-(13 20 9)]
0.7142999999999999, 0.5525013885498047, [(8 29 13)-(10 30 18)-(4 31 26)-(15 16 4)-(7 22 29)-(6 17 9)]
0.7104, 0.5481193572998047, [(3 52 31)-(7 11 28)-(10 27 28)-(11 3 17)-(7 37 19)-(6 55 1)]
0.7124999999999999, 0.5533022735595703, [(7 43 14)-(3 2 12)-(2 55 9)-(7 55 23)-(1 34 25)-(1 18 28)]
0.7141, 0.5529008239746094, [(3 41 3)-(8 27 31)-(1 58 27)-(3 20 6)-(2 58 19)-(14 22 6)]
0.714, 0.5525317199707032, [(13 28 23)-(9 62 8)-(11 61 8)-(6 44 7)-(12 47 30)-(6 52 27)]
0.7134, 0.5526479858398438, [(14 19 27)-(13 8 22)-(11 31 24)-(2 16 4)-(0 24 28)-(3 60 11)]
0.714, 0.5525339111328125, [(13 32 15)-(15 46 4)-(4 8 15)-(4 61 6)-(7 47 21)-(5 58 4)]
0.714, 0.5525322540283204, [(1 19 13)-(6 18 0)-(0 31 16)-(8 32 12)-(10 28 3)-(6 18 13)]
0.714, 0.5525317260742187, [(15 53 18)-(13 10 30)-(6 35 17)-(7 63 19)-(12 48 24)-(9 54 27)]
0.7139, 0.5525354095458984, [(14 47 1)-(3 5 15)-(0 7 2)-(4 10 9)-(12 13 20)-(14 9 30)]
0.714, 0.5525317230224609, [(7 41 16)-(10 57 16)-(8 16 1)-(5 34 15)-(6 36 26)-(12 55 25)]
0.714, 0.5516297210693359, [(5 3 28)-(9 37 26)-(13 61 6)-(2 21 23)-(12 21 12)-(3 0 19)]
0.7127, 0.5524330841064453, [(9 56 10)-(8 49 17)-(9 17 23)-(6 62 24)-(0 21 16)-(1 20 23)]
0.6656, 0.5202419555664062, [(11 45 2)-(12 18 8)-(3 1 26)-(12 60 9)-(8 12 23)-(13 2 2)]
0.714, 0.5525297729492188, [(8 14 0)-(4 55 15)-(6 2 9)-(13 24 24)-(0 25 15)-(12 12 0)]
0.7108000000000001, 0.5453993286132812, [(11 23 24)-(0 2 16)-(9 37 25)-(13 37 5)-(5 0 21)-(9 23 30)]
0.714, 0.5525309722900391, [(11 62 24)-(15 62 17)-(2 19 10)-(6 23 11)-(3 15 7)-(7 34 18)]
0.714, 0.5525317260742187, [(8 3 30)-(3 48 10)-(11 45 13)-(0 18 1)-(9 43 30)-(1 25 7)]
0.7138, 0.5529775360107422, [(5 22 9)-(15 25 31)-(0 21 21)-(14 53 19)-(4 15 8)-(14 47 17)]
0.7121999999999999, 0.5493537261962891, [(15 53 19)-(10 1 28)-(0 12 24)-(13 13 27)-(2 56 15)-(4 13 0)]
0.7121999999999999, 0.5517865997314453, [(10 28 23)-(11 27 27)-(9 17 10)-(5 6 18)-(2 21 7)-(3 50 19)]
0.7112, 0.5529609100341797, [(2 6 23)-(3 4 13)-(15 20 21)-(12 54 10)-(7 25 27)-(3 58 18)]
0.5991, 0.486905810546875, [(11 63 27)-(7 0 25)-(3 32 15)-(15 1 12)-(4 51 7)-(10 25 10)]
0.7139, 0.5525277862548829, [(8 57 1)-(7 28 16)-(0 38 24)-(3 36 19)-(6 14 12)-(15 42 10)]
0.714, 0.55253173828125, [(11 49 20)-(6 33 15)-(9 25 8)-(2 45 10)-(0 16 10)-(2 46 30)]
0.7139, 0.5527013946533204, [(13 8 27)-(8 12 24)-(8 46 10)-(5 41 27)-(11 22 15)-(6 15 6)]
0.714, 0.5525317291259766, [(13 11 19)-(6 39 8)-(2 49 12)-(13 14 28)-(13 40 8)-(9 11 0)]
0.7141, 0.5529295227050781, [(7 56 16)-(7 23 26)-(5 61 1)-(14 51 16)-(12 39 25)-(11 47 27)]
0.7139, 0.5525509918212891, [(7 58 9)-(4 38 19)-(7 57 19)-(5 38 11)-(10 39 26)-(10 17 17)]
0.7141, 0.5524847106933594, [(8 10 5)-(7 43 11)-(0 24 5)-(9 4 6)-(6 13 22)-(15 51 23)]
0.7137, 0.5525126281738282, [(8 18 7)-(0 8 14)-(1 0 4)-(10 8 19)-(1 36 2)-(7 16 12)]
0.71, 0.5499161529541016, [(7 5 17)-(1 61 0)-(5 61 3)-(3 27 28)-(14 13 13)-(9 39 13)]
0.714, 0.5525317108154297, [(9 22 15)-(1 30 8)-(8 27 2)-(9 52 4)-(8 48 3)-(0 46 30)]
0.714, 0.5525319366455078, [(5 60 14)-(11 58 27)-(12 20 12)-(5 16 5)-(8 3 7)-(13 27 2)]
0.7139, 0.5526333740234375, [(8 19 11)-(6 58 24)-(0 22 23)-(8 5 1)-(0 35 21)-(13 15 8)]
0.714, 0.5524736663818359, [(2 6 13)-(5 2 1)-(9 44 1)-(12 60 20)-(2 26 19)-(9 42 10)]
0.714, 0.5525342498779297, [(1 31 3)-(8 63 2)-(8 26 9)-(2 38 24)-(3 51 18)-(6 4 17)]
0.714, 0.5525317199707032, [(13 18 17)-(3 30 1)-(6 34 26)-(7 60 14)-(10 37 0)-(11 34 7)]
0.7101999999999999, 0.5540790649414062, [(2 24 31)-(5 0 14)-(1 25 26)-(15 23 9)-(15 49 27)-(4 38 10)]
0.7134, 0.5528734100341797, [(13 0 15)-(14 52 31)-(5 61 29)-(13 14 4)-(3 16 29)-(3 14 10)]
0.713, 0.5532191955566406, [(9 34 1)-(7 39 23)-(3 40 9)-(8 10 25)-(1 1 3)-(11 48 22)]
0.7143999999999999, 0.5526994781494141, [(13 14 23)-(0 59 5)-(14 45 30)-(4 16 23)-(4 61 17)-(12 18 2)]
0.711, 0.5503364959716797, [(9 6 1)-(2 49 0)-(0 5 2)-(2 8 12)-(1 27 27)-(1 47 13)]
0.7123999999999999, 0.5518570007324219, [(8 52 1)-(3 7 16)-(7 21 1)-(8 25 28)-(11 63 31)-(2 51 13)]
0.7139, 0.5521690734863282, [(11 9 0)-(2 55 30)-(7 7 23)-(9 53 7)-(6 59 16)-(14 35 31)]
0.714, 0.5525317230224609, [(6 58 31)-(2 36 13)-(2 57 31)-(2 15 30)-(15 51 6)-(6 50 16)]
0.714, 0.5525317199707032, [(2 53 29)-(14 37 14)-(7 41 25)-(15 51 27)-(15 17 4)-(13 50 27)]
0.714, 0.5525317138671875, [(14 49 24)-(14 61 19)-(3 31 28)-(8 17 8)-(3 57 4)-(15 5 31)]
0.7141, 0.5525005737304687, [(7 56 30)-(1 1 16)-(2 1 13)-(10 16 20)-(11 22 21)-(12 38 20)]
0.714, 0.5525317230224609, [(5 60 22)-(6 62 4)-(13 20 29)-(11 51 5)-(7 53 0)-(6 58 19)]
0.714, 0.5525316986083985, [(7 21 14)-(14 10 24)-(3 30 14)-(14 32 27)-(10 23 11)-(13 7 27)]
0.7123999999999999, 0.5521328948974609, [(6 39 1)-(15 30 28)-(4 50 11)-(9 3 27)-(13 34 1)-(7 43 13)]
0.6819, 0.5523998352050781, [(8 10 13)-(0 41 8)-(0 3 27)-(6 33 26)-(4 23 18)-(7 28 21)]
0.7137, 0.5525492187500001, [(4 17 18)-(0 48 9)-(0 32 16)-(2 56 31)-(4 63 31)-(6 5 22)]
0.7139, 0.5529864440917969, [(5 10 26)-(1 6 18)-(11 5 31)-(1 33 30)-(4 50 14)-(13 8 23)]
0.714, 0.5525317199707032, [(12 25 5)-(7 5 5)-(11 19 0)-(13 49 18)-(8 28 2)-(4 30 8)]
0.7147, 0.5521604919433594, [(2 62 13)-(5 44 23)-(2 20 10)-(5 2 16)-(7 5 24)-(11 55 26)]
0.714, 0.5525317169189453, [(15 26 17)-(9 60 3)-(7 6 30)-(12 35 20)-(13 31 27)-(14 7 28)]
0.714, 0.5525317352294923, [(14 37 2)-(2 57 1)-(3 31 17)-(9 53 22)-(1 62 19)-(6 62 13)]
0.713, 0.5532191955566406, [(9 16 6)-(11 31 28)-(4 4 2)-(3 34 15)-(3 38 15)-(8 10 25)]
0.7074, 0.5441344787597656, [(8 41 3)-(9 34 25)-(8 7 23)-(11 27 2)-(15 56 6)-(7 10 23)]
0.7139, 0.5525497131347656, [(2 58 11)-(3 53 4)-(11 10 20)-(3 7 9)-(7 19 4)-(8 11 6)]
0.714, 0.5525317321777343, [(4 44 15)-(8 30 14)-(5 43 23)-(3 58 8)-(4 3 7)-(14 13 0)]
0.7058, 0.5352473159790039, [(10 41 5)-(5 42 14)-(4 9 27)-(2 19 27)-(10 58 7)-(10 5 26)]
0.714, 0.55253095703125, [(10 4 14)-(15 17 20)-(6 36 2)-(2 9 0)-(7 45 0)-(15 24 8)]
0.7139, 0.5525277984619141, [(11 14 17)-(5 46 5)-(9 49 31)-(11 55 23)-(14 0 3)-(0 37 23)]
0.714, 0.5522092437744142, [(9 2 21)-(10 12 24)-(8 29 13)-(11 2 1)-(8 29 11)-(4 2 6)]
0.714, 0.5525313385009766, [(2 8 9)-(7 43 28)-(2 44 16)-(0 18 5)-(14 12 3)-(3 58 29)]
0.7131000000000001, 0.5455164581298828, [(9 12 15)-(4 8 9)-(12 6 15)-(0 27 28)-(12 5 18)-(7 58 5)]
0.7125999999999999, 0.5516037078857421, [(14 50 27)-(7 29 29)-(12 39 13)-(12 27 27)-(15 50 11)-(9 52 20)]
0.714, 0.5525317169189453, [(5 61 10)-(14 54 18)-(13 9 10)-(6 10 7)-(5 53 1)-(14 40 30)]
0.714, 0.5525317352294922, [(3 52 20)-(4 59 29)-(3 60 27)-(9 35 10)-(0 36 3)-(14 24 29)]
0.714, 0.5525292388916017, [(9 18 11)-(2 62 11)-(3 1 12)-(2 13 12)-(1 36 11)-(8 10 5)]
0.714, 0.5525323852539062, [(1 42 2)-(9 15 11)-(0 48 21)-(15 42 24)-(9 9 15)-(12 55 18)]
0.714, 0.5525311614990234, [(9 22 5)-(0 60 23)-(9 41 4)-(12 5 18)-(8 40 19)-(5 17 11)]
0.714, 0.55253173828125, [(9 47 14)-(13 29 26)-(7 50 18)-(11 53 16)-(15 9 16)-(8 36 20)]
0.714, 0.5524639465332031, [(11 18 8)-(7 18 6)-(10 12 29)-(7 56 14)-(5 62 9)-(7 63 6)]
0.714, 0.5525317321777343, [(9 32 31)-(5 28 7)-(13 51 0)-(14 59 24)-(6 63 23)-(10 28 13)]
0.7134, 0.5526420562744141, [(8 30 17)-(6 34 23)-(8 37 2)-(14 11 20)-(10 8 15)-(4 24 26)]
0.7137, 0.5522341827392578, [(12 43 31)-(14 33 27)-(11 20 22)-(2 40 3)-(9 19 9)-(5 29 27)]
0.7137, 0.5523326782226563, [(5 23 9)-(12 33 19)-(14 38 30)-(7 61 8)-(1 52 9)-(4 17 22)]
0.7142, 0.5523876098632813, [(12 9 4)-(6 44 17)-(8 26 16)-(10 54 25)-(4 19 21)-(0 40 0)]
0.714, 0.5525317657470703, [(4 4 4)-(11 24 14)-(14 19 7)-(14 2 6)-(6 1 30)-(4 40 23)]
0.714, 0.5525314971923828, [(6 4 13)-(3 38 21)-(14 61 18)-(10 19 14)-(12 16 12)-(10 37 16)]
0.714, 0.5525317291259766, [(11 35 1)-(11 58 1)-(4 60 19)-(2 45 14)-(3 8 5)-(0 60 0)]
0.714, 0.5525277587890625, [(14 4 4)-(8 11 15)-(4 56 1)-(2 40 2)-(15 3 0)-(0 51 4)]
0.714, 0.5525317291259766, [(13 20 16)-(3 28 5)-(2 7 3)-(15 57 20)-(9 55 19)-(9 61 22)]
0.714, 0.552535986328125, [(11 32 14)-(0 44 2)-(12 51 8)-(7 48 3)-(0 19 16)-(11 10 1)]
0.714, 0.5525317199707032, [(4 32 8)-(13 50 0)-(5 58 16)-(7 42 9)-(15 8 0)-(8 53 16)]
0.711, 0.5541107818603516, [(14 13 1)-(3 63 23)-(0 48 25)-(12 7 19)-(15 61 11)-(2 18 27)]
0.7136, 0.5525866119384766, [(15 48 16)-(5 31 9)-(5 58 22)-(0 47 9)-(2 2 17)-(8 10 17)]
0.7142999999999999, 0.5525592483520507, [(9 40 23)-(15 24 2)-(6 22 13)-(5 8 3)-(11 21 23)-(0 31 5)]
0.7142, 0.5542016632080078, [(1 53 30)-(1 3 24)-(0 2 20)-(2 12 22)-(4 60 22)-(13 8 16)]
0.7139, 0.552524334716797, [(15 23 28)-(15 10 16)-(14 34 21)-(1 27 20)-(14 56 1)-(15 26 23)]
0.7136, 0.5540659057617188, [(3 60 19)-(8 45 15)-(10 48 12)-(10 23 19)-(1 36 29)-(6 26 27)]
0.714, 0.5525313751220704, [(11 60 21)-(6 43 10)-(5 29 15)-(4 62 26)-(1 25 2)-(0 56 29)]
0.714, 0.5525289245605469, [(1 20 11)-(0 25 7)-(14 3 7)-(4 47 24)-(12 33 15)-(4 18 17)]
0.7126, 0.5524439056396484, [(0 40 11)-(0 11 5)-(0 20 17)-(4 28 7)-(13 14 30)-(11 23 31)]
0.7029, 0.5446786193847657, [(12 58 21)-(11 9 11)-(9 2 28)-(1 32 19)-(6 6 7)-(2 63 31)]
0.675, 0.5006134201049806, [(8 30 26)-(12 20 22)-(15 0 29)-(8 2 7)-(8 63 3)-(11 25 1)]
0.714, 0.5525315551757812, [(15 39 18)-(15 42 2)-(0 26 13)-(5 55 12)-(8 3 7)-(7 18 7)]
0.714, 0.5525404479980469, [(11 49 6)-(11 26 15)-(10 29 20)-(1 52 20)-(14 6 29)-(12 48 11)]
0.714, 0.5525317230224609, [(3 56 16)-(14 51 25)-(12 42 27)-(15 53 20)-(5 35 30)-(5 34 1)]
0.714, 0.5525317413330078, [(13 55 12)-(2 44 9)-(5 63 30)-(14 48 1)-(15 45 14)-(10 39 29)]
0.714, 0.5525318756103516, [(9 17 14)-(8 54 25)-(11 16 2)-(10 58 16)-(9 26 9)-(15 49 30)]
0.7138, 0.552569125366211, [(1 62 29)-(8 14 21)-(2 48 19)-(0 5 5)-(11 19 3)-(2 16 11)]
0.7147, 0.553382666015625, [(2 17 11)-(14 27 27)-(3 8 26)-(5 13 2)-(1 61 17)-(12 54 15)]
0.714, 0.5525317260742187, [(14 39 3)-(11 57 7)-(3 35 7)-(10 39 23)-(14 26 17)-(2 36 21)]
0.7127, 0.5533770294189453, [(10 62 3)-(0 61 25)-(11 61 4)-(4 16 28)-(0 47 25)-(1 41 1)]
0.7132000000000001, 0.5526120666503906, [(2 21 15)-(15 27 11)-(14 9 25)-(10 55 2)-(4 62 31)-(1 7 21)]
0.7091000000000001, 0.5525524780273438, [(5 37 28)-(9 39 13)-(4 12 5)-(13 2 12)-(9 7 20)-(1 14 31)]
0.7159, 0.5525000122070312, [(3 18 17)-(1 5 8)-(10 6 13)-(14 29 13)-(11 21 26)-(1 2 2)]
0.714, 0.5525311981201172, [(10 54 23)-(13 36 5)-(1 7 14)-(0 9 10)-(0 53 10)-(1 8 8)]
0.7138, 0.5525479431152344, [(3 28 2)-(9 9 21)-(0 41 16)-(5 35 25)-(15 12 10)-(13 57 27)]
0.7118, 0.5491618682861328, [(10 0 22)-(2 43 25)-(1 49 2)-(15 16 12)-(2 18 18)-(5 62 29)]
0.7136, 0.5526164672851562, [(12 39 10)-(12 61 1)-(15 15 10)-(3 49 24)-(5 8 21)-(4 15 15)]
0.714, 0.5525317230224609, [(2 48 18)-(2 57 22)-(6 43 9)-(11 12 5)-(7 41 11)-(1 30 23)]
0.7123, 0.551958950805664, [(0 42 29)-(8 19 25)-(7 10 8)-(10 35 10)-(0 15 14)-(11 20 6)]
0.7141, 0.5526525146484376, [(3 32 28)-(8 4 21)-(11 33 26)-(11 41 24)-(4 53 7)-(13 44 23)]
0.714, 0.5525317291259766, [(11 51 6)-(11 23 2)-(2 48 19)-(11 35 15)-(14 52 30)-(6 33 10)]
0.714, 0.5525314483642578, [(3 46 8)-(8 23 6)-(2 9 9)-(12 56 8)-(12 41 11)-(10 58 20)]
0.7132000000000001, 0.5525353210449219, [(9 57 25)-(3 13 25)-(14 23 23)-(12 31 3)-(15 40 17)-(0 10 20)]
0.7138, 0.5525080291748047, [(9 25 24)-(5 52 5)-(7 31 30)-(6 38 24)-(6 17 11)-(7 58 10)]
0.714, 0.5525317016601563, [(12 11 3)-(10 9 30)-(9 43 21)-(5 33 1)-(12 18 10)-(7 46 17)]
0.7049000000000001, 0.5418269821166992, [(8 3 7)-(7 12 14)-(15 51 25)-(1 1 23)-(15 42 29)-(12 37 23)]
0.714, 0.5525317260742187, [(15 23 10)-(9 58 29)-(5 50 22)-(2 38 11)-(6 32 21)-(12 15 2)]
0.7084, 0.539139028930664, [(8 0 24)-(8 40 24)-(5 57 4)-(10 5 22)-(7 44 24)-(11 58 14)]
0.7115, 0.5508426879882813, [(1 15 28)-(0 16 12)-(9 26 17)-(9 62 11)-(11 31 12)-(12 0 0)]
0.7138, 0.5522023132324219, [(11 40 25)-(5 22 28)-(9 18 1)-(13 11 26)-(2 20 4)-(12 57 23)]
0.714, 0.5525317077636719, [(15 37 30)-(7 10 5)-(12 26 1)-(11 0 3)-(13 46 15)-(3 58 22)]
0.7036, 0.5264115447998047, [(1 34 0)-(2 46 0)-(5 19 12)-(11 2 25)-(14 41 29)-(5 51 0)]
0.71, 0.5430388641357422, [(13 0 23)-(13 5 4)-(5 45 15)-(12 52 12)-(10 12 6)-(10 62 17)]
0.714, 0.5526070861816406, [(6 2 17)-(7 29 1)-(4 62 6)-(7 1 3)-(12 16 1)-(7 10 28)]
0.714, 0.5525317291259766, [(0 41 22)-(1 36 3)-(8 56 1)-(15 53 25)-(9 48 23)-(0 51 30)]
0.714, 0.5525332183837891, [(5 25 11)-(8 57 27)-(1 8 16)-(0 43 22)-(6 39 30)-(12 30 8)]
0.714, 0.5525301666259765, [(2 7 9)-(14 39 11)-(14 28 31)-(1 17 11)-(4 56 3)-(11 15 16)]
0.7138, 0.552771923828125, [(13 4 29)-(4 8 11)-(2 33 14)-(12 17 17)-(8 8 24)-(5 20 16)]
0.7125999999999999, 0.5519032928466797, [(14 7 30)-(2 40 28)-(14 15 30)-(4 24 6)-(0 16 28)-(14 31 13)]
0.7133, 0.5522352416992187, [(3 5 31)-(1 53 15)-(8 41 22)-(7 57 3)-(11 39 30)-(0 34 1)]
0.714, 0.5525339202880859, [(14 55 7)-(1 47 7)-(5 34 0)-(9 32 9)-(4 8 15)-(5 5 4)]
0.714, 0.5525325744628906, [(7 45 2)-(0 41 5)-(4 25 15)-(14 29 9)-(15 19 7)-(9 21 3)]
0.7134, 0.5526494293212891, [(10 50 12)-(15 56 11)-(4 13 24)-(8 29 12)-(1 6 13)-(15 53 2)]
0.713, 0.550207943725586, [(12 11 21)-(13 57 20)-(13 9 19)-(2 61 11)-(5 62 1)-(10 18 25)]
0.6984999999999999, 0.5219236892700195, [(14 16 4)-(11 2 26)-(15 48 21)-(2 6 8)-(15 17 19)-(15 25 18)]
0.7123999999999999, 0.5519869415283203, [(4 52 3)-(8 44 10)-(5 31 11)-(7 14 23)-(8 2 9)-(5 49 4)]
0.7049000000000001, 0.5418138427734376, [(10 39 4)-(7 3 1)-(2 8 14)-(1 1 23)-(11 50 26)-(9 62 5)]
0.7139, 0.5524944305419922, [(3 0 4)-(10 6 18)-(7 52 15)-(2 50 31)-(10 2 16)-(15 19 31)]
0.7139, 0.5525374420166016, [(5 14 16)-(15 53 23)-(6 8 11)-(15 34 8)-(7 16 9)-(9 27 16)]
0.7130000000000001, 0.5509955718994141, [(9 2 0)-(10 1 24)-(12 63 0)-(1 40 12)-(14 44 26)-(7 33 12)]
0.714, 0.5524959625244141, [(13 9 24)-(12 31 24)-(11 20 18)-(15 46 23)-(9 2 4)-(15 31 15)]
0.714, 0.5525294281005859, [(4 48 18)-(14 1 13)-(12 32 27)-(0 15 5)-(7 58 15)-(15 58 2)]
0.7135, 0.5524879455566406, [(6 36 20)-(5 29 25)-(1 19 28)-(15 49 13)-(8 45 23)-(6 57 8)]
0.713, 0.5514902282714844, [(7 46 26)-(15 29 4)-(1 10 23)-(15 33 30)-(8 20 23)-(14 50 15)]
0.7135, 0.5523795745849609, [(12 12 26)-(3 33 1)-(2 43 29)-(1 31 27)-(4 18 1)-(12 3 21)]
0.7136, 0.5525986450195313, [(13 49 30)-(0 26 23)-(6 31 22)-(1 42 25)-(6 59 7)-(0 1 19)]
0.6818, 0.5185825012207032, [(3 23 16)-(10 56 24)-(7 21 1)-(0 63 13)-(4 2 25)-(11 53 3)]
0.7132000000000001, 0.552040869140625, [(13 16 13)-(0 59 3)-(5 25 13)-(0 26 9)-(14 1 19)-(6 21 4)]
0.7055, 0.5389638046264649, [(15 45 30)-(9 24 2)-(11 35 10)-(14 46 26)-(7 0 22)-(5 24 29)]
0.714, 0.5525317291259766, [(15 30 2)-(12 39 15)-(5 41 13)-(12 42 26)-(15 55 0)-(2 46 12)]
0.7133, 0.5535724273681641, [(10 5 8)-(9 10 0)-(8 33 26)-(11 3 20)-(4 20 31)-(15 55 18)]
0.714, 0.5525312042236328, [(11 3 11)-(7 46 2)-(5 54 23)-(3 40 30)-(14 60 30)-(9 6 13)]
0.7122999999999999, 0.5527744171142579, [(4 28 26)-(12 31 25)-(5 8 12)-(13 5 11)-(1 17 31)-(7 11 12)]
0.714, 0.5525319122314453, [(2 29 14)-(5 39 19)-(3 39 11)-(10 57 21)-(13 43 30)-(15 42 27)]
0.5192, 0.4798828872680664, [(14 48 9)-(11 1 31)-(13 60 9)-(0 33 4)-(14 55 25)-(13 23 20)]
0.7117, 0.5507585693359375, [(11 29 31)-(12 24 15)-(4 37 24)-(6 7 14)-(0 41 14)-(1 6 27)]
0.7081, 0.552026821899414, [(1 12 31)-(14 24 16)-(2 47 7)-(4 26 0)-(13 58 16)-(3 46 17)]
0.7139, 0.5525061431884766, [(12 29 15)-(3 61 9)-(14 35 26)-(0 8 25)-(15 54 23)-(3 31 12)]
0.7127, 0.5525191802978515, [(3 17 11)-(11 52 12)-(15 34 23)-(0 24 23)-(12 50 12)-(11 14 20)]
0.7098, 0.5553978790283203, [(10 16 25)-(3 41 7)-(15 62 28)-(13 1 26)-(1 59 13)-(3 47 23)]
0.7141, 0.5525902770996094, [(13 18 26)-(9 55 11)-(15 8 12)-(10 17 19)-(11 3 13)-(10 32 27)]
0.7128, 0.5504875213623046, [(13 14 12)-(8 53 21)-(2 34 18)-(1 27 2)-(7 20 23)-(10 25 11)]
0.7142, 0.5525183715820312, [(5 17 7)-(12 55 13)-(2 57 20)-(6 45 7)-(10 44 2)-(11 8 19)]
0.7, 0.5401499237060547, [(10 29 11)-(8 27 31)-(7 20 30)-(4 49 2)-(13 11 21)-(12 1 26)]
0.6962999999999999, 0.5081556793212891, [(7 27 18)-(6 11 10)-(12 0 28)-(8 8 3)-(12 50 16)-(6 43 0)]
0.714, 0.5525317260742187, [(14 53 22)-(0 54 3)-(14 3 20)-(12 55 10)-(4 1 0)-(10 44 26)]
0.7135, 0.5527540985107422, [(0 51 19)-(9 45 11)-(2 5 22)-(3 49 2)-(3 49 19)-(4 44 17)]
0.714, 0.5525307098388672, [(8 28 15)-(3 38 2)-(2 60 16)-(12 48 6)-(13 41 7)-(13 3 3)]
0.7127, 0.5506083312988281, [(13 39 26)-(11 33 30)-(7 10 15)-(8 53 22)-(3 27 0)-(11 2 21)]
0.7127, 0.5521844055175782, [(6 19 5)-(10 21 5)-(2 46 19)-(12 18 26)-(7 40 27)-(4 54 30)]
0.7122999999999999, 0.5520210052490234, [(7 41 18)-(7 32 30)-(0 61 26)-(2 35 31)-(2 59 8)-(9 8 26)]
0.7135, 0.552534521484375, [(13 32 23)-(0 41 31)-(5 57 22)-(8 2 16)-(7 27 30)-(10 35 19)]
0.714, 0.5525317108154297, [(4 15 10)-(4 45 22)-(3 60 28)-(11 44 20)-(6 6 0)-(14 54 14)]
0.714, 0.5525317169189453, [(1 28 1)-(8 58 12)-(5 35 19)-(11 33 10)-(13 48 22)-(0 56 27)]
0.714, 0.5525317840576172, [(2 40 30)-(7 24 16)-(1 40 26)-(11 53 27)-(6 61 3)-(14 31 15)]
0.7132000000000001, 0.5515521026611327, [(0 57 2)-(7 14 10)-(13 24 25)-(6 18 31)-(4 62 23)-(15 30 28)]
0.7101999999999999, 0.5492228973388672, [(15 19 18)-(2 53 1)-(1 13 10)-(1 62 1)-(9 25 28)-(2 1 21)]
0.7139, 0.552777328491211, [(10 36 31)-(6 33 24)-(12 32 28)-(8 8 23)-(0 22 24)-(2 49 11)]
0.714, 0.5525317169189453, [(11 32 27)-(13 52 20)-(7 30 1)-(10 10 7)-(6 44 16)-(14 24 19)]
0.714, 0.5525317260742187, [(6 24 7)-(14 50 26)-(15 19 29)-(0 51 25)-(12 54 15)-(9 48 18)]
0.6994, 0.5435701629638672, [(12 46 22)-(13 23 22)-(5 39 9)-(6 17 20)-(2 2 24)-(12 7 7)]
0.714, 0.5525317413330078, [(1 41 26)-(8 40 22)-(9 14 6)-(0 41 31)-(2 42 19)-(1 6 10)]
0.7136, 0.5525075439453125, [(2 24 30)-(13 10 4)-(10 18 19)-(7 57 14)-(7 61 1)-(14 56 25)]
0.714, 0.5525315734863281, [(1 13 13)-(14 63 17)-(9 60 4)-(8 0 5)-(7 28 0)-(5 28 3)]
0.714, 0.5525237121582032, [(8 23 18)-(3 62 11)-(8 8 18)-(6 39 18)-(1 44 23)-(6 51 5)]
0.6960999999999999, 0.5356257476806641, [(4 2 1)-(12 31 16)-(13 21 4)-(1 17 29)-(3 45 17)-(6 1 9)]
0.7098, 0.5489747985839843, [(9 60 31)-(14 56 23)-(5 14 29)-(4 29 28)-(6 38 26)-(14 4 0)]
0.714, 0.5525268188476562, [(14 48 4)-(9 20 15)-(9 45 1)-(4 18 25)-(9 6 12)-(11 8 11)]
0.7132000000000001, 0.5534750976562499, [(12 29 8)-(11 29 31)-(9 37 14)-(0 2 7)-(15 27 14)-(6 46 19)]
0.7121999999999999, 0.553744158935547, [(11 10 25)-(9 21 28)-(0 48 17)-(2 49 26)-(11 2 8)-(0 13 23)]
0.7123999999999999, 0.5518554626464843, [(5 8 30)-(4 36 7)-(8 25 28)-(9 59 8)-(12 32 5)-(9 63 1)]
0.7135, 0.5523768218994141, [(15 52 14)-(3 31 19)-(1 16 31)-(12 2 10)-(15 31 27)-(13 39 20)]
0.7046, 0.5442105285644532, [(10 35 28)-(7 39 3)-(11 44 23)-(2 53 0)-(8 21 31)-(10 0 9)]
0.714, 0.552535888671875, [(14 36 3)-(0 47 15)-(7 30 7)-(13 35 1)-(14 29 21)-(2 25 15)]
0.714, 0.5525317352294922, [(9 19 13)-(7 33 19)-(4 41 18)-(3 34 8)-(11 58 26)-(5 38 13)]
0.7098, 0.5483462524414062, [(2 26 29)-(12 55 2)-(12 34 3)-(10 14 29)-(15 61 8)-(8 49 0)]
0.714, 0.5525289642333984, [(0 38 1)-(10 17 30)-(4 27 15)-(5 30 20)-(3 28 12)-(4 28 30)]
0.714, 0.5525317291259766, [(8 62 0)-(11 34 30)-(1 42 21)-(11 11 5)-(11 42 23)-(12 42 24)]
0.6983, 0.5310358444213867, [(12 57 5)-(9 62 14)-(12 43 9)-(12 0 25)-(6 10 8)-(6 52 27)]
0.7137, 0.5525146881103515, [(0 20 1)-(7 39 26)-(10 20 10)-(2 31 25)-(10 35 7)-(12 13 21)]
0.714, 0.5525315887451172, [(2 38 28)-(0 31 19)-(15 23 5)-(10 25 7)-(14 10 30)-(10 0 6)]
0.714, 0.5525317260742187, [(9 51 12)-(0 57 7)-(5 44 5)-(5 51 17)-(5 28 6)-(8 9 2)]
0.714, 0.5525317321777343, [(10 61 16)-(9 55 17)-(12 38 17)-(0 63 2)-(8 63 8)-(3 3 0)]
0.714, 0.5525317260742187, [(6 60 9)-(0 25 4)-(4 34 7)-(11 45 9)-(9 46 3)-(13 48 22)]
0.7139, 0.5524182403564453, [(8 21 7)-(3 63 2)-(15 59 1)-(1 56 13)-(2 21 18)-(12 61 9)]
0.7019, 0.536557421875, [(3 30 30)-(1 11 16)-(6 41 26)-(1 24 13)-(11 62 30)-(1 2 29)]
0.6871, 0.5373159957885743, [(8 41 6)-(10 50 27)-(6 6 15)-(5 14 31)-(10 37 27)-(12 19 15)]
0.7141, 0.5521567504882812, [(2 45 1)-(2 52 23)-(10 59 29)-(4 59 15)-(9 15 24)-(14 15 10)]
0.7144999999999999, 0.5524432189941406, [(7 33 12)-(12 22 5)-(14 13 6)-(5 46 25)-(11 17 21)-(3 27 2)]
0.7144, 0.5527832733154296, [(14 19 21)-(6 36 19)-(10 18 3)-(14 45 19)-(9 23 28)-(2 10 0)]
0.714, 0.5525322052001953, [(4 49 30)-(6 6 11)-(12 5 13)-(12 53 24)-(15 30 5)-(0 31 2)]
0.714, 0.5525046112060548, [(10 36 4)-(2 61 19)-(0 0 13)-(14 18 31)-(13 58 12)-(10 21 3)]
0.714, 0.5525244934082032, [(10 39 26)-(8 7 1)-(11 19 18)-(7 30 31)-(15 53 22)-(6 9 17)]
0.7139, 0.5524796051025391, [(9 16 19)-(5 51 14)-(3 35 26)-(11 52 2)-(5 42 0)-(11 58 14)]
0.714, 0.552530387878418, [(13 49 13)-(5 40 2)-(2 41 17)-(13 52 27)-(10 14 14)-(11 53 9)]
0.7134, 0.5483561309814453, [(6 32 13)-(8 33 26)-(7 2 8)-(10 24 21)-(0 17 23)-(2 60 10)]
0.7138, 0.5533900146484375, [(6 27 22)-(1 6 8)-(1 48 24)-(0 58 12)-(5 38 13)-(10 0 6)]
0.7142999999999999, 0.5525231597900391, [(11 8 11)-(4 35 8)-(3 58 10)-(11 26 24)-(10 4 4)-(13 44 0)]
0.714, 0.5525315139770508, [(3 8 1)-(7 11 11)-(2 59 1)-(13 63 18)-(2 52 10)-(1 29 1)]
0.7018, 0.5365537796020508, [(14 54 7)-(5 15 0)-(1 2 29)-(2 61 23)-(2 39 29)-(6 2 4)]
0.714, 0.5525321044921876, [(7 9 12)-(9 18 1)-(12 4 2)-(11 57 9)-(4 45 23)-(9 61 8)]
0.7141, 0.5525431671142578, [(9 60 14)-(12 34 24)-(12 25 8)-(9 23 23)-(6 2 22)-(7 23 25)]
0.714, 0.5525317138671875, [(2 37 14)-(14 56 24)-(15 62 31)-(0 63 26)-(0 48 7)-(10 26 8)]
0.7099, 0.5334855163574219, [(8 36 4)-(10 19 5)-(10 0 23)-(14 20 6)-(12 2 26)-(5 16 5)]
0.714, 0.5525379913330077, [(3 38 25)-(1 52 11)-(11 4 13)-(6 57 11)-(3 24 19)-(0 4 2)]
0.714, 0.5525317291259766, [(3 36 27)-(10 62 8)-(1 63 31)-(15 18 13)-(0 20 2)-(14 25 21)]
0.7139, 0.5529517700195312, [(2 7 22)-(7 58 25)-(11 32 26)-(13 39 6)-(8 13 19)-(6 33 1)]
0.7130000000000001, 0.550230142211914, [(0 24 29)-(5 0 20)-(5 48 26)-(9 63 11)-(9 28 28)-(5 25 22)]
0.7123999999999999, 0.552452197265625, [(1 12 26)-(8 37 31)-(10 46 31)-(10 61 11)-(5 41 29)-(0 47 25)]
0.7139, 0.5525158233642578, [(12 44 21)-(14 11 10)-(10 3 16)-(6 47 3)-(1 59 15)-(11 63 23)]
0.7131000000000001, 0.552385336303711, [(5 27 18)-(1 22 30)-(14 10 23)-(4 40 0)-(10 7 8)-(15 37 30)]
0.7131000000000001, 0.5523540435791016, [(3 53 1)-(2 32 8)-(0 6 22)-(8 41 27)-(14 46 11)-(8 6 12)]
0.714, 0.5525315002441407, [(15 17 15)-(5 62 14)-(1 44 8)-(2 17 9)-(11 5 7)-(11 50 9)]
0.7138, 0.5533826171875, [(7 6 28)-(7 33 6)-(3 56 23)-(14 46 24)-(8 1 10)-(6 37 30)]
0.714, 0.5525316986083985, [(4 11 7)-(1 13 30)-(3 52 17)-(3 56 30)-(7 47 18)-(15 33 25)]
0.6234999999999999, 0.49089817352294923, [(1 36 12)-(4 32 9)-(1 9 25)-(8 0 29)-(8 26 1)-(12 63 16)]
0.7139, 0.5524956115722657, [(6 26 2)-(1 57 24)-(3 43 7)-(8 44 1)-(15 56 0)-(6 0 13)]
0.7143999999999999, 0.552873764038086, [(5 61 0)-(10 16 23)-(3 27 8)-(0 22 3)-(5 60 7)-(2 21 4)]
0.7142, 0.5523900115966797, [(11 59 7)-(9 19 9)-(5 18 23)-(14 5 2)-(12 50 21)-(13 52 10)]
0.714, 0.552533285522461, [(11 36 29)-(5 10 25)-(3 39 4)-(11 18 4)-(10 47 24)-(0 38 16)]
0.708, 0.5413376708984374, [(10 57 10)-(7 38 6)-(7 7 28)-(14 2 27)-(3 0 12)-(13 6 25)]
0.7134, 0.5523428283691406, [(5 3 23)-(10 61 23)-(0 58 7)-(8 60 5)-(0 50 24)-(7 19 6)]
0.7138, 0.5525480529785156, [(10 24 29)-(13 47 2)-(5 52 0)-(2 53 23)-(3 39 8)-(13 38 22)]
0.7139, 0.5525276611328125, [(6 42 18)-(7 31 2)-(1 2 1)-(7 2 16)-(5 45 26)-(5 49 6)]
0.7134, 0.5525132965087891, [(9 2 5)-(10 15 19)-(0 45 14)-(3 62 27)-(12 60 20)-(9 63 19)]
0.714, 0.5525317321777343, [(12 54 6)-(10 44 14)-(10 12 1)-(2 44 22)-(5 30 20)-(3 48 5)]
0.714, 0.5525317291259766, [(15 12 5)-(5 31 17)-(0 45 5)-(11 62 7)-(3 55 15)-(15 27 8)]
0.714, 0.5525317260742187, [(2 12 5)-(3 47 30)-(5 44 26)-(7 24 1)-(6 53 7)-(10 33 19)]
0.7139, 0.5527025573730469, [(8 40 4)-(5 24 2)-(0 14 23)-(13 34 7)-(3 61 10)-(5 62 23)]
0.714, 0.5525317230224609, [(12 43 10)-(13 35 9)-(3 57 28)-(9 36 8)-(2 32 7)-(15 61 28)]
0.7122999999999999, 0.5523425506591797, [(3 15 29)-(15 8 1)-(6 30 20)-(7 8 6)-(1 13 12)-(15 54 3)]
0.714, 0.5525318481445313, [(7 2 10)-(10 33 30)-(3 48 17)-(5 9 8)-(10 55 13)-(13 13 2)]
0.7135, 0.5523599670410156, [(7 58 3)-(5 32 2)-(15 2 2)-(5 58 22)-(9 19 24)-(11 4 27)]
0.7137, 0.5524647827148437, [(7 18 19)-(6 48 14)-(8 41 16)-(8 14 14)-(10 30 6)-(12 41 17)]
0.714, 0.5525303527832031, [(9 5 4)-(0 17 2)-(12 37 29)-(3 5 17)-(7 48 1)-(14 62 31)]
0.714, 0.5525338531494141, [(13 63 28)-(8 7 12)-(5 20 10)-(15 52 6)-(8 49 30)-(8 29 16)]
0.7134, 0.5526127563476563, [(6 30 18)-(7 42 7)-(3 60 27)-(4 24 24)-(9 44 11)-(1 35 2)]
0.714, 0.5525319274902344, [(12 11 11)-(1 42 17)-(1 53 6)-(3 59 9)-(6 35 10)-(14 26 24)]
0.714, 0.5525357543945313, [(0 39 12)-(2 28 9)-(2 53 29)-(14 28 14)-(2 12 14)-(1 32 13)]
0.7138, 0.5522769989013672, [(12 16 16)-(0 15 20)-(10 26 30)-(4 38 15)-(14 34 1)-(1 10 25)]
0.7136, 0.553094467163086, [(4 49 28)-(9 37 12)-(0 28 26)-(14 27 7)-(5 0 30)-(8 4 11)]
0.7133, 0.5539822906494141, [(5 43 30)-(2 22 26)-(5 46 22)-(4 11 17)-(9 3 4)-(5 22 8)]
0.714, 0.5525317413330078, [(4 42 5)-(6 34 30)-(5 57 0)-(14 7 7)-(3 15 10)-(9 50 5)]
0.714, 0.5525423675537109, [(7 43 0)-(7 55 13)-(8 29 18)-(0 63 21)-(2 56 23)-(14 17 7)]
0.714, 0.5524797637939454, [(4 17 7)-(9 36 2)-(15 40 14)-(9 7 21)-(14 45 5)-(12 13 4)]
0.7013, 0.5437695343017579, [(2 2 25)-(2 18 21)-(7 62 6)-(15 15 25)-(5 32 8)-(13 19 25)]
0.714, 0.5525317230224609, [(13 57 25)-(3 6 5)-(14 21 22)-(8 47 9)-(12 63 14)-(15 12 18)]
0.7147, 0.5481576416015626, [(3 33 30)-(4 62 5)-(9 10 7)-(1 44 15)-(6 23 28)-(4 41 21)]
0.714, 0.55253173828125, [(8 37 15)-(11 15 2)-(6 46 9)-(5 8 3)-(9 4 1)-(15 50 20)]
0.7133, 0.5526844299316407, [(9 16 21)-(6 22 22)-(12 33 2)-(7 15 14)-(4 48 28)-(6 43 15)]
0.714, 0.5525277648925782, [(6 38 24)-(2 0 11)-(2 9 4)-(2 31 30)-(1 38 1)-(8 58 16)]
0.7009, 0.5371140716552735, [(9 1 28)-(3 25 11)-(12 29 14)-(1 56 18)-(2 49 18)-(6 35 17)]
0.7141, 0.5525417297363281, [(2 56 23)-(9 31 17)-(5 40 22)-(2 24 17)-(1 59 5)-(0 9 14)]
0.714, 0.5525316650390625, [(7 13 13)-(3 43 31)-(6 47 3)-(10 42 27)-(1 8 13)-(10 35 2)]
0.7135, 0.5524362548828126, [(9 25 18)-(2 39 8)-(6 38 30)-(14 42 6)-(7 20 5)-(4 9 21)]
0.6476999999999999, 0.5235831695556641, [(12 1 31)-(5 8 3)-(2 2 30)-(8 37 12)-(3 35 13)-(1 18 15)]
0.7139, 0.5525304382324219, [(9 15 19)-(6 0 3)-(0 25 3)-(8 8 15)-(7 58 13)-(6 1 14)]
0.714, 0.5525314208984375, [(2 16 10)-(13 34 4)-(3 54 24)-(7 23 13)-(7 63 4)-(15 8 15)]
0.714, 0.5525315521240235, [(3 56 18)-(8 35 0)-(2 51 14)-(11 7 14)-(13 42 25)-(5 19 5)]
0.7059, 0.548841714477539, [(10 55 3)-(8 42 13)-(5 3 0)-(6 2 26)-(7 43 20)-(0 25 4)]
0.7141, 0.5525327545166016, [(5 42 16)-(8 47 4)-(4 34 20)-(13 44 18)-(2 10 17)-(3 23 2)]
0.714, 0.5525317199707032, [(15 57 22)-(15 53 27)-(7 53 9)-(5 51 14)-(2 60 6)-(7 19 10)]
0.7134, 0.5526455307006836, [(7 50 29)-(2 36 23)-(1 63 3)-(15 27 24)-(6 29 26)-(6 47 2)]
0.714, 0.5525317138671875, [(7 23 11)-(2 45 28)-(0 56 11)-(12 20 11)-(3 22 30)-(6 56 21)]
0.714, 0.5525317260742187, [(5 36 28)-(12 33 4)-(9 10 7)-(13 63 24)-(5 51 28)-(8 46 21)]
0.27090000000000003, 0.6176227691650391, [(0 10 2)-(0 9 25)-(12 62 31)-(0 31 29)-(15 0 31)-(6 20 4)]
0.714, 0.5525317260742187, [(10 47 18)-(14 27 19)-(8 55 4)-(13 42 9)-(4 61 28)-(5 63 20)]
0.7137, 0.5514939147949218, [(7 22 11)-(7 35 13)-(1 14 22)-(15 17 25)-(13 52 8)-(5 1 16)]
0.7138, 0.5525277038574219, [(12 46 5)-(12 28 31)-(6 57 7)-(14 49 7)-(8 26 18)-(14 37 11)]
0.7139, 0.5524942169189453, [(14 0 17)-(7 57 7)-(1 63 4)-(4 62 4)-(15 8 11)-(13 1 18)]
0.7069000000000001, 0.523025016784668, [(0 39 20)-(2 23 20)-(14 0 27)-(10 25 20)-(15 55 7)-(10 59 23)]
0.7126, 0.5533029663085938, [(13 23 16)-(7 42 6)-(0 45 31)-(3 4 2)-(12 46 27)-(3 12 31)]
0.714, 0.5525311798095703, [(1 52 9)-(14 24 26)-(6 3 12)-(15 55 3)-(13 37 5)-(13 58 7)]
