0.7139, 0.5524841430664063, [(13 55 11)-(2 25 31)-(12 39 26)]
0.1074, 0.0, [(6 18 30)-(11 24 29)-(10 56 19)]
0.6019, 0.5025610473632812, [(1 63 17)-(10 16 1)-(5 12 30)]
0.714, 0.5525317260742187, [(7 56 1)-(2 34 4)-(6 37 12)]
0.714, 0.552531805419922, [(3 0 6)-(6 42 28)-(11 42 19)]
0.714, 0.5525317321777343, [(6 7 5)-(14 37 25)-(7 40 17)]
0.714, 0.5525317016601563, [(12 50 28)-(3 20 13)-(2 43 21)]
0.714, 0.5525904235839845, [(15 55 26)-(2 46 15)-(6 21 19)]
0.714, 0.5525317260742187, [(15 20 23)-(0 56 18)-(15 33 12)]
0.714, 0.5525317260742187, [(12 58 6)-(13 33 25)-(11 56 28)]
0.714, 0.5525316192626952, [(2 61 29)-(4 16 11)-(5 33 28)]
0.0679, 0.0, [(5 21 30)-(3 19 25)-(8 45 19)]
0.714, 0.55253173828125, [(14 12 1)-(13 28 26)-(15 32 0)]
0.714, 0.5525317169189453, [(1 22 10)-(0 38 14)-(8 43 4)]
0.714, 0.55253173828125, [(8 47 20)-(7 15 4)-(15 27 17)]
0.714, 0.55253173828125, [(1 36 4)-(14 8 27)-(0 34 28)]
0.7136, 0.5525614166259765, [(8 25 19)-(13 57 4)-(13 9 26)]
0.714, 0.5525317230224609, [(8 54 22)-(3 32 21)-(15 33 19)]
0.714, 0.5525318237304687, [(12 39 11)-(0 63 17)-(4 20 11)]
0.7134, 0.552661309814453, [(9 11 21)-(8 21 16)-(8 5 21)]
0.7139, 0.5525271728515625, [(1 26 18)-(0 55 31)-(6 48 11)]
0.714, 0.5525317260742187, [(13 18 6)-(11 8 3)-(9 36 1)]
0.7137, 0.5525744873046875, [(5 4 19)-(13 3 9)-(12 43 30)]
0.714, 0.5525317291259766, [(15 29 25)-(12 11 10)-(0 42 20)]
0.7134, 0.5529613891601562, [(0 17 11)-(12 8 29)-(5 24 6)]
0.714, 0.5525317413330078, [(15 14 24)-(10 63 24)-(13 16 25)]
0.7136, 0.5481367065429688, [(7 60 31)-(8 2 6)-(11 20 31)]
0.714, 0.5525313323974609, [(13 28 26)-(6 8 10)-(13 24 31)]
0.7142, 0.5525870422363282, [(5 58 23)-(12 17 27)-(12 56 30)]
0.714, 0.5525317230224609, [(4 6 7)-(8 41 7)-(12 59 22)]
0.714, 0.5525317199707032, [(2 40 22)-(13 22 12)-(3 45 5)]
0.6975, 0.5473926620483398, [(5 39 29)-(3 7 16)-(7 21 26)]
0.714, 0.5525317169189453, [(11 9 18)-(8 57 3)-(2 20 12)]
0.714, 0.5525317321777343, [(9 36 18)-(10 56 30)-(13 7 11)]
0.714, 0.5525317291259766, [(4 14 7)-(9 22 3)-(4 23 4)]
0.714, 0.5525317352294922, [(5 30 1)-(1 62 18)-(15 26 26)]
0.714, 0.5525317138671875, [(3 29 4)-(7 55 1)-(1 47 20)]
0.714, 0.55254765625, [(13 3 26)-(6 47 21)-(2 1 14)]
0.714, 0.5525292236328125, [(7 35 28)-(14 15 5)-(0 4 16)]
0.714, 0.552547381591797, [(9 4 27)-(1 51 0)-(13 48 23)]
0.6275999999999999, 0.5238110916137695, [(5 5 25)-(1 53 25)-(1 46 17)]
0.0885, 0.0, [(5 26 17)-(3 7 30)-(12 58 13)]
0.7135, 0.5529383056640624, [(4 13 21)-(8 27 22)-(6 1 4)]
0.714, 0.5525317169189452, [(3 53 5)-(6 33 20)-(0 55 13)]
0.714, 0.5525317291259766, [(8 40 11)-(0 61 13)-(15 3 4)]
0.7142, 0.5525445343017579, [(11 39 8)-(2 28 29)-(8 11 27)]
0.714, 0.55251884765625, [(11 8 1)-(10 9 19)-(0 30 3)]
0.714, 0.5525317352294923, [(6 56 23)-(8 50 24)-(0 7 5)]
0.1077, 0.0, [(5 37 15)-(10 61 13)-(9 7 30)]
0.714, 0.5525317291259766, [(12 41 28)-(5 44 16)-(7 32 12)]
0.714, 0.5525368194580078, [(5 41 8)-(1 26 29)-(5 14 16)]
0.7137, 0.552509390258789, [(7 45 29)-(6 22 7)-(3 20 20)]
0.714, 0.5525317169189453, [(8 45 18)-(6 48 22)-(5 53 17)]
0.714, 0.5525317169189452, [(13 58 0)-(13 57 10)-(1 61 17)]
0.714, 0.5525317230224609, [(8 34 2)-(2 41 16)-(3 5 5)]
0.714, 0.5525317169189453, [(10 59 22)-(6 46 18)-(6 53 2)]
0.7063, 0.5678528533935547, [(4 0 22)-(4 4 0)-(9 9 0)]
0.714, 0.5525317779541015, [(11 39 31)-(0 41 14)-(13 2 8)]
0.7138, 0.552481950378418, [(9 32 16)-(4 7 21)-(12 61 24)]
0.7141, 0.5525203399658203, [(12 46 1)-(15 13 31)-(4 6 27)]
0.714, 0.5525324798583984, [(12 22 17)-(15 56 18)-(8 47 15)]
0.7132000000000001, 0.5526996368408204, [(13 10 15)-(13 12 18)-(11 2 18)]
0.714, 0.5525317199707032, [(0 52 6)-(0 10 3)-(14 43 20)]
0.714, 0.5525317169189452, [(9 33 29)-(3 33 13)-(3 12 6)]
0.714, 0.5525317291259766, [(2 32 0)-(13 22 29)-(0 32 22)]
0.714, 0.5525242919921876, [(0 28 18)-(2 60 2)-(14 10 29)]
0.714, 0.5525317291259766, [(5 40 28)-(2 36 11)-(11 53 20)]
0.1005, 0.0, [(8 0 30)-(3 45 6)-(9 49 11)]
0.714, 0.5525317321777343, [(13 14 5)-(4 57 20)-(10 59 23)]
0.714, 0.5525317352294922, [(11 22 5)-(5 1 0)-(13 30 19)]
0.714, 0.5525317352294923, [(11 1 28)-(9 58 1)-(14 58 29)]
0.714, 0.5525317199707032, [(5 35 6)-(5 49 15)-(5 30 10)]
0.714, 0.5525345581054688, [(1 10 17)-(6 45 18)-(10 55 23)]
0.714, 0.5525317321777343, [(3 62 2)-(15 17 3)-(1 34 5)]
0.7071000000000001, 0.5396965911865235, [(8 33 24)-(10 38 6)-(0 26 25)]
0.714, 0.5525317291259766, [(15 7 2)-(5 31 15)-(15 31 22)]
0.714, 0.5525313415527344, [(2 50 18)-(3 26 1)-(11 23 15)]
0.714, 0.5525317260742187, [(10 23 4)-(15 31 30)-(11 39 30)]
0.7136, 0.5526311065673828, [(12 26 21)-(1 61 17)-(14 16 1)]
0.714, 0.5526761474609374, [(6 19 14)-(7 19 22)-(5 2 10)]
0.714, 0.5525317352294923, [(0 51 14)-(14 62 5)-(13 12 18)]
0.714, 0.55253173828125, [(13 63 31)-(5 46 28)-(13 7 27)]
0.714, 0.5525317199707032, [(6 61 5)-(7 2 5)-(6 32 28)]
0.714, 0.5525284301757813, [(5 2 27)-(3 31 25)-(8 57 30)]
0.7139, 0.5524943588256837, [(2 3 29)-(6 63 24)-(6 26 19)]
0.714, 0.5525317321777343, [(7 47 27)-(4 54 31)-(15 28 10)]
0.7122999999999999, 0.5571490112304687, [(4 28 0)-(5 1 11)-(2 9 23)]
0.714, 0.5525317169189452, [(5 43 17)-(9 24 11)-(0 34 22)]
0.714, 0.5525846771240235, [(3 2 15)-(11 19 9)-(9 16 19)]
0.7086, 0.5497917175292969, [(10 55 17)-(7 26 26)-(8 60 19)]
0.714, 0.5525318878173828, [(11 46 15)-(12 15 9)-(1 59 16)]
0.714, 0.5525317596435547, [(1 32 25)-(0 3 1)-(9 16 9)]
0.714, 0.5525317321777343, [(6 45 9)-(1 55 3)-(2 38 27)]
0.7132000000000001, 0.552467807006836, [(3 17 21)-(15 55 23)-(2 62 4)]
0.714, 0.5525317169189452, [(15 49 22)-(9 10 9)-(7 51 31)]
0.714, 0.5525317260742187, [(8 2 5)-(10 46 4)-(2 60 20)]
0.7138, 0.5525538452148437, [(7 4 14)-(7 20 28)-(11 12 5)]
0.714, 0.5525318084716797, [(14 38 22)-(8 37 14)-(12 19 9)]
0.714, 0.5525317260742187, [(2 51 12)-(15 59 7)-(1 32 1)]
0.714, 0.5525317276000976, [(10 54 29)-(3 30 21)-(5 49 3)]
0.7139, 0.5525367462158204, [(2 27 28)-(9 7 3)-(7 53 9)]
0.7135, 0.552983071899414, [(3 0 18)-(7 24 4)-(3 50 1)]
0.7083999999999999, 0.5495096466064453, [(10 19 31)-(7 15 20)-(2 39 16)]
0.714, 0.5525317260742187, [(4 58 27)-(13 53 22)-(9 40 15)]
0.6780999999999999, 0.5211232788085938, [(4 58 18)-(8 18 31)-(11 36 7)]
0.7134, 0.5525137084960937, [(4 46 3)-(9 2 18)-(0 44 12)]
0.3831, 0.804952993774414, [(1 3 27)-(12 12 31)-(10 53 18)]
0.7132000000000001, 0.5538475494384765, [(14 0 20)-(3 39 5)-(5 36 3)]
0.714, 0.5525317352294922, [(5 12 0)-(6 10 28)-(8 57 30)]
0.714, 0.5525317901611329, [(0 62 3)-(13 63 3)-(4 28 10)]
0.714, 0.5525316589355469, [(7 40 10)-(12 20 9)-(11 10 10)]
0.714, 0.5525317321777343, [(15 50 11)-(1 22 5)-(11 30 23)]
0.714, 0.5525319366455078, [(12 50 2)-(7 11 11)-(15 57 22)]
0.7124999999999999, 0.5526582855224609, [(7 52 15)-(7 17 20)-(5 20 31)]
0.714, 0.5525320434570313, [(1 61 23)-(3 58 18)-(11 15 14)]
0.714, 0.5525319946289062, [(14 20 2)-(6 38 13)-(12 0 8)]
0.714, 0.5525317230224609, [(7 23 3)-(12 50 14)-(2 6 1)]
0.714, 0.5525317230224609, [(13 18 2)-(14 37 7)-(1 53 12)]
0.714, 0.5525424011230469, [(1 35 18)-(3 37 0)-(2 27 14)]
0.7139, 0.5524326477050782, [(3 35 24)-(3 12 15)-(1 7 21)]
0.7141, 0.5525581481933595, [(1 45 17)-(7 37 29)-(4 27 18)]
0.7142, 0.55284404296875, [(4 56 6)-(6 13 22)-(4 41 8)]
0.7135, 0.5528475219726563, [(6 5 9)-(11 5 22)-(1 18 1)]
0.714, 0.5525314605712891, [(14 39 31)-(2 29 14)-(9 30 13)]
0.7128, 0.5534326843261719, [(13 45 26)-(1 14 28)-(9 57 24)]
0.714, 0.5525317398071289, [(13 46 17)-(8 40 18)-(12 40 30)]
0.714, 0.5525318115234374, [(8 39 16)-(7 24 13)-(13 12 25)]
0.7131000000000001, 0.5525988555908203, [(8 48 28)-(14 28 15)-(11 12 20)]
0.714, 0.5525317260742187, [(7 41 21)-(0 44 25)-(14 60 5)]
0.7146999999999999, 0.5526696319580078, [(5 27 18)-(14 16 25)-(14 20 31)]
0.714, 0.5525317291259766, [(1 22 28)-(12 5 0)-(10 53 12)]
0.714, 0.5525317260742187, [(1 49 12)-(12 54 15)-(9 46 20)]
0.714, 0.5525348602294922, [(2 28 14)-(4 18 2)-(8 52 7)]
0.714, 0.5525317199707032, [(10 37 8)-(7 33 3)-(12 31 29)]
0.7136, 0.5526229858398437, [(10 26 21)-(5 55 9)-(0 9 29)]
0.714, 0.5525310852050781, [(2 35 2)-(3 22 3)-(2 13 13)]
0.7135, 0.5526369689941406, [(13 31 28)-(15 42 14)-(1 23 19)]
0.714, 0.5525317260742187, [(1 13 4)-(5 43 31)-(3 21 3)]
0.714, 0.5525317291259766, [(1 56 21)-(11 43 5)-(4 57 16)]
0.714, 0.5525317352294922, [(9 45 30)-(12 34 3)-(15 31 27)]
0.714, 0.5525324920654298, [(9 54 29)-(8 25 14)-(15 30 16)]
0.713, 0.5545491882324218, [(10 52 23)-(3 0 20)-(0 8 6)]
0.714, 0.5525317230224609, [(14 50 2)-(13 39 13)-(2 61 3)]
0.1976, 0.0, [(13 31 0)-(3 4 30)-(6 13 17)]
0.714, 0.5524035186767577, [(0 62 15)-(9 27 21)-(11 7 11)]
0.7141, 0.552552896118164, [(7 12 19)-(10 8 17)-(6 47 25)]
0.7157, 0.5516325988769532, [(9 35 26)-(2 15 26)-(5 45 7)]
0.714, 0.5525275695800782, [(14 10 10)-(6 11 15)-(3 32 28)]
0.714, 0.5525317413330078, [(6 11 23)-(6 11 0)-(2 18 29)]
0.7139, 0.552573388671875, [(6 23 18)-(5 6 7)-(8 63 22)]
0.1157, 0.0, [(2 28 30)-(3 35 4)-(11 61 30)]
0.714, 0.5513232360839844, [(11 3 31)-(11 52 27)-(11 19 7)]
0.714, 0.5525317199707032, [(14 18 25)-(13 41 18)-(15 42 6)]
0.7139, 0.5524947296142577, [(5 21 15)-(9 11 21)-(9 59 1)]
0.714, 0.5525317291259766, [(2 60 3)-(11 59 24)-(5 44 28)]
0.7139, 0.5529647766113281, [(7 7 24)-(14 57 26)-(14 23 23)]
0.714, 0.5525317321777343, [(15 54 3)-(9 62 15)-(14 15 19)]
0.712, 0.5514678802490234, [(8 18 8)-(12 21 1)-(0 28 24)]
0.714, 0.5525317352294922, [(3 42 25)-(11 60 27)-(14 0 2)]
0.7082, 0.546895068359375, [(14 35 16)-(11 9 25)-(4 22 1)]
0.714, 0.5525317291259766, [(14 52 5)-(5 40 13)-(15 11 20)]
0.7139, 0.5547083526611327, [(0 56 29)-(2 43 17)-(2 9 22)]
0.6931, 0.5232506164550781, [(7 54 17)-(9 37 1)-(6 21 25)]
0.714, 0.5525338195800781, [(12 40 17)-(1 10 2)-(10 12 18)]
0.714, 0.5525318878173828, [(12 56 21)-(5 42 24)-(0 23 10)]
0.714, 0.5525317810058594, [(11 43 26)-(7 62 15)-(4 21 8)]
0.7131000000000001, 0.5531106781005859, [(8 34 8)-(13 2 21)-(5 60 22)]
0.7121999999999999, 0.5546550720214843, [(5 43 19)-(13 43 31)-(9 20 24)]
0.714, 0.5525317321777343, [(9 37 16)-(4 48 28)-(15 60 11)]
0.7132000000000001, 0.5535733337402344, [(15 60 26)-(6 8 28)-(4 15 9)]
0.714, 0.5525317352294923, [(5 39 13)-(0 5 9)-(11 52 8)]
0.7125999999999999, 0.552754638671875, [(3 33 21)-(8 25 23)-(14 44 16)]
0.714, 0.5525317230224609, [(11 8 2)-(13 47 29)-(14 61 0)]
0.714, 0.5525317199707032, [(14 45 15)-(11 6 3)-(4 34 26)]
0.7131000000000001, 0.5525995666503907, [(11 12 20)-(8 7 3)-(8 0 8)]
0.7142999999999999, 0.5513830169677734, [(1 22 24)-(10 47 9)-(0 22 6)]
0.714, 0.5525317108154297, [(9 38 5)-(6 26 7)-(4 1 5)]
0.7137, 0.55285205078125, [(11 4 24)-(12 52 6)-(4 43 12)]
0.714, 0.5525317230224609, [(14 46 7)-(1 48 23)-(8 32 19)]
0.714, 0.5525317321777343, [(6 43 23)-(14 57 24)-(8 56 1)]
0.6868, 0.5690148681640625, [(15 28 31)-(2 28 26)-(10 40 10)]
0.714, 0.5525317230224609, [(8 44 13)-(1 57 3)-(2 30 7)]
0.714, 0.5525317230224609, [(11 31 17)-(8 54 7)-(7 6 2)]
0.714, 0.5525317260742187, [(15 47 8)-(7 5 5)-(11 42 10)]
0.714, 0.5525346527099609, [(6 9 15)-(8 56 18)-(14 11 21)]
0.6727, 0.5519962677001953, [(0 43 16)-(3 61 2)-(0 3 31)]
0.714, 0.5525317169189452, [(5 33 12)-(4 10 3)-(2 6 1)]
0.7121, 0.5516880645751954, [(15 57 3)-(15 36 29)-(8 4 26)]
0.714, 0.5525317199707032, [(6 2 1)-(5 30 24)-(5 21 6)]
0.714, 0.5525319580078125, [(10 0 7)-(11 55 17)-(8 51 19)]
0.714, 0.5525317321777343, [(0 52 12)-(15 23 22)-(8 55 16)]
0.714, 0.5525317352294923, [(1 31 15)-(13 59 17)-(14 18 2)]
0.714, 0.5525317443847657, [(14 36 14)-(14 18 24)-(14 57 11)]
0.7139, 0.5525803497314453, [(10 50 30)-(6 8 1)-(7 26 20)]
0.7113, 0.5484497344970702, [(6 4 24)-(13 52 17)-(14 23 3)]
0.7133, 0.5528356140136719, [(4 23 13)-(0 28 17)-(9 7 22)]
0.714, 0.5525317230224609, [(14 11 15)-(1 59 14)-(4 5 0)]
0.714, 0.5525317108154297, [(6 29 6)-(12 41 31)-(10 61 0)]
0.7043999999999999, 0.5448680419921875, [(0 52 14)-(9 62 22)-(15 1 23)]
0.714, 0.552531884765625, [(7 3 14)-(2 34 20)-(10 34 4)]
0.7126, 0.5531236022949219, [(10 27 24)]
0.714, 0.5525317199707032, [(14 44 27)-(3 63 18)-(4 16 7)]
0.714, 0.5525317352294922, [(13 57 6)-(4 32 10)-(7 29 7)]
0.714, 0.5525307586669922, [(13 43 7)-(4 6 15)-(15 20 1)]
0.7139, 0.5524311096191405, [(2 6 18)-(6 22 4)-(0 48 0)]
0.714, 0.5525317291259766, [(9 32 30)-(9 54 9)-(3 55 9)]
0.714, 0.5525317169189453, [(13 27 18)-(14 27 7)-(2 15 6)]
0.714, 0.5525342102050781, [(3 3 16)-(13 39 31)-(14 17 29)]
0.7139, 0.5525370025634766, [(2 44 16)-(3 5 28)-(5 19 14)]
0.714, 0.5525317321777343, [(11 63 15)-(9 43 26)-(9 49 2)]
0.714, 0.5525317260742187, [(9 24 9)-(3 61 30)-(13 4 24)]
0.714, 0.5525318084716797, [(9 12 15)-(15 21 1)-(7 36 14)]
0.158, 0.9622486358642578, [(13 6 15)-(4 10 30)-(15 31 23)]
0.1006, 0.9993763946533203, [(8 20 25)-(4 22 30)-(10 4 0)]
0.714, 0.55253173828125, [(11 31 8)-(7 34 28)-(2 33 28)]
0.714, 0.5525273986816406, [(4 51 10)-(8 13 14)-(11 24 18)]
0.7126, 0.5484146026611327, [(2 15 31)-(6 17 28)-(11 5 6)]
0.6646000000000001, 0.5278868743896484, [(10 14 24)-(6 37 31)-(5 6 31)]
0.714, 0.5525175018310546, [(6 8 15)-(7 26 2)-(11 53 21)]
0.7126, 0.5549101593017578, [(9 0 20)-(1 8 23)-(5 30 27)]
0.714, 0.5525357116699219, [(7 12 17)-(8 30 16)-(10 56 11)]
0.714, 0.5525317260742187, [(12 62 12)-(11 43 11)-(6 50 11)]
0.7144999999999999, 0.553825163269043, [(2 10 23)-(9 0 19)-(3 53 30)]
0.714, 0.5525317230224609, [(15 55 15)-(10 24 0)-(1 56 11)]
0.7134, 0.55245595703125, [(15 18 5)-(13 47 28)-(3 4 21)]
0.714, 0.5525317260742187, [(3 61 20)-(0 59 21)-(14 19 17)]
0.6971, 0.5321775405883789, [(9 61 14)-(8 16 25)-(6 56 9)]
0.714, 0.5525317260742187, [(6 52 6)-(9 60 9)-(4 6 5)]
0.714, 0.5525317321777343, [(13 16 23)-(13 44 31)-(11 61 4)]
0.6938, 0.5527055297851562, [(3 15 28)-(7 4 26)-(2 44 17)]
0.714, 0.5525317230224609, [(14 43 5)-(14 22 20)-(1 49 7)]
0.714, 0.5525317352294923, [(13 37 26)-(9 40 21)-(3 16 0)]
0.714, 0.5525317321777343, [(15 12 12)-(2 43 4)-(12 57 1)]
0.714, 0.5525323638916015, [(9 7 13)-(13 55 28)-(14 44 29)]
0.7136, 0.5527820831298829, [(9 31 6)-(8 28 21)-(7 35 21)]
0.714, 0.5525287292480469, [(5 13 18)-(6 22 16)-(6 38 7)]
0.714, 0.5525317230224609, [(6 33 31)-(14 11 14)-(10 47 0)]
0.7135, 0.5525404541015625, [(13 35 0)-(14 49 28)-(3 1 27)]
0.714, 0.5525317199707032, [(10 32 28)-(4 42 21)-(15 53 25)]
0.7130000000000001, 0.5531430084228516, [(2 16 27)-(7 48 12)-(4 19 21)]
0.7137, 0.5525362518310546, [(13 32 8)-(14 17 8)-(6 10 22)]
0.7122999999999999, 0.5529241394042969, [(13 63 2)-(9 1 21)-(14 42 1)]
0.714, 0.5525317321777343, [(12 44 17)-(14 28 27)-(15 36 15)]
0.7053, 0.542200732421875, [(10 37 30)-(8 20 31)-(14 12 2)]
0.7139, 0.5527517852783204, [(13 11 5)-(9 55 31)-(1 1 18)]
0.714, 0.5525317199707032, [(12 39 15)-(0 58 5)-(15 38 5)]
0.6988, 0.5471500366210937, [(5 21 24)-(12 12 12)-(11 51 18)]
0.714, 0.5525317260742187, [(4 63 8)-(11 6 4)-(0 43 15)]
0.714, 0.552531655883789, [(6 29 17)-(14 59 27)-(2 9 28)]
0.7138, 0.5526183441162109, [(6 23 5)-(10 28 22)-(13 22 4)]
0.714, 0.5525317733764649, [(11 12 10)-(6 16 29)-(11 21 11)]
0.714, 0.5525317321777343, [(14 32 15)-(15 60 30)-(12 11 29)]
0.714, 0.5525494567871094, [(2 21 15)-(7 15 2)-(0 61 29)]
0.714, 0.5525075714111328, [(2 29 20)-(10 40 15)-(10 2 28)]
0.7142999999999999, 0.5511981842041016, [(11 10 24)-(8 55 5)-(8 3 12)]
0.7, 0.5508835021972656, [(5 19 23)-(9 42 8)-(3 55 21)]
0.7053, 0.548866748046875, [(9 21 3)-(8 21 31)-(1 32 22)]
0.688, 0.5445952758789062, [(2 46 8)-(13 2 24)-(0 60 23)]
0.714, 0.5525317291259766, [(11 3 6)-(6 43 4)-(11 55 26)]
0.712, 0.5529852111816407, [(1 26 9)-(7 15 2)-(5 6 22)]
0.714, 0.5525327819824218, [(4 7 1)-(7 0 8)-(6 39 18)]
0.7134, 0.5530955627441406, [(15 43 26)-(11 20 22)-(5 27 3)]
0.714, 0.5525317199707032, [(7 59 2)-(3 48 28)-(11 58 23)]
0.714, 0.5525317321777343, [(6 50 31)-(12 7 29)-(10 35 15)]
0.7135, 0.554621124267578, [(13 60 1)-(0 0 19)-(10 14 2)]
0.7097, 0.5481579345703125, [(9 16 6)-(6 39 15)-(9 18 31)]
0.714, 0.5525317413330078, [(0 7 28)-(2 43 7)-(5 40 10)]
0.714, 0.5525317230224609, [(0 13 29)-(11 14 28)-(8 54 2)]
0.714, 0.5525350280761718, [(15 14 4)-(7 28 16)-(13 50 28)]
0.7142999999999999, 0.5524455596923828, [(12 3 20)-(12 59 20)-(0 58 5)]
0.714, 0.5525315887451172, [(8 2 10)-(9 14 29)-(10 29 12)]
0.1481, 0.9255578643798829, [(11 26 2)-(7 13 30)-(8 16 19)]
0.7139, 0.5525702209472656, [(2 8 1)-(11 2 16)-(1 14 10)]
0.7121999999999999, 0.5527076034545899, [(15 23 5)-(5 43 21)-(12 14 22)]
0.714, 0.5525317199707032, [(8 55 14)-(7 37 26)-(11 41 7)]
0.7101999999999999, 0.5481127655029296, [(4 43 24)-(3 27 3)-(13 1 23)]
0.714, 0.5525317321777343, [(3 10 3)-(9 36 27)-(14 25 2)]
0.714, 0.5525317321777343, [(14 40 10)-(15 5 20)-(14 55 26)]
0.714, 0.55253173828125, [(5 34 12)-(3 30 8)-(6 42 4)]
0.7136, 0.5524682312011719, [(0 24 23)-(3 15 14)-(4 17 11)]
0.7138, 0.5525217468261718, [(1 58 10)-(3 8 18)-(0 34 26)]
0.714, 0.5525317199707032, [(11 47 11)-(15 51 15)-(14 53 25)]
0.7142, 0.5525079620361328, [(11 25 20)-(10 35 9)-(3 47 27)]
0.714, 0.5525317291259766, [(7 31 14)-(15 6 17)-(9 30 24)]
0.714, 0.5525317443847656, [(0 39 28)-(10 35 7)-(10 59 22)]
0.714, 0.5525317260742187, [(4 39 14)-(3 60 2)-(5 55 26)]
0.714, 0.5525317352294922, [(6 38 21)-(14 27 28)-(13 36 15)]
0.7128, 0.5526625000000001, [(12 5 3)-(3 2 19)-(10 4 8)]
0.7133, 0.5524565948486329, [(11 38 9)-(11 14 7)-(8 14 23)]
0.714, 0.5525317199707032, [(11 49 22)-(2 32 18)-(3 20 6)]
0.6991, 0.530653303527832, [(5 2 31)-(13 7 7)-(8 54 28)]
0.7131000000000001, 0.5600910339355469, [(13 29 0)-(4 0 21)-(2 48 31)]
0.714, 0.5525302520751953, [(10 33 1)-(15 17 21)-(11 10 15)]
0.633, 0.5223798767089844, [(13 41 27)-(3 2 26)-(6 31 3)]
0.714, 0.5525317230224609, [(8 37 10)-(0 15 29)-(1 61 8)]
0.714, 0.5525317321777343, [(2 11 29)-(8 54 20)-(8 35 2)]
0.714, 0.5525317260742187, [(13 32 21)-(15 53 0)-(4 36 17)]
0.7132000000000001, 0.5528505920410156, [(6 51 13)-(11 8 28)-(5 29 24)]
0.714, 0.5525317260742187, [(14 18 28)-(4 48 19)-(15 31 22)]
0.7138, 0.5525377166748047, [(15 17 22)-(1 60 19)-(9 28 27)]
0.714, 0.5525317321777343, [(1 32 5)-(11 1 4)-(15 45 24)]
0.714, 0.5525317504882812, [(2 35 27)-(8 25 9)-(5 48 24)]
0.714, 0.5525317230224609, [(14 32 5)-(4 47 2)-(5 14 5)]
0.714, 0.5525317291259766, [(13 7 17)-(13 51 31)-(2 41 8)]
0.714, 0.5525317199707032, [(12 29 8)-(0 56 12)-(11 39 28)]
0.714, 0.5525335540771484, [(10 32 1)-(7 10 29)-(9 6 16)]
0.7136, 0.5515618469238281, [(13 20 8)-(12 61 31)-(2 13 23)]
0.7139, 0.5524838378906249, [(8 33 19)-(1 18 19)-(5 22 7)]
0.714, 0.5525317291259766, [(2 46 6)-(1 8 9)-(14 11 3)]
0.714, 0.5525317321777343, [(10 38 8)-(0 20 8)-(14 4 9)]
0.714, 0.5525317321777343, [(6 48 2)-(7 53 8)-(13 31 18)]
0.714, 0.552531869506836, [(13 21 22)-(12 25 14)-(0 32 12)]
0.6075999999999999, 0.1522838348388672, [(5 60 29)-(14 42 30)-(12 0 29)]
0.714, 0.5525451324462891, [(15 35 24)-(0 27 16)-(8 38 26)]
0.7134, 0.5529022094726563, [(9 26 22)-(14 60 8)-(5 44 18)]
0.714, 0.5525389511108398, [(3 28 19)-(13 37 30)-(9 57 9)]
0.7135, 0.5525404479980469, [(2 1 28)-(3 1 27)-(15 40 20)]
0.714, 0.5525334442138672, [(11 6 9)-(9 63 4)-(7 29 15)]
0.714, 0.5525317199707032, [(7 38 29)-(4 39 14)-(10 39 17)]
0.714, 0.5525317199707032, [(5 36 30)-(1 60 25)-(12 61 8)]
0.7141, 0.5528859466552734, [(3 37 15)-(9 57 4)-(11 27 24)]
0.714, 0.5525317230224609, [(7 46 10)-(13 40 15)-(5 58 16)]
0.7139, 0.5525682586669922, [(9 8 19)-(1 21 15)-(11 2 16)]
0.7133, 0.5525074890136719, [(8 62 7)-(14 11 1)-(9 3 20)]
0.714, 0.5525317230224609, [(9 45 31)-(4 48 7)-(15 7 25)]
0.7136, 0.5519638824462891, [(9 4 26)-(13 43 3)-(9 6 23)]
0.714, 0.5525317199707032, [(1 41 10)-(8 47 18)-(3 46 0)]
0.714, 0.5525317138671875, [(4 54 11)-(3 36 12)-(14 27 11)]
0.714, 0.5525314559936523, [(1 34 19)-(5 31 3)-(0 3 9)]
0.6061000000000001, 0.0, [(7 18 30)-(11 19 20)-(13 38 30)]
0.714, 0.5525475311279296, [(13 49 13)-(10 47 4)-(8 3 28)]
0.7058, 0.5427665496826173, [(14 1 0)-(1 22 27)-(8 2 23)]
0.714, 0.5525317260742187, [(9 34 13)-(3 57 7)-(3 49 26)]
0.714, 0.5525317199707032, [(6 35 26)-(10 33 24)-(14 43 0)]
0.714, 0.55253173828125, [(9 52 18)-(0 44 28)-(10 27 10)]
0.714, 0.5525317260742187, [(6 34 8)-(9 45 4)-(7 36 1)]
0.711, 0.5471529968261719, [(0 3 22)-(3 3 6)-(10 9 1)]
0.7135, 0.5529377716064453, [(11 46 17)-(11 48 25)-(1 23 21)]
0.714, 0.5525318328857421, [(11 14 12)-(13 9 8)-(9 30 29)]
0.714, 0.5525294891357422, [(6 27 13)-(2 48 6)-(0 55 24)]
0.714, 0.5525317260742187, [(1 53 2)-(3 36 4)-(9 19 31)]
0.714, 0.5525317230224609, [(5 50 3)-(1 45 16)-(10 37 28)]
0.714, 0.552530990600586, [(14 26 10)-(3 14 3)-(4 4 13)]
0.714, 0.5525317321777343, [(8 54 13)-(15 19 16)-(8 31 5)]
0.714, 0.5525317352294923, [(4 5 8)-(7 34 0)-(10 24 6)]
0.714, 0.5525317260742187, [(7 13 29)-(6 39 9)-(11 50 18)]
0.7136, 0.5525296997070313, [(3 7 12)-(13 28 3)-(5 24 21)]
0.714, 0.5525317260742187, [(6 50 0)-(9 27 3)-(3 50 31)]
0.6995, 0.5446609802246094, [(10 6 8)-(0 14 5)-(5 13 26)]
0.714, 0.5525317321777343, [(11 41 13)-(11 33 22)-(10 6 0)]
0.6780999999999999, 0.5558508361816407, [(9 35 0)-(8 18 24)-(11 34 16)]
0.7083999999999999, 0.5495255584716796, [(9 22 15)-(6 20 31)-(15 30 28)]
0.714, 0.5525320770263671, [(15 13 31)-(12 55 3)-(5 28 12)]
0.714, 0.5525317321777343, [(5 44 11)-(15 39 14)-(2 22 0)]
0.7141, 0.5525498413085937, [(13 58 2)-(7 25 20)-(2 36 26)]
0.714, 0.5525317810058594, [(3 59 17)-(7 16 29)-(6 0 4)]
0.7138, 0.5526266052246094, [(15 25 29)-(2 26 12)-(4 4 27)]
0.6675, 0.5483575500488281, [(9 51 8)-(6 41 16)-(11 16 26)]
0.714, 0.5525317260742187, [(1 25 28)-(4 49 22)-(9 56 5)]
0.714, 0.5525317260742187, [(9 6 29)-(7 42 25)-(2 50 18)]
0.714, 0.5525317352294922, [(11 37 30)-(14 47 7)-(15 11 20)]
0.714, 0.5525334686279297, [(5 61 18)-(8 23 14)-(4 58 12)]
0.7138, 0.5523650665283204, [(8 12 31)-(1 22 28)-(0 13 5)]
0.714, 0.5525317230224609, [(4 48 30)-(8 55 19)-(2 31 16)]
0.714, 0.5525317230224609, [(11 56 4)-(8 47 15)-(9 50 21)]
0.7119, 0.5529281494140625, [(1 27 22)-(12 15 19)-(9 20 17)]
0.714, 0.5525317291259766, [(4 36 18)-(9 53 25)-(9 7 28)]
0.714, 0.5525317413330078, [(15 30 3)-(13 60 21)-(9 20 7)]
0.5717, 0.518399739074707, [(13 2 25)-(7 47 3)-(13 40 20)]
0.714, 0.5525317321777343, [(13 43 22)-(6 31 18)-(8 55 15)]
0.714, 0.5525317230224609, [(7 3 0)-(15 51 16)-(13 39 9)]
0.714, 0.5525317321777343, [(15 58 19)-(14 47 8)-(10 8 8)]
0.714, 0.5525317260742187, [(1 46 24)-(6 10 1)-(8 49 22)]
0.7142, 0.5526969604492187, [(7 1 27)-(7 7 8)-(14 9 30)]
0.7142, 0.5523023712158203, [(13 48 15)-(9 21 22)-(12 54 16)]
0.714, 0.5525318389892577, [(0 40 21)-(9 5 10)-(14 54 11)]
0.7133, 0.5534045135498047, [(12 5 31)-(1 22 17)-(6 61 24)]
0.7106, 0.5487373321533203, [(7 44 19)-(8 15 24)-(4 57 9)]
0.1023, 0.0, [(15 39 1)-(13 43 7)-(0 4 30)]
0.714, 0.5525317321777343, [(7 56 12)-(12 58 14)-(13 27 12)]
0.7138, 0.5525762084960938, [(9 16 19)-(8 47 6)-(8 18 8)]
0.7136, 0.5494010040283204, [(13 12 0)-(6 13 26)-(1 5 11)]
0.714, 0.5525317321777343, [(1 35 10)-(15 34 13)-(15 15 15)]
0.7139, 0.5524381805419922, [(6 47 17)-(4 13 23)-(0 11 7)]
0.714, 0.5525317230224609, [(13 52 0)-(0 48 30)-(0 4 4)]
0.714, 0.5525317291259766, [(9 51 9)-(5 51 27)-(12 38 29)]
0.7131000000000001, 0.5528060852050781, [(5 5 21)-(1 17 20)-(8 49 3)]
0.714, 0.5525318115234374, [(13 13 14)-(4 35 0)-(3 28 12)]
0.7137, 0.5524830780029297, [(0 7 22)-(12 40 25)-(6 39 30)]
0.714, 0.5524952850341798, [(5 11 18)-(7 52 9)-(12 61 4)]
0.714, 0.5525317291259766, [(0 35 12)-(10 32 3)-(0 37 27)]
0.7114, 0.5498952178955079, [(1 10 26)-(11 24 8)-(10 45 17)]
0.714, 0.5525317352294922, [(14 16 4)-(13 42 13)-(3 38 14)]
0.714, 0.5525317169189453, [(8 43 7)-(5 58 18)-(5 40 23)]
0.714, 0.5525317138671875, [(2 31 25)-(12 37 4)-(4 41 8)]
0.714, 0.5525317138671875, [(10 4 9)-(14 3 18)-(0 1 8)]
0.7142, 0.5521591735839844, [(1 55 24)-(2 11 21)-(9 23 4)]
0.713, 0.5497787750244141, [(2 25 23)-(8 3 14)-(7 23 16)]
0.7142, 0.5525877441406251, [(12 14 20)-(7 11 0)-(9 61 26)]
0.7134, 0.5535952941894531, [(4 35 11)-(10 0 19)-(8 53 17)]
0.7137, 0.5524707397460937, [(13 8 19)-(9 4 6)-(6 18 21)]
0.7126, 0.5510032684326172, [(4 21 7)-(2 45 23)-(6 1 27)]
0.714, 0.552531527709961, [(9 10 13)-(8 49 11)-(2 62 6)]
0.6403, nan, [(15 52 9)-(14 51 12)-(11 0 29)]
0.714, 0.5525318176269531, [(12 28 16)-(10 47 18)-(14 15 16)]
0.714, 0.5525317291259766, [(11 34 23)-(11 41 3)-(3 45 24)]
0.714, 0.5525317535400391, [(12 24 12)-(15 1 0)-(13 50 6)]
0.714, 0.5527679077148437, [(1 2 20)-(3 8 9)-(9 40 27)]
0.714, 0.5525317413330078, [(3 62 28)-(10 58 27)-(10 27 2)]
0.714, 0.5525317169189453, [(2 38 27)-(0 63 26)-(8 55 29)]
0.714, 0.5525317260742187, [(3 53 22)-(13 53 18)-(5 37 13)]
0.714, 0.55253173828125, [(3 19 13)-(5 57 11)-(5 39 24)]
0.7061, 0.5507082336425781, [(7 20 7)-(8 21 26)-(15 46 5)]
0.7148, 0.5428887878417968, [(2 18 26)-(0 4 24)-(4 8 11)]
0.7079, 0.5530995147705078, [(11 27 8)-(8 5 13)-(1 11 24)]
0.714, 0.5525316101074219, [(8 10 11)-(7 36 10)-(2 24 6)]
0.714, 0.5525317321777343, [(11 34 25)-(3 26 29)-(12 40 10)]
0.714, 0.5526246154785156, [(5 63 5)-(10 6 20)-(3 62 12)]
0.714, 0.5525550689697265, [(14 62 3)-(4 62 22)-(3 27 18)]
0.714, 0.5525317260742187, [(9 53 20)-(3 56 1)-(9 13 2)]
0.714, 0.5525374114990235, [(12 28 0)-(10 11 15)-(14 29 2)]
0.714, 0.5525318725585937, [(12 16 11)-(4 30 16)-(7 4 28)]
0.7138, 0.5525536926269531, [(11 49 25)-(7 20 28)-(6 2 6)]
0.714, 0.552531967163086, [(2 48 22)-(8 28 11)-(3 46 12)]
0.714, 0.5525317230224609, [(9 42 7)-(6 42 26)-(1 58 0)]
0.7003, 0.5404782577514649, [(9 57 31)-(8 28 31)-(4 6 11)]
0.7134, 0.5526300598144531, [(5 14 12)-(2 29 27)-(14 43 21)]
0.714, 0.5525317352294922, [(11 11 10)-(4 1 2)-(15 21 2)]
0.714, 0.5525409759521485, [(8 20 16)-(9 8 1)-(2 20 6)]
0.1254, 0.9805426208496093, [(1 8 7)-(3 29 30)-(2 4 16)]
0.714, 0.5525317291259766, [(11 22 3)-(9 38 18)-(13 6 3)]
0.6809000000000001, 0.5429554534912109, [(1 1 23)-(14 42 29)-(9 22 0)]
0.714, 0.5525319610595703, [(5 36 18)-(5 24 15)-(2 52 0)]
0.714, 0.552531736755371, [(12 0 3)-(9 52 28)-(13 28 3)]
0.714, 0.55253173828125, [(13 27 26)-(2 40 19)-(13 21 0)]
0.7131000000000001, 0.5522662322998046, [(8 24 23)-(9 3 8)-(2 40 8)]
0.714, 0.5525317230224609, [(14 6 3)-(7 63 14)-(3 62 14)]
0.714, 0.5525316680908203, [(11 51 26)-(5 7 14)-(4 36 12)]
0.714, 0.5525317138671875, [(13 53 4)-(15 36 31)-(6 39 21)]
0.7135, 0.5525063140869141, [(8 46 25)-(2 10 22)-(5 56 2)]
0.6798, 0.5316638671875, [(9 52 6)-(12 14 31)-(5 8 24)]
0.6268, 0.6002246520996094, [(9 28 28)-(3 10 22)-(9 0 27)]
0.714, 0.5525322692871093, [(2 45 15)-(15 51 18)-(0 19 28)]
0.714, 0.5525315582275391, [(6 5 15)-(14 44 5)-(11 50 3)]
0.7141, 0.5530906707763672, [(2 8 1)-(8 12 2)-(6 15 31)]
0.714, 0.5525188812255859, [(12 18 12)-(6 25 17)-(1 25 16)]
0.713, 0.552486538696289, [(5 61 1)-(10 42 15)-(0 5 24)]
0.714, 0.5525317199707032, [(9 41 23)-(2 31 24)-(0 45 8)]
0.7135, 0.5527534729003907, [(6 15 21)-(5 51 11)-(15 22 5)]
0.714, 0.5525317321777343, [(0 47 6)-(11 36 28)-(6 44 2)]
0.714, 0.5526829162597656, [(9 23 1)-(7 52 12)-(7 25 23)]
0.7138, 0.55253525390625, [(11 8 15)-(10 20 20)-(15 19 1)]
0.7142, 0.5523023773193358, [(2 55 8)-(13 36 24)-(9 21 22)]
0.7141, 0.5524761199951171, [(12 6 0)-(5 15 18)-(4 11 27)]
0.7141, 0.5525456176757813, [(5 59 26)-(10 26 19)-(0 39 12)]
0.7139, 0.5521493377685547, [(11 29 24)-(11 63 0)-(10 41 29)]
0.714, 0.5525317260742187, [(0 56 27)-(0 38 15)-(7 28 29)]
0.0993, 0.0, [(3 37 0)-(12 1 30)-(5 52 7)]
0.714, 0.5525317169189453, [(15 45 21)-(0 52 25)-(2 30 17)]
0.714, 0.5525317443847656, [(11 50 28)-(13 14 11)-(13 31 20)]
0.7137, 0.552494384765625, [(2 26 18)-(11 46 12)-(9 9 21)]
0.714, 0.5525317504882812, [(12 55 11)-(0 32 22)-(7 26 9)]
0.7092, 0.5475773406982423, [(9 3 25)-(9 57 0)-(8 4 18)]
0.7073, 0.5461565399169922, [(3 19 26)-(3 1 13)-(9 10 16)]
0.7051000000000001, 0.5442885894775391, [(11 58 1)-(8 6 24)-(13 48 23)]
0.714, 0.5525317169189452, [(4 59 15)-(13 6 1)-(2 63 4)]
0.7137, 0.5524317932128906, [(5 5 27)-(8 53 6)-(5 62 6)]
0.714, 0.5525317260742187, [(13 14 4)-(4 57 9)-(13 29 25)]
0.6922999999999999, 0.5358899322509765, [(4 31 29)-(7 63 15)-(1 14 25)]
0.714, 0.552530599975586, [(7 19 8)-(8 15 14)-(12 44 1)]
0.7138, 0.5521209259033204, [(6 16 23)-(1 44 14)-(14 54 14)]
0.7132000000000001, 0.5521932922363282, [(2 27 0)-(9 4 25)-(12 1 2)]
0.714, 0.5525318115234374, [(8 57 13)-(10 19 11)-(13 32 19)]
0.714, 0.5525317230224609, [(6 33 20)-(14 62 16)-(4 58 14)]
0.7139, 0.5532637725830079, [(1 13 6)-(11 19 23)-(7 42 9)]
0.714, 0.5525317260742187, [(2 51 25)-(4 38 27)-(14 24 0)]
0.714, 0.5524805206298828, [(9 50 21)-(15 34 4)-(10 10 21)]
0.1162, 0.9769709411621094, [(4 14 7)-(5 13 30)-(10 52 15)]
0.7, 0.560034292602539, [(5 40 29)-(11 37 31)-(8 25 27)]
0.714, 0.5525317291259766, [(3 12 0)-(6 10 28)-(13 27 29)]
0.714, 0.5525318420410157, [(11 28 1)-(10 6 11)-(6 13 1)]
0.7139, 0.552599496459961, [(7 29 20)-(9 35 12)-(9 43 14)]
0.714, 0.5525319030761718, [(9 39 29)-(2 19 8)-(4 48 12)]
0.6933, 0.5464628692626954, [(7 6 26)-(6 42 10)-(14 19 3)]
0.7107, 0.5545727447509765, [(10 5 14)-(8 63 30)-(3 6 23)]
0.714, 0.5525317413330078, [(0 58 8)-(5 17 8)-(4 32 31)]
0.714, 0.5525320068359375, [(0 11 14)-(15 9 13)-(5 40 20)]
0.714, 0.5525317901611329, [(15 37 20)-(8 19 10)-(0 12 0)]
0.7142, 0.5522719451904297, [(10 26 29)-(4 17 22)-(11 56 25)]
0.6718, 0.5502640289306641, [(6 24 12)-(9 19 10)-(14 1 24)]
0.714, 0.5525306427001953, [(7 55 18)-(6 50 29)-(6 1 11)]
0.7136, 0.5542962127685547, [(2 0 20)-(8 37 15)-(12 9 8)]
0.7142999999999999, 0.5521038604736328, [(0 19 27)-(5 13 27)-(1 37 28)]
0.6857, 0.5335606918334961, [(15 1 4)-(9 4 30)-(14 4 9)]
0.714, 0.5525317260742187, [(13 48 6)-(0 25 6)-(4 14 5)]
0.714, 0.5525313140869141, [(11 6 14)-(0 41 22)-(8 57 12)]
0.7043999999999999, 0.5448680541992188, [(12 48 27)-(15 30 1)-(15 1 23)]
0.7137, 0.552467788696289, [(1 19 23)-(13 60 15)-(3 38 6)]
0.714, 0.5525317352294922, [(2 32 5)-(14 25 17)-(10 61 29)]
0.101, 0.0, [(7 9 30)-(15 50 5)-(9 28 27)]
0.714, 0.5525317352294923, [(0 52 22)-(6 41 27)-(4 20 5)]
0.7139, 0.552538491821289, [(12 11 14)-(1 5 20)-(7 36 10)]
0.6983999999999999, 0.5385354431152344, [(4 26 31)-(8 46 6)-(8 17 12)]
0.7051000000000001, 0.5510188507080078, [(11 7 26)-(12 48 18)-(3 13 24)]
0.7134, 0.5526064300537109, [(1 25 23)-(2 22 10)-(6 9 9)]
0.714, 0.5525317291259766, [(4 31 8)-(14 38 31)-(13 60 31)]
0.7044999999999999, 0.5486234100341797, [(3 59 24)-(12 24 25)-(2 3 24)]
0.714, 0.5525319641113282, [(1 16 15)-(3 36 23)-(2 37 17)]
0.714, 0.5525317321777343, [(13 10 8)-(3 40 13)-(15 22 23)]
0.7113, 0.5502468658447266, [(4 17 14)-(6 16 24)-(15 37 8)]
0.714, 0.5525315460205078, [(14 19 15)-(12 58 23)-(9 9 13)]
0.2097, 0.0, [(5 27 1)-(4 47 29)-(4 16 30)]
0.6761999999999999, 0.5421974548339844, [(3 36 28)-(12 2 24)-(7 49 30)]
0.714, 0.5525625366210938, [(7 7 11)-(9 17 27)-(6 33 16)]
0.714, 0.5525324951171875, [(0 6 2)-(10 18 13)-(4 10 17)]
0.714, 0.5525320892333985, [(11 11 21)-(6 57 15)-(3 56 11)]
0.7138, 0.5520232330322266, [(12 28 27)-(7 60 11)-(5 12 19)]
0.714, 0.552531704711914, [(14 4 15)-(2 38 19)-(3 8 9)]
0.714, 0.5525335205078126, [(8 39 6)-(3 5 17)-(4 21 12)]
0.714, 0.5525316986083985, [(11 50 28)-(10 4 7)-(3 17 10)]
0.7133, 0.5519995239257813, [(0 14 23)-(11 38 6)-(13 29 16)]
0.714, 0.5525317260742187, [(9 3 6)-(2 20 2)-(11 54 5)]
0.714, 0.5525318115234374, [(4 5 12)-(6 52 10)-(8 16 0)]
0.714, 0.5525317230224609, [(14 36 20)-(3 20 4)-(2 61 8)]
0.7138, 0.5521034393310547, [(9 21 21)-(6 22 22)-(5 5 14)]
0.1157, 0.982827294921875, [(10 29 30)-(0 29 14)-(3 12 19)]
0.1189, 0.0, [(13 24 13)-(3 16 30)-(13 1 23)]
0.714, 0.5525317352294922, [(9 33 15)-(10 62 15)-(15 9 27)]
0.714, 0.5525328521728516, [(3 60 9)-(6 7 13)-(7 2 13)]
0.714, 0.5525317199707032, [(6 63 7)-(5 53 3)-(2 42 13)]
0.714, 0.5525317138671875, [(7 1 4)-(8 26 0)-(5 20 8)]
0.6991, 0.5417817474365234, [(5 23 26)-(1 54 25)-(3 48 14)]
0.714, 0.5525317413330078, [(10 7 5)-(6 13 8)-(10 55 21)]
0.7139, 0.5520086456298827, [(6 9 14)-(2 60 27)-(5 7 27)]
0.7139, 0.5525050262451172, [(5 29 0)-(6 25 18)-(8 21 14)]
0.714, 0.5525317108154297, [(13 54 24)-(13 41 30)-(11 10 8)]
0.714, 0.5525317260742187, [(8 15 3)-(12 51 0)-(13 15 10)]
0.714, 0.5525317230224609, [(10 31 8)-(0 56 4)-(1 37 22)]
0.714, 0.5525317291259766, [(2 36 20)-(11 30 26)-(7 10 11)]
0.714, 0.5525317169189453, [(15 44 24)-(5 42 18)-(0 44 23)]
0.714, 0.552533969116211, [(1 60 11)-(1 15 15)-(1 30 27)]
0.7142999999999999, 0.5526637237548828, [(1 4 0)-(12 9 22)-(10 56 26)]
0.714, 0.5525316925048829, [(5 41 25)-(2 3 3)-(2 20 10)]
0.7136, 0.5529993713378907, [(8 16 18)-(11 11 24)-(5 24 17)]
0.714, 0.5525317260742187, [(12 32 15)-(7 55 20)-(10 52 4)]
0.714, 0.5525317291259766, [(1 60 20)-(10 13 8)-(7 30 31)]
0.714, 0.5525317199707032, [(8 37 10)-(13 52 20)-(1 61 6)]
0.7137, 0.5525364074707031, [(2 51 7)-(6 45 9)-(3 29 21)]
0.714, 0.5525319305419922, [(7 40 28)-(6 2 12)-(12 0 8)]
0.7092, 0.5530118072509767, [(5 55 2)-(2 54 25)-(4 23 26)]
0.714, 0.552541226196289, [(8 21 18)-(0 35 7)-(3 26 15)]
0.714, 0.5525317352294923, [(1 57 25)-(3 19 8)-(9 49 6)]
0.714, 0.5525317230224609, [(4 61 25)-(10 52 20)-(6 56 1)]
0.714, 0.5525317321777343, [(9 57 19)-(14 31 7)-(15 26 11)]
0.7142999999999999, 0.5524871429443359, [(9 53 1)-(7 16 27)-(0 63 2)]
0.714, 0.5525317291259766, [(2 53 14)-(6 63 15)-(14 18 1)]
0.714, 0.5525314239501953, [(0 52 10)-(9 19 14)-(0 40 7)]
0.714, 0.5525317260742187, [(0 54 28)-(9 3 2)-(2 54 27)]
0.714, 0.5525328552246094, [(9 55 1)-(11 37 28)-(0 20 14)]
0.714, 0.5525317230224609, [(10 49 12)-(5 30 28)-(15 32 1)]
0.714, 0.5525318786621094, [(12 25 14)-(13 45 18)-(15 18 15)]
0.714, 0.552532534790039, [(1 53 9)-(10 49 3)-(11 4 17)]
0.714, 0.5525317413330078, [(9 51 3)-(12 38 17)-(7 56 29)]
0.7117, 0.5523705932617188, [(5 18 24)-(0 29 29)-(6 52 20)]
0.714, 0.5525317199707032, [(1 17 4)-(3 42 13)-(6 58 4)]
0.714, 0.5525317230224609, [(10 12 14)-(4 37 8)-(9 30 31)]
0.1225, 0.0, [(13 29 13)-(10 26 30)-(13 58 17)]
0.6671, 0.5432480102539063, [(7 0 6)-(2 45 20)-(11 2 23)]
0.714, 0.5525377014160155, [(14 12 3)-(12 27 12)-(4 12 16)]
0.714, 0.5525317230224609, [(14 40 29)-(15 58 15)-(11 36 7)]
0.7141, 0.552537451171875, [(7 45 11)-(11 14 18)-(2 44 1)]
0.714, 0.552531820678711, [(5 39 2)-(12 57 29)-(8 9 11)]
0.714, 0.5525316162109375, [(7 10 14)-(3 29 29)-(8 34 7)]
0.714, 0.5525317291259766, [(14 18 11)-(0 35 2)-(0 31 15)]
0.6201, nan, [(5 0 29)-(0 11 14)-(6 5 12)]
0.714, 0.5525317230224609, [(5 47 5)-(13 12 20)-(10 28 1)]
0.714, 0.5525317199707032, [(1 19 8)-(3 38 6)-(5 13 13)]
0.714, 0.5525320281982422, [(9 16 3)-(4 15 13)-(9 34 25)]
0.4871, 0.0, [(5 60 19)-(12 23 30)-(7 34 14)]
0.7139, 0.5525153869628907, [(0 14 19)-(10 48 20)-(14 6 12)]
0.714, 0.5525281707763672, [(8 15 12)-(9 32 27)-(9 23 17)]
0.714, 0.5525213500976562, [(10 29 21)-(6 46 24)-(6 0 9)]
0.6953, 0.5511355346679687, [(10 17 9)-(12 24 22)-(3 6 24)]
0.7137, 0.5526298309326172, [(0 10 22)-(5 30 8)-(12 63 4)]
0.714, 0.5525317321777343, [(1 58 7)-(1 61 16)-(0 26 6)]
0.714, 0.5525317230224609, [(10 61 18)-(4 36 14)-(10 50 16)]
0.714, 0.5525322357177734, [(11 6 12)-(12 19 12)-(5 44 29)]
0.7138, 0.5524122192382812, [(3 40 22)-(4 29 23)-(8 43 24)]
0.6949, 0.5352862365722657, [(1 13 25)-(8 24 25)-(1 7 18)]
0.714, 0.5524809295654297, [(14 29 0)-(2 12 18)-(5 35 15)]
0.714, 0.5525317291259766, [(2 61 19)-(8 24 3)-(0 2 6)]
0.266, 0.0, [(14 41 16)-(1 35 5)-(12 17 30)]
0.714, 0.5525317291259766, [(14 18 10)-(3 63 4)-(0 25 28)]
0.714, 0.5525317138671875, [(13 53 24)-(4 37 21)-(2 39 21)]
0.714, 0.5525378021240235, [(1 59 11)-(6 62 7)-(4 12 16)]
0.714, 0.5525325866699219, [(13 28 15)-(10 20 18)-(5 61 14)]
0.714, 0.5525317260742187, [(12 38 17)-(12 16 0)-(15 32 28)]
0.714, 0.5525320373535156, [(1 26 10)-(11 15 14)-(6 54 14)]
0.714, 0.5525317291259766, [(5 57 16)-(4 31 4)-(15 9 27)]
0.714, 0.5525372802734374, [(14 28 28)-(12 2 15)-(10 48 29)]
0.714, 0.5525317230224609, [(12 36 7)-(5 51 6)-(3 42 15)]
0.714, 0.5525317398071289, [(3 52 2)-(14 28 20)-(15 61 7)]
0.714, 0.5525317138671875, [(12 35 4)-(12 57 28)-(13 55 31)]
0.7130000000000001, 0.5527326629638671, [(15 14 6)-(7 5 21)-(11 20 19)]
0.38349999999999995, 0.8050339111328124, [(7 51 18)-(4 6 2)-(1 3 27)]
0.714, 0.5525323028564453, [(13 2 8)-(7 40 16)-(7 0 7)]
0.714, 0.5525317321777343, [(8 47 25)-(13 40 20)-(3 38 10)]
0.714, 0.5525317352294922, [(4 10 6)-(8 55 9)-(14 48 30)]
0.714, 0.5525317138671875, [(14 11 11)-(14 42 22)-(6 27 5)]
0.714, 0.5525343505859375, [(13 45 14)-(2 27 12)-(2 60 26)]
0.714, 0.5525384887695313, [(7 26 17)-(13 27 21)-(11 15 6)]
0.712, 0.5510783050537109, [(10 39 0)-(12 22 17)-(3 26 24)]
0.714, 0.5525317901611329, [(8 45 23)-(4 34 8)-(4 21 8)]
0.714, 0.5525391815185547, [(0 57 19)-(12 16 17)-(5 63 12)]
0.7098, 0.5473243957519531, [(2 44 22)-(9 29 2)-(1 24 24)]
0.714, 0.5525339385986328, [(8 5 15)-(13 15 19)-(7 33 11)]
0.7133, 0.5528070190429688, [(15 38 3)-(0 23 7)-(11 0 17)]
0.714, 0.5525317260742187, [(7 46 23)-(10 38 31)-(11 22 28)]
0.6785, 0.5610245147705077, [(3 16 20)-(2 16 26)-(2 51 26)]
0.714, 0.55253173828125, [(14 20 0)-(1 9 1)-(1 51 9)]
0.714, 0.5525317230224609, [(8 38 8)-(12 24 29)-(4 12 29)]
0.7138, 0.5521209259033203, [(1 49 21)-(6 16 23)-(6 46 11)]
0.714, 0.5525317291259766, [(0 48 17)-(11 34 0)-(3 48 9)]
0.7073, 0.5508526367187501, [(15 63 17)-(11 8 26)-(11 44 7)]
0.714, 0.5525317230224609, [(2 58 0)-(5 40 14)-(13 51 16)]
0.103, 0.0, [(13 38 0)-(10 44 9)-(4 23 30)]
0.714, 0.5525317230224609, [(4 40 25)-(11 63 0)-(6 51 6)]
0.714, 0.5525255187988282, [(10 31 18)-(10 23 17)-(11 30 25)]
0.714, 0.5525317291259766, [(2 18 3)-(10 61 27)-(5 55 23)]
0.7135, 0.5525459411621094, [(2 43 17)-(10 28 19)-(10 59 29)]
0.714, 0.5525317230224609, [(9 63 27)-(4 16 0)-(5 32 20)]
0.714, 0.55253173828125, [(10 63 21)-(4 28 7)-(5 6 1)]
0.714, 0.5525317413330078, [(6 54 21)-(15 11 17)-(9 45 20)]
0.6967, 0.5522021423339845, [(2 30 0)-(8 17 24)-(12 61 13)]
0.714, 0.5525297637939452, [(3 58 1)-(2 22 15)-(8 27 2)]
0.46409999999999996, 0.7158430938720703, [(7 11 14)-(5 27 29)-(3 24 24)]
0.714, 0.5525315979003906, [(1 18 11)-(10 57 1)-(12 50 3)]
0.714, 0.5525317291259766, [(13 3 16)-(13 7 29)-(13 25 18)]
0.7117, 0.5517035614013672, [(5 5 31)-(1 29 19)-(9 4 3)]
0.714, 0.5525317291259766, [(10 58 8)-(4 48 16)-(4 50 9)]
0.714, 0.5525328155517578, [(14 13 16)-(6 22 4)-(8 7 11)]
0.5491, 0.0, [(2 57 22)-(2 56 13)-(12 4 30)]
0.7122999999999999, 0.5529608886718751, [(10 54 27)-(1 6 22)-(2 51 14)]
0.714, 0.552517300415039, [(5 34 0)-(12 5 18)-(15 34 29)]
0.7050000000000001, 0.5447607940673829, [(12 48 24)-(1 16 26)-(11 48 11)]
0.6675, 0.5483575546264647, [(15 17 29)-(10 18 3)-(11 16 26)]
0.714, 0.5525317230224609, [(3 50 7)-(8 31 16)-(14 21 21)]
0.7142, 0.5521808349609375, [(8 4 8)-(10 28 27)-(12 3 21)]
0.7147, 0.5524134521484375, [(11 24 29)-(2 35 30)-(9 3 22)]
0.6970000000000001, 0.5321528671264648, [(12 33 6)-(8 16 25)-(5 5 18)]
0.714, 0.552533221435547, [(11 23 0)-(1 45 23)-(6 17 13)]
0.714, 0.5525317291259766, [(10 32 11)-(10 42 17)-(8 49 14)]
0.714, 0.5525317657470703, [(14 16 12)-(9 16 9)-(6 56 9)]
0.20729999999999998, 0.9180899688720703, [(4 59 15)-(9 29 30)-(11 53 25)]
0.7139, 0.552521563720703, [(12 29 8)-(0 4 18)-(0 8 1)]
0.7001, 0.5422577392578125, [(14 17 8)-(1 15 25)-(14 23 25)]
0.714, 0.5525317199707032, [(15 10 13)-(10 59 3)-(8 35 18)]
0.714, 0.5525317199707032, [(2 36 3)-(14 61 4)-(7 42 1)]
0.714, 0.5525317321777343, [(13 9 26)-(10 7 29)-(11 52 18)]
0.714, 0.5525317321777343, [(14 10 18)-(13 19 3)-(11 42 4)]
0.714, 0.5525317138671875, [(8 12 4)-(9 61 15)-(9 56 26)]
0.679, 0.5416716979980469, [(8 19 26)-(6 14 27)-(7 3 20)]
0.7121, 0.5528206512451173, [(14 35 7)-(2 59 26)-(3 29 25)]
0.7001, 0.5463662872314453, [(14 50 12)-(10 14 31)-(7 34 24)]
0.714, 0.5525317230224609, [(15 29 25)-(10 7 29)-(7 58 20)]
0.714, 0.5525281311035156, [(4 56 3)-(11 13 17)-(10 32 0)]
0.714, 0.5525317352294923, [(4 51 19)-(14 20 29)-(14 10 8)]
0.714, 0.5525317230224609, [(8 56 27)-(8 22 8)-(13 13 15)]
0.714, 0.5525317352294922, [(14 15 1)-(10 39 28)-(13 56 8)]
0.714, 0.5526944885253906, [(6 23 20)-(12 59 29)-(0 51 28)]
0.714, 0.5525317352294922, [(13 34 7)-(6 24 0)-(12 31 27)]
0.7137, 0.5525745056152345, [(8 27 19)-(5 19 11)-(13 2 28)]
0.714, 0.5525317352294922, [(3 55 24)-(12 21 1)-(0 41 4)]
0.713, 0.549781623840332, [(5 51 3)-(2 25 23)-(1 44 14)]
0.7136, 0.5534737548828126, [(8 8 7)-(3 26 31)-(6 17 23)]
0.714, 0.5525317291259766, [(15 26 1)-(3 39 10)-(7 23 1)]
0.714, 0.55253173828125, [(12 7 29)-(12 19 0)-(7 24 4)]
0.7139, 0.5526278717041015, [(15 62 26)-(15 36 3)-(3 6 19)]
0.6971, 0.5462401519775391, [(15 55 28)-(10 51 10)-(3 20 24)]
0.7114, 0.5488566925048828, [(13 7 20)-(4 51 15)-(9 16 31)]
0.714, 0.5525317199707032, [(4 4 3)-(2 58 17)-(15 29 24)]
0.7135, 0.5526521209716797, [(5 15 27)-(4 17 8)-(2 16 19)]
0.7138, 0.5525437713623047, [(10 52 7)-(3 24 13)-(1 5 23)]
0.714, 0.55253173828125, [(1 47 15)-(13 12 5)-(11 42 25)]
0.714, 0.5525317657470703, [(11 37 4)-(14 39 22)-(12 16 9)]
0.715, 0.5527922729492187, [(8 56 7)-(4 8 10)-(11 14 22)]
0.714, 0.5525317443847657, [(12 12 10)-(13 25 27)-(9 47 25)]
0.714, 0.5525302825927734, [(0 47 30)-(2 12 13)-(14 54 11)]
0.714, 0.5525311065673828, [(6 28 4)-(11 41 14)-(2 24 13)]
0.714, 0.5525317260742187, [(13 56 6)-(10 33 28)-(14 28 9)]
0.714, 0.5525317260742187, [(4 41 8)-(10 13 11)-(13 56 24)]
0.714, 0.5525317291259766, [(13 8 25)-(9 11 28)-(3 58 16)]
0.6985, 0.5554243927001954, [(13 38 19)-(4 27 25)-(5 27 11)]
0.714, 0.5525317260742187, [(0 46 31)-(2 25 29)-(2 63 31)]
0.7048000000000001, 0.5523453979492188, [(3 25 21)-(11 21 26)-(2 47 8)]
0.7138, 0.5525489471435547, [(0 36 27)-(3 44 15)-(9 25 18)]
0.7130000000000001, 0.5524629943847656, [(10 24 24)-(3 60 19)-(14 44 0)]
0.714, 0.5525317169189452, [(4 57 8)-(14 57 12)-(4 8 5)]
0.714, 0.5525317352294923, [(5 37 25)-(15 6 22)-(14 63 25)]
0.6967000000000001, 0.5493562408447266, [(4 53 5)-(15 62 21)-(7 16 25)]
0.714, 0.5525317260742187, [(13 26 19)-(13 38 28)-(15 21 25)]
0.7133, 0.5526041778564453, [(13 63 16)-(7 23 21)-(11 9 27)]
0.714, 0.5525324798583985, [(5 29 9)-(1 21 15)-(12 61 25)]
0.714, 0.5525317474365234, [(9 13 6)-(6 31 25)-(7 31 19)]
0.714, 0.5525316223144532, [(15 37 13)-(12 60 17)-(8 22 13)]
0.714, 0.552531802368164, [(11 56 19)-(1 51 24)-(11 28 14)]
0.714, 0.55253173828125, [(6 36 26)-(4 34 2)-(11 43 14)]
0.714, 0.5525317260742187, [(14 38 13)-(10 22 2)-(12 4 3)]
0.714, 0.5525329681396485, [(11 3 0)-(12 54 8)-(5 4 14)]
0.714, 0.5525317230224609, [(15 7 0)-(11 35 24)-(4 62 6)]
0.7139, 0.5525548950195313, [(11 40 26)-(1 58 27)-(10 22 19)]
0.714, 0.5525317260742187, [(0 10 3)-(3 35 4)-(10 35 2)]
0.109, 0.0, [(11 31 2)-(4 14 30)-(11 43 10)]
0.714, 0.5525317352294922, [(14 42 22)-(12 45 16)-(15 26 3)]
0.714, 0.552531771850586, [(2 8 6)-(10 27 1)-(6 35 10)]
0.714, 0.5525430389404297, [(2 24 10)-(15 5 22)-(11 16 19)]
0.7021999999999999, 0.5406999221801758, [(9 18 14)-(6 22 19)-(1 24 25)]
0.7138, 0.5525260986328124, [(5 61 7)-(3 10 23)-(14 50 1)]
0.714, 0.5525317260742187, [(10 44 23)-(12 45 0)-(2 48 5)]
0.714, 0.5525316314697266, [(6 28 11)-(9 21 31)-(15 3 13)]
0.714, 0.552535009765625, [(6 21 15)-(13 55 0)-(0 55 31)]
0.714, 0.55253173828125, [(9 41 13)-(3 1 7)-(7 61 13)]
0.7139, 0.5525467071533203, [(8 18 28)-(11 63 8)-(7 22 13)]
0.714, 0.5525317169189453, [(15 3 0)-(0 60 4)-(15 58 10)]
0.714, 0.5525315338134765, [(1 28 12)-(6 58 31)-(15 35 14)]
0.39180000000000004, 0.7750499603271485, [(1 3 26)-(6 3 19)-(15 18 4)]
0.7122999999999999, 0.5485580322265625, [(0 40 23)-(10 3 9)-(4 4 24)]
0.1028, 0.0, [(6 27 30)-(7 60 2)-(10 57 9)]
0.7021, 0.5423459228515626, [(8 17 31)-(4 17 6)-(5 44 30)]
0.7105, 0.5494395446777344, [(10 15 25)-(11 48 16)-(6 29 16)]
0.714, 0.5525311340332031, [(15 39 31)-(15 28 31)-(6 4 13)]
0.714, 0.5525317138671875, [(5 44 30)-(4 37 19)-(1 60 13)]
0.714, 0.5525317138671875, [(7 2 2)-(8 50 15)-(14 45 0)]
0.714, 0.5525317413330078, [(10 32 30)-(7 22 12)-(11 14 5)]
0.714, 0.5525246643066406, [(8 6 11)-(4 24 20)-(10 42 11)]
0.7119, 0.5524919982910157, [(8 0 2)-(13 1 31)-(15 45 10)]
0.714, 0.5525317199707032, [(15 35 30)-(4 58 27)-(7 44 25)]
0.7141, 0.5530076049804687, [(10 3 4)-(7 12 24)-(6 30 25)]
0.714, 0.5525317230224609, [(2 56 1)-(3 35 16)-(15 59 24)]
0.714, 0.5525317749023437, [(4 15 10)-(1 42 24)-(7 33 1)]
0.7133, 0.5529249114990235, [(2 37 25)-(12 60 16)-(10 25 31)]
0.7142999999999999, 0.5525616363525391, [(2 8 9)-(12 20 27)-(15 40 8)]
0.714, 0.5525317230224609, [(13 61 10)-(5 23 6)-(15 24 10)]
0.712, 0.5504460266113281, [(8 1 22)-(13 21 29)-(7 46 21)]
0.7124999999999999, 0.5538722961425782, [(1 27 9)-(7 9 31)-(4 19 0)]
0.714, 0.5525317260742187, [(0 18 8)-(3 2 3)-(10 33 30)]
0.714, 0.5525317321777343, [(1 44 22)-(7 29 3)-(2 50 4)]
0.714, 0.5525327575683594, [(3 28 6)-(8 17 13)-(4 36 11)]
0.7133, 0.5533344390869142, [(5 28 11)-(3 7 24)-(14 29 30)]
0.7138, 0.5525470275878906, [(10 15 28)-(12 45 0)-(8 10 1)]
0.7141, 0.5525125, [(6 1 15)-(6 46 6)-(2 31 22)]
0.714, 0.5525317199707032, [(5 31 0)-(7 25 0)-(0 46 3)]
0.7136, 0.5527820892333984, [(7 15 0)-(8 28 21)-(14 44 2)]
0.714, 0.5525317260742187, [(7 35 18)-(2 37 28)-(3 9 29)]
0.714, 0.5525317291259766, [(11 34 31)-(14 12 15)-(15 39 4)]
0.7142999999999999, 0.5535014343261719, [(14 46 25)-(3 19 3)-(11 2 21)]
0.7135, 0.5520724914550781, [(4 19 11)-(2 24 22)-(4 52 31)]
0.0953, 0.0, [(6 43 21)-(6 44 0)-(8 28 30)]
0.7139, 0.5525369384765626, [(11 24 2)-(15 2 17)-(3 51 28)]
0.714, 0.5525273132324219, [(12 56 12)-(9 17 18)-(3 53 26)]
0.714, 0.5525268463134765, [(6 3 16)-(9 17 15)-(1 25 8)]
0.4357, 0.5429294464111327, [(2 1 25)-(12 28 1)-(0 39 24)]
0.7144999999999999, 0.5522946472167969, [(11 10 22)-(11 38 31)-(8 51 30)]
0.714, 0.5525317230224609, [(13 33 19)-(11 29 8)-(9 61 19)]
0.6935, 0.5506954711914063, [(14 12 31)-(8 31 1)-(9 26 24)]
0.714, 0.5525317352294922, [(9 45 22)-(6 32 1)-(11 20 3)]
0.714, 0.5525317199707032, [(14 57 22)-(6 35 31)-(14 31 3)]
0.7138, 0.5526024871826172, [(15 61 12)-(12 1 7)-(7 20 27)]
0.714, 0.5525317321777343, [(5 31 25)-(11 12 7)-(2 56 0)]
0.714, 0.5525317413330078, [(6 38 23)-(4 51 23)-(9 33 2)]
0.714, 0.5525317108154297, [(1 62 14)-(4 6 9)-(9 38 28)]
0.714, 0.5525317230224609, [(13 48 21)-(15 45 4)-(5 50 22)]
0.7142, 0.5525757049560547, [(1 40 2)-(14 25 17)-(8 22 27)]
0.714, 0.5525317352294922, [(7 60 4)-(5 62 12)-(0 36 11)]
0.714, 0.5525317199707032, [(9 48 31)-(6 61 27)-(6 56 19)]
0.714, 0.5525317199707032, [(0 26 7)-(14 10 18)-(1 17 0)]
0.7069, 0.5529531036376953, [(4 12 26)-(8 0 14)-(0 45 13)]
0.714, 0.5525317291259766, [(2 43 3)-(15 1 1)-(0 37 15)]
0.714, 0.5525317352294923, [(12 44 10)-(13 27 13)-(11 34 15)]
0.7050000000000001, 0.544760791015625, [(1 16 26)-(4 52 17)-(15 55 20)]
0.714, 0.552531704711914, [(4 4 7)-(14 47 21)-(6 35 9)]
0.714, 0.5525322082519531, [(11 3 15)-(15 55 20)-(1 35 21)]
0.714, 0.552531805419922, [(4 43 22)-(14 8 2)-(12 26 11)]
0.714, 0.5525201477050781, [(10 10 19)-(12 27 17)-(10 31 13)]
0.714, 0.5525378479003906, [(7 14 17)-(15 47 25)-(9 35 11)]
0.714, 0.5525317352294922, [(6 51 31)-(3 37 4)-(5 18 8)]
0.714, 0.5525324829101562, [(3 56 9)-(11 17 1)-(1 21 15)]
0.714, 0.5525317291259766, [(4 31 4)-(8 57 20)-(5 54 28)]
0.7139, 0.5525432708740234, [(10 42 9)-(10 19 18)-(7 46 30)]
0.714, 0.5525317321777343, [(13 39 11)-(15 54 21)-(10 42 27)]
0.714, 0.5525317291259766, [(4 62 26)-(2 55 6)-(7 61 6)]
0.7135, 0.5525919189453126, [(9 24 7)-(11 49 31)-(4 19 22)]
0.714, 0.5525317413330078, [(9 45 26)-(0 8 10)-(15 57 0)]
0.7136, 0.5525784912109375, [(12 52 17)-(11 14 18)-(5 24 22)]
0.714, 0.5525317291259766, [(7 43 25)-(13 55 21)-(12 44 31)]
0.7073, 0.550255419921875, [(13 60 25)-(8 50 14)-(7 18 25)]
0.7142, 0.5524184967041016, [(10 11 27)-(9 9 7)-(7 40 31)]
0.714, 0.552529574584961, [(7 8 16)-(11 56 25)-(1 24 14)]
0.7136, 0.5532565643310547, [(0 17 21)-(3 9 5)-(1 48 23)]
0.714, 0.5525317291259766, [(5 61 28)-(2 42 24)-(14 2 1)]
0.7143999999999999, 0.5525120849609375, [(11 6 19)-(10 62 18)-(5 8 10)]
0.714, 0.5525317474365234, [(10 16 3)-(7 30 0)-(14 31 20)]
0.7124, 0.55285888671875, [(14 32 28)-(0 24 31)-(7 25 2)]
0.7134, 0.5524420684814453, [(7 27 23)-(14 10 0)-(12 62 5)]
0.714, 0.5525317291259766, [(3 63 11)-(15 22 3)-(13 17 23)]
0.714, 0.5525317321777343, [(6 35 5)-(13 20 9)-(0 12 5)]
0.714, 0.5525317291259766, [(12 31 31)-(12 50 15)-(15 54 17)]
0.714, 0.5525326568603516, [(4 44 10)-(10 4 15)-(7 54 19)]
0.7143999999999999, 0.5533431823730468, [(7 60 21)-(12 17 21)-(1 0 17)]
0.7132000000000001, 0.5522048065185547, [(7 24 5)-(9 27 7)-(5 11 21)]
0.7147, 0.5527323486328124, [(12 15 19)-(8 42 29)-(3 21 4)]
0.7142999999999999, 0.5528604187011719, [(6 27 28)-(3 14 14)-(7 26 23)]
0.714, 0.5525336395263671, [(15 21 14)-(0 0 9)-(13 22 18)]
0.714, 0.552529931640625, [(6 28 28)-(0 12 18)-(14 16 14)]
0.7118, 0.5538005218505859, [(5 5 14)-(12 22 25)-(4 1 6)]
0.714, 0.5525317321777343, [(12 15 1)-(7 54 16)-(10 30 9)]
0.714, 0.5525382873535156, [(0 32 27)-(9 4 21)-(6 30 12)]
0.714, 0.5525220977783203, [(12 63 3)-(6 34 29)-(6 27 15)]
0.714, 0.5525317565917969, [(11 50 18)-(7 20 5)-(6 41 7)]
0.714, 0.5525317291259766, [(14 7 11)-(0 53 31)-(9 54 30)]
0.714, 0.5525317352294922, [(2 20 6)-(3 39 16)-(9 35 26)]
0.714, 0.5525317169189453, [(2 62 17)-(14 39 12)-(3 24 2)]
0.714, 0.5525317230224609, [(11 35 6)-(6 46 14)-(10 55 27)]
0.7073, 0.5508526458740235, [(12 42 12)-(11 8 26)-(14 7 1)]
0.109, 0.0, [(4 14 30)-(12 60 9)-(3 61 11)]
0.714, 0.55253173828125, [(5 46 19)-(4 42 11)-(14 9 0)]
0.714, 0.5525409820556642, [(9 56 16)-(8 20 16)-(4 44 7)]
0.714, 0.5525317199707032, [(2 35 25)-(14 45 14)-(5 46 19)]
0.7131000000000001, 0.5527656585693359, [(5 59 29)-(1 6 21)-(5 45 0)]
0.714, 0.5525316497802735, [(0 24 11)-(8 29 11)-(6 45 9)]
0.714, 0.5525317260742187, [(10 40 11)-(12 57 11)-(7 10 2)]
0.714, 0.5525317413330078, [(14 16 24)-(1 61 3)-(3 32 15)]
0.7139, 0.5525675720214844, [(8 20 18)-(3 23 15)-(3 45 14)]
0.714, 0.5525317108154297, [(12 27 10)-(3 38 4)-(3 32 14)]
0.714, 0.5525317108154297, [(3 56 12)-(9 38 21)-(2 57 7)]
0.6780999999999999, 0.5558508483886719, [(0 38 14)-(3 12 4)-(8 18 24)]
0.714, 0.5525317291259766, [(14 37 22)-(1 30 12)-(4 5 29)]
0.714, 0.5525317291259766, [(0 52 2)-(14 55 1)-(5 31 29)]
0.714, 0.5525317321777343, [(4 51 12)-(7 41 10)-(1 6 2)]
0.7142999999999999, 0.5523828033447266, [(10 62 5)-(6 30 21)-(5 11 20)]
0.714, 0.5525335388183594, [(10 0 10)-(1 17 5)-(0 39 1)]
0.714, 0.5525317932128906, [(5 3 12)-(14 50 20)-(9 23 2)]
0.7038, 0.5445617218017578, [(15 2 12)-(2 32 13)-(0 13 25)]
0.7142, 0.5524200805664062, [(8 3 10)-(7 42 28)-(10 10 22)]
0.714, 0.5525317565917969, [(10 41 19)-(0 6 9)-(10 34 11)]
0.714, 0.5525317321777343, [(13 18 14)-(13 35 18)-(15 40 15)]
0.714, 0.5525317199707032, [(9 33 1)-(10 60 21)-(5 23 1)]
0.714, 0.5525317321777343, [(8 31 2)-(11 14 28)-(0 37 18)]
0.7079, 0.5567181701660155, [(1 29 28)-(0 8 21)-(6 23 25)]
0.7124999999999999, 0.5539152496337891, [(10 36 5)-(0 25 24)-(1 17 21)]
0.714, 0.5525317199707032, [(5 5 4)-(8 32 23)-(4 56 7)]
0.714, 0.55253173828125, [(11 29 29)-(3 61 27)-(11 60 25)]
0.714, 0.5525317504882812, [(14 45 14)-(10 8 9)-(6 7 2)]
0.714, 0.5525317169189453, [(11 15 4)-(8 4 1)-(12 7 28)]
0.714, 0.5525317230224609, [(15 5 9)-(13 45 7)-(15 55 26)]
0.714, 0.5525317291259766, [(4 55 29)-(3 6 3)-(3 51 29)]
0.7003, 0.5429192642211914, [(10 32 30)-(12 4 25)-(11 59 10)]
0.6984, 0.5544837219238281, [(3 39 28)-(8 8 14)-(9 20 26)]
0.714, 0.5525317199707032, [(13 38 13)-(8 38 7)-(13 7 14)]
0.714, 0.5525317260742187, [(15 29 18)-(10 46 2)-(4 59 23)]
0.714, 0.5525321380615233, [(3 61 16)-(15 48 31)-(9 6 14)]
0.7132000000000001, 0.5528865509033203, [(1 10 24)-(8 3 29)-(2 62 23)]
0.714, 0.5525317260742187, [(10 16 4)-(5 60 31)-(5 51 6)]
0.7113, 0.5484497436523438, [(14 51 26)-(6 4 24)-(0 45 19)]
0.714, 0.5525317260742187, [(9 63 0)-(9 17 0)-(8 41 11)]
0.714, 0.5525317077636719, [(6 54 31)-(10 42 7)-(11 57 22)]
0.714, 0.5525317352294922, [(11 28 0)-(2 56 16)-(14 56 18)]
0.7134, 0.5525403045654297, [(7 17 27)-(1 4 0)-(1 32 28)]
0.1001, 0.0, [(8 54 21)-(12 27 30)-(15 58 19)]
0.12340000000000001, 0.0, [(8 36 15)-(3 24 26)-(7 20 30)]
0.714, 0.5525322265625, [(15 12 31)-(6 19 12)-(9 14 29)]
0.714, 0.5525317199707032, [(1 37 8)-(0 40 31)-(10 31 10)]
0.7130000000000001, 0.5525293395996094, [(3 29 24)-(0 2 4)-(11 54 4)]
0.714, 0.5525317260742187, [(1 48 21)-(1 51 24)-(14 62 22)]
0.714, 0.5525317230224609, [(3 30 1)-(9 37 6)-(15 1 5)]
0.714, 0.5525317199707032, [(14 56 9)-(6 21 29)-(7 49 20)]
0.714, 0.5525317291259766, [(7 59 27)-(3 58 9)-(12 20 3)]
0.7138, 0.5535279541015625, [(0 22 31)-(11 51 17)-(14 6 30)]
0.714, 0.5525317321777343, [(3 50 1)-(12 37 23)-(10 54 22)]
0.7137, 0.5524679565429688, [(8 17 11)-(9 33 23)-(1 19 23)]
0.714, 0.5525317199707032, [(7 34 3)-(15 32 2)-(15 37 7)]
0.714, 0.5525317291259766, [(7 37 12)-(7 12 4)-(8 36 20)]
0.714, 0.5525312194824219, [(11 24 15)-(10 36 5)-(6 53 10)]
0.714, 0.5525319641113281, [(11 17 13)-(1 31 20)-(15 60 8)]
0.7142999999999999, 0.553139926147461, [(13 21 5)-(9 5 22)-(0 6 3)]
0.7138, 0.5526398895263672, [(0 26 14)-(5 27 17)-(3 28 20)]
0.714, 0.5525317321777343, [(15 36 29)-(9 12 4)-(15 13 2)]
0.0994, 0.0, [(8 7 30)-(4 17 26)-(4 43 16)]
0.711, 0.5507475158691406, [(9 61 31)-(4 11 1)-(11 27 25)]
0.714, 0.5525319488525391, [(6 39 27)-(8 27 11)-(1 42 26)]
0.714, 0.5525317199707032, [(12 40 28)-(3 32 20)-(13 23 27)]
0.714, 0.5525313354492187, [(15 38 24)-(9 59 10)-(2 5 12)]
0.714, 0.5525317230224609, [(14 16 8)-(3 46 20)-(0 43 23)]
0.714, 0.5525338958740235, [(1 1 12)-(0 9 1)-(5 52 19)]
0.7139, 0.5523422454833984, [(15 29 5)-(12 22 12)-(2 13 21)]
0.714, 0.5525317291259766, [(15 7 29)-(1 58 12)-(15 14 19)]
0.71, 0.5576038024902343, [(6 14 24)-(7 4 0)-(2 40 23)]
0.714, 0.5525317321777343, [(5 47 7)-(0 34 21)-(15 8 22)]
0.38580000000000003, 0.57912001953125, [(5 54 4)-(4 59 18)-(8 0 25)]
0.714, 0.5525321228027343, [(10 26 14)-(2 28 2)-(4 24 29)]
0.714, 0.5525317108154297, [(0 15 10)-(3 8 10)-(1 42 11)]
0.714, 0.5525317749023437, [(6 63 10)-(7 1 7)-(9 62 5)]
0.714, 0.5525342712402344, [(9 20 15)-(6 8 7)-(10 36 3)]
0.714, 0.5525317291259766, [(7 15 5)-(11 31 6)-(9 60 29)]
0.714, 0.5525317199707032, [(11 23 28)-(10 12 13)-(15 58 22)]
0.7121, 0.5542882507324218, [(8 5 9)-(11 7 2)-(1 9 23)]
0.6717, 0.5304746932983398, [(7 6 25)-(10 11 21)-(0 42 1)]
0.714, 0.5525315490722656, [(11 10 12)-(1 44 12)-(14 60 20)]
0.6622, 0.537569741821289, [(5 6 24)-(5 52 6)-(5 1 0)]
0.714, 0.5525317230224609, [(15 23 18)-(0 8 6)-(15 30 30)]
0.714, 0.5525328674316405, [(15 15 18)-(9 13 12)-(2 63 19)]
0.714, 0.5525223449707031, [(12 27 18)-(2 29 18)-(6 59 31)]
0.7, 0.5421377716064453, [(1 39 6)-(3 3 26)-(0 8 10)]
0.714, 0.5525260528564453, [(12 11 19)-(6 59 6)-(4 28 28)]
0.714, 0.5525317291259766, [(14 9 21)-(9 22 4)-(0 32 3)]
0.714, 0.5525319732666016, [(12 32 10)-(14 1 9)-(2 36 17)]
0.7137, 0.5525852722167969, [(7 28 20)-(14 5 8)-(15 3 10)]
0.714, 0.5525317169189453, [(12 31 15)-(9 32 4)-(5 33 18)]
0.714, 0.55253173828125, [(13 39 7)-(8 40 24)-(13 34 23)]
0.7131000000000001, 0.5524390441894531, [(3 8 21)-(2 21 5)-(3 56 25)]
0.714, 0.5525317413330078, [(10 34 14)-(14 12 5)-(10 33 10)]
0.714, 0.5525317230224609, [(1 44 29)-(15 3 3)-(14 12 4)]
0.714, 0.5525317199707032, [(15 61 23)-(3 46 5)-(10 57 15)]
0.1287, 0.0, [(13 41 12)-(2 23 27)-(5 5 30)]
0.7142, 0.5525571289062501, [(4 45 4)-(14 37 15)-(10 4 20)]
0.714, 0.5525573333740235, [(3 20 3)-(9 0 12)-(2 15 28)]
0.714, 0.5525363372802734, [(12 1 15)-(0 35 31)-(12 5 7)]
0.714, 0.5525326965332031, [(10 27 16)-(12 22 28)-(8 57 25)]
0.714, 0.5525317291259766, [(7 36 15)-(2 46 10)-(4 61 11)]
0.7142, 0.5525087097167969, [(8 4 19)-(15 40 22)-(8 49 9)]
0.714, 0.5525294555664062, [(6 52 4)-(2 2 12)-(4 13 14)]
0.714, 0.5525317260742187, [(8 44 19)-(3 33 5)-(2 40 4)]
0.714, 0.5525318572998047, [(9 45 6)-(3 55 7)-(1 0 5)]
0.714, 0.5525317199707032, [(7 49 18)-(15 35 25)-(4 40 3)]
0.714, 0.552536279296875, [(0 8 20)-(14 60 9)-(14 39 0)]
0.714, 0.5525317108154297, [(10 5 12)-(7 1 29)-(12 47 4)]
0.714, 0.5525317291259766, [(1 40 23)-(6 52 12)-(9 58 28)]
0.714, 0.5525317291259766, [(0 40 5)-(10 28 3)-(8 27 29)]
0.714, 0.5525317413330078, [(8 21 4)-(6 17 3)-(10 33 25)]
0.6534, 0.5242209518432617, [(15 44 17)-(3 16 25)-(15 42 23)]
0.1153, 0.0, [(5 60 5)-(4 46 14)-(12 5 30)]
0.7144999999999999, 0.5522946685791016, [(11 10 22)-(13 31 6)-(11 51 0)]
0.714, 0.5526241668701173, [(11 2 17)-(2 53 1)-(10 35 8)]
0.7138, 0.5497675964355468, [(4 43 12)-(6 48 12)-(4 6 25)]
0.714, 0.5525317321777343, [(1 48 18)-(10 53 22)-(0 59 3)]
0.714, 0.5525317260742187, [(13 8 25)-(13 13 20)-(11 53 21)]
0.714, 0.552530825805664, [(5 8 14)-(13 16 31)-(11 54 8)]
0.714, 0.5525317230224609, [(5 5 6)-(8 51 0)-(8 2 2)]
0.7132000000000001, 0.552281478881836, [(2 38 22)-(6 46 14)-(8 3 21)]
0.714, 0.552531771850586, [(0 10 11)-(11 32 16)-(11 26 2)]
0.714, 0.5525666534423828, [(9 13 17)-(9 31 11)-(10 45 26)]
0.714, 0.5525271118164062, [(13 5 12)-(11 15 2)-(4 8 19)]
0.714, 0.5525317260742187, [(14 61 15)-(14 48 24)-(12 47 31)]
0.714, 0.5525317321777343, [(0 53 30)-(15 38 21)-(5 10 0)]
0.714, 0.5525317260742187, [(1 17 0)-(2 44 21)-(11 41 27)]
0.6786, 0.5261058975219727, [(15 1 24)-(13 47 2)-(12 45 23)]
0.714, 0.5525316864013672, [(14 57 7)-(0 32 24)-(2 20 10)]
0.714, 0.5525317169189453, [(12 40 3)-(5 60 23)-(8 54 1)]
0.7141, 0.5527519561767578, [(6 51 0)-(2 49 21)-(4 0 16)]
0.6292, 0.5209139694213867, [(3 16 0)-(3 1 23)-(6 14 25)]
0.7145, 0.5522164337158203, [(11 24 24)-(0 61 31)-(0 54 4)]
0.714, 0.5525268280029297, [(9 52 17)-(12 40 7)-(5 20 16)]
0.714, 0.5525317230224609, [(4 57 29)-(4 32 5)-(5 44 25)]
0.714, 0.5525317321777343, [(13 52 30)-(1 7 2)-(5 1 5)]
0.7136, 0.5525451538085937, [(5 23 19)-(15 48 26)-(3 55 26)]
0.0999, 0.0, [(0 3 30)-(5 19 6)-(15 30 24)]
0.7103999999999999, 0.5508937469482422, [(9 28 0)-(4 13 25)-(14 13 4)]
0.7136, 0.5530092590332032, [(10 52 4)-(6 60 27)-(11 11 24)]
0.714, 0.5525317352294922, [(6 34 29)-(4 57 1)-(7 18 2)]
0.714, 0.5525318572998047, [(4 31 30)-(12 35 27)-(10 7 13)]
0.714, 0.5525317230224609, [(0 55 30)-(12 20 4)-(15 49 14)]
0.714, 0.5525317108154297, [(1 38 1)-(7 60 16)-(13 46 1)]
0.714, 0.5525320129394531, [(7 9 0)-(12 9 13)-(6 14 9)]
0.714, 0.5525317230224609, [(12 54 24)-(10 41 10)-(15 33 4)]
0.7113, 0.5531155578613282, [(10 47 12)-(8 17 23)-(12 20 16)]
0.714, 0.5525312286376953, [(14 32 17)-(6 42 15)-(10 5 17)]
0.7098, 0.5568621978759765, [(0 16 17)-(12 0 22)-(9 62 2)]
0.714, 0.5525334594726563, [(7 29 14)-(7 29 15)-(9 60 3)]
0.7121999999999999, 0.5520797821044923, [(8 18 3)-(6 61 26)-(3 1 21)]
0.714, 0.5525317169189453, [(7 9 9)-(0 46 24)-(4 57 25)]
0.714, 0.5525317321777343, [(6 51 29)-(14 25 27)-(4 47 10)]
0.714, 0.5525317291259766, [(5 43 29)-(14 1 1)-(7 37 14)]
0.714, 0.552531655883789, [(5 7 1)-(5 63 24)-(3 17 11)]
0.714, 0.5525317291259766, [(3 54 7)-(5 20 29)-(8 31 20)]
0.712, 0.5509427154541016, [(9 35 5)-(3 23 31)-(6 42 2)]
0.714, 0.5525095703125, [(10 25 13)-(8 2 17)-(5 34 11)]
0.714, 0.5525317260742187, [(2 49 19)-(13 32 29)-(3 37 28)]
0.714, 0.5525317352294922, [(10 49 10)-(15 10 18)-(6 40 9)]
0.714, 0.5525317321777343, [(14 27 16)-(8 60 17)-(6 62 28)]
0.7138, 0.5522342529296875, [(6 30 19)-(10 25 23)-(5 27 18)]
0.4951, 0.0, [(2 60 30)-(5 17 30)-(9 55 16)]
0.13340000000000002, 0.0, [(10 34 27)-(2 62 29)-(8 25 30)]
0.6004, 0.4793653961181641, [(6 0 31)-(7 55 2)-(15 16 0)]
0.714, 0.5525315887451172, [(2 63 9)-(10 25 12)-(1 47 28)]
0.7061999999999999, 0.5555517059326172, [(2 1 12)-(0 17 24)-(13 17 5)]
0.714, 0.5525317413330078, [(4 28 28)-(4 49 26)-(3 40 18)]
0.714, 0.5525317169189452, [(7 4 4)-(15 51 17)-(1 59 8)]
0.714, 0.5525325134277344, [(5 18 16)-(0 7 6)-(14 39 3)]
0.714, 0.5525337890625, [(12 59 22)-(1 58 23)-(10 14 15)]
0.7132000000000001, 0.5528505798339843, [(5 29 24)-(12 59 4)-(8 34 29)]
