0.714, 0.552531903076172, [(3 59 26)-(10 20 15)-(11 44 24)-(14 46 9)]
0.7138, 0.5525611877441405, [(12 58 4)-(10 14 19)-(3 51 14)-(5 35 23)]
0.7138, 0.5525600189208985, [(8 61 15)-(9 14 21)-(12 21 0)-(8 28 3)]
0.7081, 0.556824560546875, [(10 6 29)-(14 34 14)-(12 17 7)-(8 41 20)]
0.714, 0.5525317321777343, [(9 42 24)-(7 62 26)-(14 26 29)-(6 17 3)]
0.714, 0.5525317230224609, [(11 37 10)-(3 57 3)-(14 9 15)-(0 18 2)]
0.714, 0.5525725738525391, [(9 63 19)-(2 62 9)-(3 3 20)-(8 26 28)]
0.714, 0.5525317352294922, [(7 25 29)-(4 48 14)-(6 50 18)-(1 14 2)]
0.7136, 0.5525432708740234, [(11 26 17)-(3 48 31)-(6 29 10)-(9 49 5)]
0.7064, 0.5507502075195313, [(6 51 17)-(11 7 26)-(8 53 7)-(4 27 18)]
0.1447, 0.0, [(5 55 18)-(10 4 18)-(6 16 30)-(5 54 0)]
0.714, 0.5525317108154297, [(0 19 8)-(13 16 25)-(0 58 3)-(2 55 0)]
0.714, 0.5525317230224609, [(6 59 12)-(0 40 30)-(7 59 9)-(1 54 15)]
0.714, 0.5525337677001954, [(13 28 29)-(4 10 17)-(11 12 15)-(7 44 4)]
0.714, 0.5525317321777343, [(10 27 2)-(15 52 6)-(9 59 29)-(0 30 22)]
0.714, 0.5525317413330078, [(15 0 3)-(14 38 3)-(6 47 2)-(2 36 6)]
0.7138, 0.5524894927978516, [(10 10 20)-(5 35 2)-(14 19 21)-(6 28 19)]
0.714, 0.5524981994628906, [(12 49 11)-(14 14 28)-(13 13 14)-(6 22 19)]
0.7141, 0.5525208801269531, [(12 11 18)-(6 2 17)-(4 28 28)-(0 40 14)]
0.714, 0.5525317321777343, [(13 48 1)-(2 56 6)-(1 63 10)-(12 49 14)]
0.714, 0.5525317352294922, [(14 36 30)-(8 57 11)-(15 48 8)-(4 14 1)]
0.714, 0.5525317230224609, [(7 54 21)-(4 3 7)-(2 32 23)-(10 5 2)]
0.7117, 0.552146908569336, [(4 45 28)-(7 14 28)-(1 58 9)-(10 18 26)]
0.7123, 0.5533052490234376, [(5 52 14)-(3 34 8)-(14 50 21)-(9 7 23)]
0.714, 0.5525317291259766, [(14 48 10)-(1 31 19)-(10 31 13)-(3 51 22)]
0.7142, 0.55282509765625, [(7 19 29)-(11 49 14)-(9 13 20)-(5 53 11)]
0.7131000000000001, 0.5532304504394532, [(9 18 23)-(1 54 30)-(4 9 23)-(3 25 16)]
0.1469, 0.0, [(9 25 30)-(6 3 9)-(2 6 9)-(14 16 0)]
0.714, 0.5525429107666016, [(10 62 20)-(1 6 17)-(3 35 26)-(4 20 10)]
0.714, 0.5525317687988281, [(2 29 9)-(3 53 3)-(9 29 0)-(0 17 7)]
0.714, 0.5525314819335938, [(3 48 29)-(12 38 13)-(6 22 10)-(3 22 14)]
0.714, 0.5525317138671875, [(3 16 5)-(9 27 8)-(1 39 7)-(13 43 28)]
0.714, 0.5525317291259766, [(6 59 29)-(6 46 12)-(0 42 16)-(8 42 7)]
0.7139, 0.5525547424316406, [(9 16 18)-(11 60 17)-(7 5 11)-(1 34 1)]
0.7134, 0.5519077239990234, [(2 60 20)-(5 20 23)-(4 41 18)-(14 43 7)]
0.714, 0.5525317260742187, [(9 58 21)-(7 57 13)-(14 44 17)-(0 61 17)]
0.714, 0.5525317260742187, [(5 52 15)-(4 50 27)-(3 51 18)-(13 33 1)]
0.714, 0.5525316833496093, [(10 5 13)-(14 17 10)-(5 20 6)-(10 40 20)]
0.6731, 0.5763273040771484, [(5 23 27)-(14 0 29)-(6 61 0)-(12 6 11)]
0.714, 0.5525395233154297, [(14 61 31)-(10 25 6)-(4 2 13)-(11 50 19)]
0.714, 0.5525325256347656, [(10 62 5)-(5 36 18)-(2 14 11)-(3 37 1)]
0.714, 0.5525317138671875, [(8 48 1)-(3 46 7)-(11 39 26)-(14 5 12)]
0.714, 0.5525317321777343, [(12 63 11)-(8 37 11)-(12 40 19)-(1 22 29)]
0.714, 0.5525317199707032, [(9 30 28)-(6 20 8)-(3 39 13)-(2 34 11)]
0.7133, 0.5525574432373047, [(2 13 17)-(13 15 25)-(3 2 17)-(15 38 5)]
0.7139, 0.5525460021972657, [(4 20 29)-(6 21 17)-(4 35 15)-(13 4 17)]
0.1027, 0.0, [(2 14 25)-(8 15 0)-(0 9 9)-(4 2 30)]
0.714, 0.5525317321777343, [(8 63 8)-(8 30 17)-(2 22 1)-(0 56 25)]
0.714, 0.5525317108154297, [(4 39 4)-(0 62 27)-(1 32 3)-(13 32 13)]
0.7138, 0.5525328430175781, [(0 11 17)-(15 28 7)-(4 34 27)-(9 6 5)]
0.714, 0.5525317321777343, [(12 43 6)-(10 36 6)-(3 39 10)-(15 7 28)]
0.7139, 0.5529957214355469, [(8 18 11)-(1 21 10)-(4 0 17)-(4 22 20)]
0.714, 0.5525317291259766, [(2 58 27)-(11 63 16)-(14 50 22)-(3 31 26)]
0.714, 0.5525317291259766, [(0 50 14)-(8 47 30)-(4 49 27)-(14 28 1)]
0.714, 0.552531768798828, [(1 61 6)-(1 52 17)-(5 32 25)-(9 2 16)]
0.714, 0.552531021118164, [(3 16 13)-(5 27 3)-(11 37 24)-(10 42 30)]
0.714, 0.5525317108154297, [(12 4 4)-(15 48 7)-(11 4 6)-(10 59 29)]
0.09179999999999999, 0.0, [(3 43 6)-(1 53 31)-(14 0 19)-(1 8 30)]
0.7137, 0.5525652130126953, [(3 17 2)-(0 55 12)-(14 24 24)-(15 2 18)]
0.714, 0.5525317321777343, [(10 55 20)-(0 46 21)-(8 15 28)-(9 42 20)]
0.6839, 0.5296401748657227, [(10 35 5)-(2 2 31)-(8 45 21)-(9 41 15)]
0.714, 0.5525557586669922, [(1 16 22)-(4 56 14)-(3 30 26)-(11 54 23)]
0.714, 0.5525317352294922, [(13 35 8)-(6 9 3)-(10 59 8)-(7 12 7)]
0.714, 0.5525317230224609, [(15 49 15)-(14 16 3)-(11 60 26)-(4 37 12)]
0.7133, 0.5528058898925781, [(11 0 17)-(11 17 2)-(0 7 16)-(5 41 18)]
0.714, 0.5525317245483399, [(2 45 14)-(13 26 18)-(15 25 19)-(13 30 26)]
0.714, 0.5525319244384765, [(9 51 15)-(11 26 3)-(1 25 14)-(3 31 24)]
0.6993, 0.5480994110107422, [(5 13 25)-(4 7 23)-(3 57 22)-(3 15 15)]
0.714, 0.5525317291259766, [(4 13 5)-(13 42 7)-(10 52 4)-(13 3 30)]
0.6306, 0.5601380187988281, [(14 0 26)-(7 8 12)-(1 24 17)-(14 46 6)]
0.7121999999999999, 0.5525795104980469, [(8 19 20)-(0 11 21)-(12 52 25)-(7 34 3)]
0.7134, 0.5523996398925781, [(4 7 22)-(14 45 15)-(11 36 21)-(2 34 19)]
0.7134, 0.5524399383544922, [(2 18 15)-(5 16 5)-(14 38 5)-(7 27 23)]
0.7139, 0.5525491439819336, [(12 12 21)-(13 60 29)-(0 4 1)-(2 42 13)]
0.2702, 0.6324740570068359, [(4 0 25)-(3 25 27)-(8 2 25)-(5 19 9)]
0.7136, 0.5534387786865234, [(5 4 23)-(3 6 10)-(13 30 20)-(13 61 6)]
0.7121999999999999, 0.5496699829101563, [(6 0 16)-(9 30 12)-(2 6 26)-(1 49 10)]
0.714, 0.5525317199707032, [(7 38 22)-(11 57 0)-(5 62 13)-(1 24 6)]
0.7139, 0.5525173370361328, [(11 38 18)-(6 60 4)-(8 8 18)-(0 44 0)]
0.714, 0.5525317596435547, [(14 17 14)-(10 3 1)-(0 58 7)-(9 16 8)]
0.714, 0.5525317199707032, [(15 4 5)-(13 43 23)-(1 35 22)-(13 9 6)]
0.714, 0.5525326354980469, [(1 45 17)-(3 41 10)-(0 53 5)-(7 14 14)]
0.714, 0.5525317138671875, [(1 59 14)-(2 38 10)-(10 12 14)-(2 61 26)]
0.0988, 0.0, [(6 26 4)-(3 2 22)-(13 34 4)-(2 19 30)]
0.6309, 0.5367860656738281, [(12 48 12)-(14 53 13)-(3 18 25)-(7 33 12)]
0.714, 0.5525317291259766, [(11 15 4)-(15 38 4)-(2 28 5)-(10 14 1)]
0.6986, 0.5433536163330077, [(12 4 25)-(10 15 5)-(15 7 9)-(1 23 22)]
0.7131000000000001, 0.5531296203613282, [(13 2 21)-(3 61 21)-(11 59 20)-(6 14 16)]
0.7078, 0.5543650054931641, [(7 30 17)-(1 15 24)-(9 18 5)-(12 7 19)]
0.714, 0.5526280761718749, [(6 16 13)-(13 40 2)-(0 29 22)-(2 31 7)]
0.714, 0.5525317321777343, [(0 59 5)-(13 4 30)-(5 24 10)-(8 2 3)]
0.714, 0.552531494140625, [(15 40 21)-(11 20 2)-(4 6 13)-(12 61 5)]
0.714, 0.5525317321777343, [(7 25 31)-(13 40 14)-(3 56 24)-(12 43 16)]
0.7138, 0.5525598541259765, [(4 1 8)-(12 9 20)-(13 39 16)-(9 55 3)]
0.7083999999999999, 0.5447338607788086, [(10 7 14)-(13 19 18)-(1 32 12)-(7 11 31)]
0.714, 0.5525317291259766, [(6 62 14)-(12 59 27)-(1 51 29)-(7 52 19)]
0.714, 0.5525317169189453, [(9 31 30)-(7 63 29)-(3 31 1)-(10 56 12)]
0.7106, 0.5483616180419921, [(3 13 27)-(9 18 23)-(9 1 22)-(2 15 31)]
0.714, 0.5525317199707032, [(9 56 15)-(7 62 8)-(14 53 16)-(7 39 25)]
0.7139, 0.5525608978271483, [(1 59 3)-(1 10 20)-(6 15 16)-(10 36 28)]
0.7142, 0.5528530853271485, [(5 38 5)-(7 30 29)-(10 28 12)-(4 26 20)]
0.714, 0.5525317230224609, [(5 26 7)-(11 58 23)-(0 18 29)-(14 63 21)]
0.714, 0.5525314788818358, [(3 42 9)-(15 36 5)-(0 40 16)-(2 7 11)]
0.714, 0.5525317199707032, [(4 35 15)-(13 8 6)-(9 27 4)-(6 25 4)]
0.6724, 0.5188935791015625, [(7 42 20)-(13 44 16)-(9 59 11)-(9 1 31)]
0.714, 0.5525245635986329, [(5 10 4)-(12 5 17)-(10 46 12)-(9 24 28)]
0.7124999999999999, 0.5486632568359375, [(11 6 31)-(7 16 18)-(15 53 21)-(5 3 26)]
0.7137, 0.5525670745849609, [(11 46 0)-(14 52 1)-(5 27 16)-(11 41 4)]
0.714, 0.5525317169189453, [(10 60 1)-(0 48 18)-(2 7 6)-(14 28 7)]
0.714, 0.5525317321777343, [(13 22 15)-(7 58 0)-(12 30 19)-(0 9 5)]
0.7133, 0.5505510955810546, [(1 30 31)-(13 12 13)-(9 53 19)-(2 23 24)]
0.714, 0.5525317291259766, [(15 47 2)-(3 39 14)-(14 3 0)-(9 0 1)]
0.714, 0.5525770965576172, [(12 51 23)-(8 29 27)-(14 3 9)-(14 54 25)]
0.714, 0.5525307678222656, [(11 4 6)-(1 32 9)-(13 52 12)-(10 5 20)]
0.7139, 0.5525570068359376, [(3 5 22)-(1 59 26)-(3 27 15)-(6 52 31)]
0.119, 0.0, [(14 53 27)-(6 18 22)-(4 31 18)-(3 16 30)]
0.714, 0.5525435852050782, [(8 11 16)-(12 3 12)-(0 57 0)-(7 24 20)]
0.7135, 0.5534396423339843, [(4 51 7)-(0 20 7)-(14 21 16)-(10 19 26)]
0.7015, 0.5443831817626954, [(15 40 0)-(12 21 25)-(6 45 25)-(13 4 0)]
0.09870000000000001, 0.0, [(10 3 30)-(14 18 13)-(0 28 6)-(9 55 31)]
0.714, 0.55253759765625, [(14 17 21)-(12 23 28)-(5 46 20)-(5 48 1)]
0.714, 0.5525305297851562, [(0 62 21)-(6 11 13)-(12 36 31)-(5 19 1)]
0.714, 0.5525292022705077, [(5 35 9)-(4 37 30)-(10 9 18)-(9 62 27)]
0.714, 0.552531771850586, [(1 31 28)-(15 25 3)-(1 7 8)-(11 1 7)]
0.7118, 0.5556584686279297, [(13 28 14)-(14 35 16)-(2 17 23)-(4 0 2)]
0.7141, 0.5525267913818359, [(15 18 10)-(7 61 11)-(6 1 13)-(4 10 22)]
0.7083999999999999, 0.5494788208007813, [(10 8 5)-(6 38 12)-(0 1 23)-(3 45 21)]
0.714, 0.5525317291259766, [(14 41 22)-(0 48 11)-(10 53 14)-(13 23 24)]
0.7116, 0.5519968780517579, [(7 3 25)-(8 8 9)-(11 39 2)-(4 44 27)]
0.7128, 0.5556516845703126, [(5 39 21)-(7 44 25)-(5 60 31)-(14 0 21)]
0.714, 0.5525317291259766, [(11 62 28)-(14 50 25)-(5 25 29)-(14 43 19)]
0.714, 0.5525317138671875, [(9 63 3)-(9 50 16)-(0 63 17)-(14 59 21)]
0.714, 0.5525317260742187, [(8 37 26)-(15 23 28)-(12 59 30)-(9 60 20)]
0.6392, 0.5327958297729491, [(13 42 22)-(0 50 26)-(5 4 25)-(10 8 9)]
0.7138, 0.5525279205322265, [(13 30 20)-(0 7 20)-(1 42 29)-(5 3 1)]
0.714, 0.5524828063964844, [(8 39 0)-(8 4 20)-(4 63 15)-(14 9 22)]
0.714, 0.5525354919433594, [(0 40 28)-(4 17 0)-(4 19 19)-(5 51 22)]
0.714, 0.5525321136474609, [(12 63 22)-(6 2 7)-(6 17 11)-(11 18 8)]
0.5491, 0.0, [(12 4 30)-(10 22 8)-(0 56 31)-(8 50 9)]
0.714, 0.55253134765625, [(3 34 6)-(15 12 0)-(4 31 27)-(9 10 14)]
0.7139, 0.5525386810302735, [(12 32 23)-(6 10 21)-(15 7 24)-(12 22 18)]
0.7139, 0.5525994903564453, [(1 57 12)-(7 32 26)-(7 29 20)-(5 53 12)]
0.7034, 0.5468599670410157, [(10 16 21)-(8 3 3)-(7 23 25)-(6 7 19)]
0.714, 0.5525324462890624, [(11 31 2)-(6 35 9)-(10 6 13)-(10 19 10)]
0.714, 0.552624609375, [(6 31 15)-(10 6 20)-(1 20 28)-(10 23 2)]
0.6698, 0.5055696899414062, [(0 63 23)-(3 33 24)-(8 42 19)-(2 8 31)]
0.714, 0.5525317260742187, [(8 40 27)-(12 49 19)-(1 30 4)-(13 60 30)]
0.714, 0.5525317199707032, [(11 33 15)-(3 11 0)-(11 36 3)-(11 33 3)]
0.714, 0.5525317565917969, [(14 49 16)-(3 43 23)-(2 14 6)-(5 30 8)]
0.7137, 0.5523507019042968, [(6 56 11)-(3 41 26)-(10 16 22)-(15 46 12)]
0.7108000000000001, 0.5478230712890625, [(7 31 26)-(12 24 15)-(2 51 27)-(4 1 23)]
0.7129, 0.5518388763427735, [(12 11 5)-(10 12 31)-(10 59 27)-(2 46 3)]
0.714, 0.5525317321777343, [(10 45 6)-(14 48 14)-(8 62 21)-(11 34 5)]
0.6438999999999999, 0.5478487060546875, [(8 11 25)-(8 10 4)-(15 19 22)-(13 60 6)]
0.714, 0.5525317199707032, [(0 50 24)-(2 20 8)-(11 45 13)-(4 61 16)]
0.7088, 0.5593113098144531, [(1 11 8)-(13 19 19)-(2 27 23)-(3 17 27)]
0.7136, 0.5525163757324218, [(10 9 20)-(3 46 23)-(8 33 6)-(2 37 7)]
0.714, 0.5525313354492187, [(1 47 21)-(13 63 2)-(1 31 19)-(9 10 14)]
0.7141, 0.5531818603515626, [(8 20 22)-(1 61 8)-(7 44 6)-(5 45 14)]
0.1799, 0.0, [(2 8 20)-(6 10 30)-(8 35 8)-(4 57 1)]
0.714, 0.5525317306518556, [(15 31 30)-(5 63 16)-(0 3 0)-(14 18 14)]
0.7138, 0.5526200180053711, [(0 12 9)-(0 24 14)-(14 35 17)-(9 18 20)]
0.7099, 0.553798876953125, [(5 63 6)-(2 30 20)-(6 8 3)-(7 5 24)]
0.714, 0.5525317230224609, [(0 29 28)-(6 30 10)-(0 12 8)-(10 51 18)]
0.714, 0.5525452117919922, [(13 13 24)-(11 17 8)-(7 28 18)-(7 7 10)]
0.714, 0.5525317352294922, [(1 36 0)-(9 17 3)-(14 51 22)-(0 41 25)]
0.714, 0.5525317352294923, [(11 39 22)-(5 45 6)-(12 13 4)-(14 13 17)]
0.714, 0.5525317108154297, [(5 55 31)-(8 40 16)-(13 63 6)-(0 56 5)]
0.714, 0.5525308868408203, [(7 6 14)-(5 31 28)-(12 51 7)-(3 26 2)]
0.0742, 0.9351022155761719, [(11 16 30)-(7 47 27)-(11 27 21)-(3 57 13)]
0.714, 0.55253173828125, [(7 53 25)-(2 59 26)-(13 30 17)-(5 13 12)]
0.714, 0.5525359649658204, [(2 41 16)-(5 5 5)-(2 21 13)-(3 10 6)]
0.714, 0.55253173828125, [(8 62 29)-(15 44 0)-(8 47 17)-(14 29 11)]
0.714, 0.5525344787597657, [(12 2 14)-(11 13 31)-(4 36 18)-(4 27 6)]
0.6987, 0.5472210052490234, [(5 21 24)-(6 43 14)-(7 11 19)-(6 27 10)]
0.714, 0.5525328125, [(15 12 28)-(3 31 12)-(4 30 11)-(1 13 17)]
0.7126, 0.5510138671875, [(12 3 27)-(10 8 14)-(14 17 12)-(0 53 10)]
0.714, 0.5525317352294922, [(6 47 19)-(5 9 29)-(7 51 12)-(9 21 29)]
0.5755, 0.6761398803710937, [(3 18 9)-(6 30 21)-(5 0 24)-(12 49 13)]
0.714, 0.5525317230224609, [(10 52 27)-(15 36 10)-(14 47 20)-(0 41 28)]
0.7137, 0.5533068817138672, [(13 35 16)-(2 19 20)-(10 18 28)-(10 7 18)]
0.714, 0.5525354553222657, [(14 41 13)-(7 48 19)-(1 20 16)-(15 32 29)]
0.7137, 0.5525107116699219, [(15 3 24)-(8 30 10)-(3 16 27)-(3 3 29)]
0.714, 0.5525317260742187, [(3 45 13)-(4 53 16)-(2 53 20)-(4 10 29)]
0.714, 0.5525316772460938, [(10 55 29)-(2 3 10)-(10 37 25)-(10 55 19)]
0.7142, 0.5521298400878907, [(6 4 22)-(0 33 6)-(0 51 10)-(11 1 13)]
0.6888000000000001, 0.5836994567871094, [(6 4 16)-(2 24 1)-(14 41 6)-(4 0 23)]
0.714, 0.5525317230224609, [(9 36 11)-(1 50 1)-(11 21 1)-(0 58 6)]
0.714, 0.5525317291259766, [(6 60 23)-(10 56 15)-(2 39 1)-(14 12 5)]
0.714, 0.5525307464599609, [(5 7 10)-(8 4 14)-(15 57 11)-(2 57 19)]
0.714, 0.5525239349365234, [(13 31 6)-(6 4 17)-(8 60 1)-(1 6 13)]
0.7142, 0.5533459350585938, [(10 14 6)-(10 51 11)-(14 34 13)-(6 6 23)]
0.714, 0.5525317352294922, [(0 39 24)-(13 22 26)-(0 54 30)-(8 35 0)]
0.714, 0.5525317352294922, [(2 50 15)-(13 10 0)-(11 39 9)-(6 42 4)]
0.7139, 0.5525272979736329, [(11 51 16)-(8 57 16)-(8 47 20)-(9 19 18)]
0.7127, 0.552793669128418, [(13 9 4)-(2 30 8)-(4 56 27)-(3 7 23)]
0.714, 0.5525317352294922, [(10 41 28)-(7 25 5)-(12 54 11)-(5 46 30)]
0.1068, 0.0, [(5 29 28)-(9 7 15)-(11 15 30)-(4 29 13)]
0.714, 0.5525317321777343, [(14 6 5)-(4 25 29)-(6 57 1)-(3 61 9)]
0.714, 0.5525317291259766, [(0 24 1)-(1 9 0)-(15 63 29)-(5 10 29)]
0.714, 0.5525317138671875, [(9 52 21)-(5 35 19)-(7 56 8)-(9 49 3)]
0.714, 0.5525224365234376, [(2 11 16)-(11 39 26)-(8 29 1)-(11 9 5)]
0.1032, 0.0, [(12 56 20)-(8 1 30)-(15 62 15)-(1 18 29)]
0.714, 0.5525317230224609, [(6 40 26)-(8 47 23)-(5 43 28)-(3 63 22)]
0.0906, 0.0, [(7 15 30)-(2 53 8)-(2 50 11)-(4 28 16)]
0.7139, 0.5525366668701173, [(2 27 28)-(2 46 6)-(2 39 4)-(7 27 13)]
0.7139, 0.5521498992919922, [(2 1 19)-(12 17 8)-(13 13 5)-(5 23 24)]
0.7137, 0.5528909576416016, [(12 61 21)-(14 26 21)-(8 0 17)-(3 51 3)]
0.6761999999999999, 0.54219755859375, [(12 2 24)-(3 0 6)-(8 2 6)-(6 46 30)]
0.714, 0.5525317260742187, [(0 26 9)-(10 53 21)-(1 42 18)-(5 56 2)]
0.714, 0.5525331665039063, [(6 19 14)-(14 5 4)-(7 22 7)-(9 27 14)]
0.714, 0.5525317321777343, [(9 37 29)-(12 14 1)-(10 43 31)-(0 43 28)]
0.7139, 0.5525235717773438, [(6 22 17)-(0 39 10)-(15 33 8)-(3 56 24)]
0.7001, 0.5422577239990234, [(10 37 27)-(13 6 26)-(1 15 25)-(10 55 21)]
0.714, 0.5525316802978516, [(5 44 1)-(7 10 15)-(3 13 5)-(13 47 12)]
0.714, 0.5525317321777343, [(4 24 29)-(9 32 8)-(5 49 30)-(14 36 31)]
0.6658, 0.5723506072998047, [(9 0 23)-(0 57 6)-(15 59 27)-(9 23 15)]
0.714, 0.5525317230224609, [(12 57 29)-(4 49 0)-(12 54 25)-(15 50 25)]
0.6928, 0.5549573150634766, [(4 55 26)-(6 10 28)-(14 19 11)-(14 2 24)]
0.7014, 0.5398680786132812, [(0 26 26)-(5 37 2)-(8 18 12)-(2 24 0)]
0.714, 0.5525318328857421, [(1 63 15)-(9 25 11)-(0 4 1)-(12 3 0)]
0.714, 0.5525317260742187, [(15 39 11)-(13 41 16)-(9 41 19)-(3 39 2)]
0.6967, 0.5522021484374999, [(2 47 9)-(8 17 24)-(14 53 10)-(6 39 13)]
0.714, 0.5525292816162108, [(11 10 0)-(3 20 7)-(6 4 15)-(8 48 10)]
0.7139, 0.5525598815917969, [(11 37 8)-(3 12 21)-(13 48 19)-(12 38 16)]
0.714, 0.5525317199707032, [(12 52 18)-(2 63 9)-(0 30 8)-(8 37 29)]
0.714, 0.5525317321777343, [(0 44 13)-(6 47 1)-(3 41 28)-(11 13 0)]
0.714, 0.5525318176269531, [(2 19 7)-(14 3 26)-(3 39 7)-(13 33 2)]
0.7139, 0.5525070983886718, [(4 16 19)-(14 53 5)-(7 13 6)-(12 59 20)]
0.714, 0.5525457702636718, [(13 6 24)-(4 56 21)-(1 61 29)-(11 27 19)]
0.714, 0.5525317321777343, [(11 36 12)-(15 45 17)-(14 19 26)-(5 46 3)]
0.714, 0.5525317321777343, [(2 21 28)-(5 57 17)-(13 19 5)-(1 13 0)]
0.714, 0.5525317291259766, [(5 60 2)-(3 61 9)-(3 28 0)-(0 54 0)]
0.714, 0.5525317199707032, [(15 3 24)-(4 56 7)-(3 40 9)-(4 30 22)]
0.1515, 0.9715105346679688, [(5 29 23)-(3 33 7)-(3 13 30)-(5 7 20)]
0.714, 0.5525317321777343, [(11 33 0)-(5 2 0)-(6 55 0)-(5 33 21)]
0.5898, 0.49175516052246093, [(5 40 31)-(8 59 25)-(9 0 31)-(6 33 25)]
0.7139, 0.5525325714111329, [(9 2 28)-(8 47 21)-(1 8 16)-(10 1 6)]
0.714, 0.5525317291259766, [(15 37 7)-(7 46 19)-(15 14 20)-(11 61 21)]
0.714, 0.55253525390625, [(15 36 15)-(3 48 8)-(8 11 16)-(13 46 19)]
0.714, 0.5525319305419922, [(6 8 4)-(3 13 16)-(4 30 14)-(9 3 15)]
0.714, 0.5525317199707032, [(13 9 24)-(3 34 6)-(2 25 0)-(5 63 10)]
0.7136, 0.552493408203125, [(6 50 20)-(10 23 18)-(0 13 22)-(3 43 3)]
0.7005, 0.5597006561279297, [(2 8 26)-(6 50 9)-(11 50 28)-(1 49 13)]
0.714, 0.5525317230224609, [(4 38 27)-(13 52 3)-(0 31 21)-(1 24 2)]
0.7138, 0.5524294189453125, [(3 22 12)-(13 9 8)-(0 21 19)-(3 12 8)]
0.7138, 0.552591958618164, [(0 17 28)-(1 1 16)-(5 16 17)-(7 40 27)]
0.714, 0.5525317291259766, [(6 43 2)-(4 30 16)-(7 50 18)-(14 2 28)]
0.7139, 0.5525305938720704, [(7 56 11)-(11 7 9)-(10 22 12)-(11 21 18)]
0.714, 0.5525375183105469, [(9 0 11)-(15 37 31)-(6 29 4)-(3 49 15)]
0.714, 0.552541876220703, [(11 16 18)-(0 60 15)-(10 3 15)-(5 33 28)]
0.7141, 0.5525366271972656, [(13 19 2)-(8 30 3)-(11 8 17)-(2 44 25)]
0.7139, 0.5524934326171875, [(11 58 4)-(8 5 4)-(9 8 22)-(2 48 3)]
0.714, 0.5525317184448242, [(13 37 18)-(5 17 0)-(6 15 29)-(4 57 22)]
0.714, 0.5525314392089844, [(4 1 10)-(9 43 17)-(6 41 20)-(14 8 29)]
0.1002, 0.0, [(2 15 0)-(7 44 24)-(5 15 1)-(5 1 30)]
0.714, 0.5525317199707032, [(14 58 10)-(7 2 4)-(5 50 9)-(6 41 14)]
0.7109000000000001, 0.5494104522705078, [(5 9 28)-(10 10 27)-(10 15 25)-(14 9 10)]
0.1, 0.0, [(10 8 18)-(4 44 14)-(1 49 12)-(11 0 30)]
0.7139, 0.551820654296875, [(13 22 10)-(1 38 15)-(6 57 18)-(2 7 22)]
0.7134, 0.5524015747070312, [(13 59 10)-(6 59 27)-(0 13 23)-(13 53 12)]
0.7136, 0.5526252136230468, [(11 4 27)-(10 38 23)-(6 35 13)-(4 59 30)]
0.7101999999999999, 0.5570806549072265, [(10 4 22)-(2 35 18)-(12 0 22)-(4 45 9)]
0.7141, 0.5525410736083984, [(7 25 19)-(15 24 27)-(5 57 8)-(10 3 11)]
0.714, 0.5525317230224609, [(1 44 29)-(3 43 25)-(13 12 7)-(6 57 13)]
0.714, 0.5525317626953126, [(7 42 12)-(10 6 9)-(12 29 0)-(12 33 7)]
0.0998, 0.0, [(14 32 10)-(14 47 25)-(3 27 26)-(10 0 30)]
0.714, 0.5525317230224609, [(10 25 3)-(14 51 23)-(11 58 4)-(4 34 4)]
0.7106, 0.5465622680664062, [(3 47 8)-(12 21 26)-(15 22 28)-(15 3 10)]
0.714, 0.5525315216064453, [(5 7 17)-(11 60 11)-(6 24 3)-(1 2 29)]
0.7123999999999999, 0.5486457794189453, [(9 41 1)-(5 47 6)-(3 59 4)-(5 3 26)]
0.714, 0.5525317245483399, [(2 28 0)-(6 29 1)-(3 49 4)-(3 43 14)]
0.7139, 0.5525124481201172, [(9 29 20)-(6 50 12)-(3 0 4)-(15 5 21)]
0.7043999999999999, 0.5470478393554687, [(0 49 31)-(12 22 0)-(8 4 10)-(5 9 24)]
0.714, 0.5525356201171875, [(11 40 3)-(12 26 17)-(9 62 31)-(1 55 26)]
0.7139, 0.5525235076904297, [(15 56 24)-(6 47 17)-(4 29 20)-(4 48 22)]
0.7138, 0.5525374572753906, [(1 58 21)-(2 3 21)-(9 61 16)-(0 45 24)]
0.714, 0.5525317199707032, [(9 30 26)-(5 35 24)-(7 31 5)-(11 48 13)]
0.714, 0.5525317291259766, [(8 14 9)-(15 14 4)-(3 44 25)-(5 55 30)]
0.714, 0.5525317352294923, [(3 58 3)-(15 21 18)-(6 32 29)-(4 51 6)]
0.714, 0.5525315673828125, [(4 13 17)-(5 37 19)-(2 47 10)-(6 53 1)]
0.714, 0.5525317199707032, [(5 37 18)-(4 19 3)-(13 60 27)-(3 41 10)]
0.714, 0.5525317260742187, [(12 43 4)-(2 57 1)-(9 43 31)-(1 59 19)]
0.714, 0.5526031951904297, [(13 18 19)-(1 0 14)-(13 49 27)-(13 12 18)]
0.7134, 0.5528195129394531, [(15 12 23)-(8 49 9)-(11 3 23)-(0 46 16)]
0.714, 0.5525320281982422, [(8 19 5)-(11 18 16)-(13 16 23)-(11 53 14)]
0.714, 0.5525317169189453, [(6 60 15)-(8 58 2)-(12 36 20)-(9 55 4)]
0.1105, 0.9933050384521485, [(7 24 30)-(13 56 30)-(6 14 11)-(13 48 28)]
0.7141, 0.5524717742919922, [(9 10 8)-(3 4 5)-(3 20 21)-(8 49 15)]
0.7141, 0.5531818634033203, [(5 54 9)-(15 32 19)-(10 52 25)-(8 20 22)]
0.714, 0.5525317108154297, [(13 42 31)-(3 36 25)-(4 35 27)-(0 59 3)]
0.7125, 0.5447670211791992, [(13 59 10)-(0 43 22)-(2 18 26)-(0 31 0)]
0.7132000000000001, 0.5527900634765626, [(10 46 29)-(0 17 14)-(13 30 3)-(7 29 22)]
0.7067, 0.5514910552978516, [(4 35 5)-(1 21 24)-(0 36 0)-(7 50 26)]
0.7127, 0.5530685653686523, [(1 7 12)-(13 15 18)-(8 9 23)-(7 24 24)]
0.714, 0.5525317230224609, [(6 61 9)-(8 45 10)-(9 37 11)-(8 32 28)]
0.7139, 0.5524986877441407, [(1 33 20)-(9 61 11)-(0 19 19)-(0 41 3)]
0.7138, 0.5525426910400391, [(6 62 12)-(12 12 20)-(6 31 13)-(0 32 10)]
0.7139, 0.553114584350586, [(4 50 19)-(8 7 20)-(0 6 18)-(8 46 20)]
0.714, 0.5525315643310547, [(15 46 17)-(4 59 31)-(0 17 4)-(7 8 13)]
0.714, 0.5525317260742187, [(15 47 26)-(5 47 4)-(10 50 23)-(5 57 25)]
0.714, 0.5525318176269531, [(7 58 28)-(15 34 13)-(9 18 10)-(14 62 19)]
0.5932999999999999, 0.5361378768920898, [(11 1 24)-(0 34 21)-(5 20 15)-(9 23 31)]
0.714, 0.5525316986083985, [(1 48 29)-(5 13 20)-(10 50 1)-(3 30 7)]
0.7125, 0.5553032257080077, [(2 52 25)-(6 23 24)-(1 32 23)-(9 59 22)]
0.714, 0.5525322479248047, [(4 38 25)-(5 40 27)-(0 40 2)-(11 4 15)]
0.714, 0.5525317260742187, [(5 33 3)-(0 63 6)-(10 45 9)-(10 40 28)]
0.6811, 0.5272547088623047, [(6 25 5)-(8 23 29)-(11 13 30)-(8 49 6)]
0.6264000000000001, 0.5122915115356446, [(3 43 24)-(4 38 12)-(2 10 24)-(3 1 26)]
0.7138, 0.5525440765380859, [(0 41 19)-(12 22 23)-(9 42 22)-(13 34 9)]
0.714, 0.5525317169189453, [(14 61 25)-(8 55 12)-(12 29 2)-(10 34 22)]
0.714, 0.5525314025878907, [(2 18 12)-(10 45 6)-(4 47 25)-(4 50 14)]
0.7137, 0.5525341888427735, [(1 12 27)-(8 31 2)-(8 56 28)-(13 61 3)]
0.714, 0.5525317321777343, [(15 7 13)-(9 41 26)-(1 31 11)-(5 27 0)]
0.6908, 0.5290888473510742, [(11 44 8)-(13 13 19)-(0 46 19)-(2 18 25)]
0.714, 0.5525317413330078, [(7 21 0)-(9 22 6)-(2 55 2)-(8 53 14)]
0.7137, 0.5527501831054688, [(13 4 31)-(2 14 19)-(1 52 11)-(2 28 8)]
0.7139, 0.552550927734375, [(5 29 20)-(4 50 7)-(5 62 18)-(0 28 8)]
0.158, 0.9622486297607422, [(4 10 30)-(6 48 13)-(2 43 29)-(3 21 29)]
0.714, 0.5525317321777343, [(4 57 3)-(12 22 9)-(2 54 10)-(13 5 15)]
0.714, 0.5525317260742187, [(14 10 12)-(0 23 29)-(15 52 7)-(14 8 11)]
0.714, 0.5525316940307617, [(13 9 10)-(2 6 6)-(6 36 4)-(15 41 10)]
0.7065, 0.5423003356933593, [(12 47 24)-(12 14 26)-(5 13 1)-(9 61 9)]
0.7139, 0.5524574005126953, [(9 27 20)-(15 29 10)-(13 15 16)-(11 25 11)]
0.714, 0.5525315521240235, [(10 23 12)-(11 35 0)-(1 40 4)-(14 22 2)]
0.714, 0.5525317291259766, [(9 62 26)-(13 47 12)-(14 32 10)-(6 58 11)]
0.7139, 0.5525470611572265, [(11 8 17)-(4 55 12)-(5 25 20)-(5 59 2)]
0.7138, 0.5525623474121093, [(9 24 12)-(13 11 0)-(10 61 22)-(1 10 27)]
0.714, 0.5523881469726563, [(1 12 17)-(6 1 18)-(9 20 12)-(6 38 5)]
0.7076, 0.5475969482421875, [(2 1 13)-(1 62 8)-(12 62 2)-(11 19 31)]
0.6824, 0.5481647674560547, [(5 22 6)-(7 9 26)-(11 2 0)-(12 24 31)]
0.6988000000000001, 0.5454301879882812, [(7 58 27)-(3 24 29)-(10 41 10)-(5 15 25)]
0.7139, 0.5522078491210938, [(12 1 1)-(0 27 16)-(4 10 22)-(12 3 21)]
0.714, 0.5525315093994141, [(7 6 12)-(2 46 24)-(2 42 26)-(5 29 4)]
0.714, 0.5525329498291016, [(13 46 26)-(11 35 22)-(1 32 4)-(9 7 14)]
0.7066, 0.5529067443847656, [(3 55 20)-(4 12 26)-(7 27 14)-(14 4 14)]
0.6132, 0.6244496307373046, [(2 25 19)-(14 47 9)-(7 57 3)-(1 17 27)]
0.7115, 0.5518206420898437, [(4 24 26)-(13 52 11)-(10 52 22)-(2 11 31)]
0.714, 0.5525318084716797, [(1 20 11)-(15 16 6)-(7 45 27)-(14 15 15)]
0.6238, 0.5338543518066406, [(0 46 1)-(6 0 21)-(5 5 25)-(8 35 13)]
0.1208, 0.0, [(1 33 8)-(11 7 30)-(3 42 13)-(2 22 26)]
0.7130000000000001, 0.5528409606933593, [(7 45 24)-(11 8 23)-(7 57 10)-(4 29 0)]
0.714, 0.5525393646240234, [(13 41 20)-(11 27 18)-(1 38 28)-(13 16 0)]
0.7141, 0.5526951812744141, [(11 1 19)-(1 31 9)-(12 49 25)-(7 62 19)]
0.714, 0.5525317230224609, [(12 31 27)-(13 42 22)-(11 42 3)-(12 30 5)]
0.714, 0.5525317138671875, [(8 42 13)-(0 45 2)-(3 22 10)-(1 13 9)]
0.7141, 0.5507906799316407, [(11 10 22)-(10 26 10)-(0 57 21)-(6 1 21)]
0.1073, 0.0, [(1 29 18)-(15 0 1)-(15 55 15)-(13 2 30)]
0.714, 0.5525317352294922, [(2 60 20)-(14 17 23)-(13 60 2)-(15 37 10)]
0.7046, 0.542599090576172, [(9 38 15)-(2 15 12)-(4 23 25)-(9 49 18)]
0.714, 0.5525330505371093, [(3 5 10)-(8 48 12)-(14 2 12)-(12 60 24)]
0.714, 0.5525316253662109, [(5 37 29)-(6 8 8)-(2 62 22)-(1 11 0)]
0.7032, 0.5462595031738281, [(1 51 16)-(8 32 21)-(0 60 3)-(11 6 25)]
0.7142, 0.5530245910644531, [(6 27 11)-(0 29 24)-(10 52 22)-(10 43 7)]
0.714, 0.5525317962646484, [(0 38 16)-(10 3 9)-(14 10 8)-(6 31 9)]
0.7078, 0.5505651367187501, [(15 15 26)-(9 28 26)-(1 22 25)-(10 23 10)]
0.7147, 0.5527325286865234, [(10 59 12)-(7 9 14)-(10 18 23)-(8 30 8)]
0.714, 0.5525624557495117, [(2 50 5)-(11 46 29)-(6 60 28)-(9 17 27)]
0.7122999999999999, 0.5535708923339844, [(10 32 14)-(4 62 31)-(1 3 21)-(14 39 31)]
0.7146, 0.5517019073486328, [(11 15 26)-(2 46 31)-(13 18 21)-(13 22 19)]
0.714, 0.5525318237304687, [(12 2 9)-(0 16 4)-(1 57 23)-(9 31 3)]
0.714, 0.5525317077636718, [(0 45 28)-(8 14 10)-(1 58 28)-(7 33 21)]
0.714, 0.5525317199707032, [(3 54 4)-(10 61 7)-(0 21 6)-(10 33 25)]
0.714, 0.5525317291259766, [(15 21 20)-(8 52 27)-(13 28 11)-(13 32 26)]
0.714, 0.5525317260742187, [(1 55 23)-(2 55 21)-(14 52 3)-(6 52 19)]
0.714, 0.5525322769165039, [(11 58 12)-(14 45 14)-(3 6 12)-(14 35 19)]
0.714, 0.5525317352294922, [(12 45 14)-(5 52 3)-(6 58 31)-(14 23 13)]
0.7143999999999999, 0.5518608612060547, [(15 41 5)-(6 49 17)-(10 9 24)-(15 35 22)]
0.714, 0.5525321563720703, [(10 3 6)-(9 62 17)-(1 23 12)-(13 41 1)]
0.714, 0.5525338317871094, [(1 21 16)-(14 60 25)-(8 7 9)-(6 16 2)]
0.7139, 0.55238603515625, [(11 11 7)-(5 43 29)-(4 25 23)-(13 51 27)]
0.714, 0.5525317169189453, [(7 62 2)-(0 57 31)-(11 45 28)-(9 39 11)]
0.7141, 0.5530427124023438, [(15 38 23)-(0 25 23)-(8 43 30)-(13 1 14)]
0.7146, 0.5522600250244141, [(13 53 16)-(13 14 17)-(9 9 23)-(2 32 1)]
0.7132000000000001, 0.5526013992309571, [(11 19 20)-(6 58 17)-(8 41 3)-(4 44 7)]
0.714, 0.5525317901611329, [(12 26 12)-(15 36 9)-(14 40 27)-(13 13 11)]
0.7139, 0.5523810821533204, [(4 16 21)-(11 31 1)-(4 3 19)-(13 42 22)]
0.714, 0.5525314086914062, [(2 18 12)-(13 8 16)-(9 35 14)-(14 53 12)]
0.714, 0.5525320190429688, [(13 40 23)-(6 50 20)-(11 49 27)-(8 21 17)]
0.714, 0.5525317291259766, [(14 42 3)-(12 61 5)-(7 21 10)-(12 50 16)]
0.714, 0.5525311889648438, [(2 2 10)-(12 37 28)-(3 42 7)-(15 34 6)]
0.7130000000000001, 0.5529758483886719, [(11 14 24)-(2 61 6)-(7 17 21)-(12 19 4)]
0.6929, 0.5293761581420898, [(0 54 1)-(14 35 13)-(12 22 8)-(12 2 31)]
0.714, 0.5525344604492187, [(5 33 10)-(4 56 0)-(9 0 10)-(10 5 6)]
0.7135, 0.5518098510742188, [(0 19 23)-(11 43 9)-(11 52 11)-(1 19 10)]
0.7136, 0.5524288787841797, [(4 54 25)-(2 33 0)-(14 49 14)-(12 29 22)]
0.714, 0.5525317352294922, [(5 16 28)-(5 41 0)-(15 58 25)-(3 47 23)]
0.714, 0.5525317199707032, [(3 57 22)-(8 57 21)-(7 47 20)-(8 62 31)]
0.714, 0.5525317108154297, [(10 54 2)-(4 61 26)-(11 59 29)-(9 9 7)]
0.7143999999999999, 0.5524486724853516, [(4 33 8)-(11 50 25)-(8 53 10)-(0 1 27)]
0.714, 0.5525316680908203, [(0 29 3)-(7 24 7)-(8 61 23)-(4 3 10)]
0.13879999999999998, 0.0, [(3 25 30)-(2 43 24)-(3 11 2)-(4 16 23)]
0.714, 0.5525317230224609, [(4 60 22)-(15 2 0)-(1 34 26)-(3 4 8)]
0.714, 0.5525317260742187, [(10 61 14)-(13 25 31)-(3 39 29)-(14 62 19)]
0.714, 0.5525317108154297, [(15 34 9)-(14 30 13)-(6 50 12)-(7 31 18)]
0.714, 0.5525317321777343, [(1 35 12)-(0 33 16)-(15 5 26)-(15 22 21)]
0.714, 0.5525317321777343, [(4 23 7)-(12 39 23)-(7 52 21)-(6 48 6)]
0.714, 0.5525317474365234, [(4 11 11)-(4 34 9)-(0 49 3)-(3 56 1)]
0.7139, 0.5524376647949218, [(8 59 0)-(2 1 12)-(2 24 20)-(9 33 9)]
0.714, 0.5525308471679687, [(2 54 24)-(3 2 1)-(12 5 14)-(5 3 1)]
0.714, 0.5525317291259766, [(0 30 24)-(11 29 6)-(8 14 2)-(14 48 27)]
0.714, 0.5525317321777343, [(13 33 12)-(3 41 22)-(4 60 20)-(4 38 10)]
0.714, 0.5525317398071289, [(13 59 10)-(5 39 6)-(9 40 3)-(2 42 6)]
0.714, 0.5525338409423828, [(11 53 22)-(7 61 11)-(13 21 3)-(6 14 13)]
0.5739, 0.5644118438720703, [(6 3 10)-(0 0 26)-(3 2 7)-(6 47 2)]
0.714, 0.5525364898681641, [(0 33 26)-(10 57 4)-(7 4 18)-(12 22 20)]
0.714, 0.5525583709716797, [(11 60 23)-(1 63 26)-(8 26 20)-(2 6 28)]
0.714, 0.5525317169189453, [(10 40 2)-(10 46 21)-(14 55 15)-(6 47 18)]
0.7010000000000001, 0.5473244171142577, [(5 7 25)-(5 63 25)-(5 45 25)-(14 54 12)]
0.7133, 0.5505510620117187, [(2 23 24)-(4 8 12)-(7 22 16)-(4 39 9)]
0.714, 0.5525317596435546, [(13 14 2)-(3 59 12)-(8 58 0)-(11 4 11)]
0.714, 0.5525317169189453, [(7 13 7)-(13 56 10)-(13 3 18)-(12 10 8)]
0.7131000000000001, 0.5516912445068359, [(13 62 13)-(9 57 11)-(3 22 19)-(0 8 27)]
0.6476, 0.5122844497680663, [(5 19 31)-(15 35 4)-(14 50 12)-(7 32 17)]
0.7142999999999999, 0.5527711273193359, [(13 3 30)-(11 29 11)-(6 42 15)-(13 0 17)]
0.7139, 0.5526523681640625, [(0 57 6)-(7 28 21)-(13 28 17)-(11 62 28)]
0.1153, 0.0, [(15 52 14)-(2 55 21)-(2 48 22)-(11 14 30)]
0.714, 0.5525317291259766, [(7 44 27)-(9 35 28)-(7 33 5)-(10 58 5)]
0.7094, 0.5477659393310547, [(11 19 31)-(5 4 27)-(4 30 18)-(3 0 18)]
0.7125, 0.5517998291015624, [(11 51 3)-(13 45 10)-(15 3 9)-(4 4 26)]
0.714, 0.5525317840576172, [(13 57 17)-(0 35 1)-(13 58 23)-(7 18 9)]
0.714, 0.5525317352294922, [(0 36 20)-(15 50 6)-(15 26 22)-(6 16 29)]
0.714, 0.5525317352294923, [(9 35 18)-(4 58 23)-(4 53 6)-(11 63 4)]
0.714, 0.5525360534667969, [(14 51 2)-(6 20 3)-(3 61 30)-(0 25 16)]
0.714, 0.5525317291259766, [(5 58 31)-(10 53 12)-(11 42 29)-(3 42 23)]
0.7136, 0.5524637573242188, [(8 6 19)-(0 60 30)-(10 24 2)-(1 61 16)]
0.714, 0.5525317016601563, [(7 47 27)-(15 27 29)-(7 35 19)-(6 29 12)]
0.714, 0.55253173828125, [(12 48 6)-(13 60 7)-(14 5 12)-(14 44 16)]
0.714, 0.5525317260742187, [(10 45 18)-(7 31 13)-(14 43 29)-(4 22 9)]
0.714, 0.5525320068359375, [(8 13 1)-(15 2 14)-(9 34 26)-(11 36 11)]
0.7138, 0.55253466796875, [(13 52 18)-(3 58 20)-(3 29 20)-(13 50 8)]
0.714, 0.5525323425292968, [(4 48 24)-(10 17 13)-(8 27 14)-(9 31 31)]
0.714, 0.5525317230224609, [(6 48 21)-(3 45 23)-(15 37 6)-(14 3 14)]
0.6950000000000001, 0.5199692016601563, [(1 46 22)-(13 5 18)-(15 2 27)-(6 28 26)]
0.714, 0.5525317321777343, [(3 17 7)-(5 38 9)-(5 15 2)-(12 11 5)]
0.714, 0.5525393188476562, [(11 25 9)-(3 59 1)-(5 63 12)-(5 1 14)]
0.714, 0.5525156555175781, [(7 38 26)-(10 37 18)-(5 11 17)-(15 40 2)]
0.714, 0.5525331146240234, [(1 7 6)-(8 21 0)-(1 3 12)-(14 12 23)]
0.7108, 0.5534873565673828, [(7 33 19)-(4 11 24)-(11 14 8)-(1 29 11)]
0.7139, 0.5525370208740235, [(13 57 2)-(0 36 7)-(3 57 15)-(5 19 14)]
0.714, 0.5525317321777343, [(14 9 8)-(7 39 3)-(15 7 23)-(1 49 7)]
0.6661999999999999, 0.5208077438354493, [(12 20 25)-(10 45 30)-(1 49 22)-(11 53 26)]
0.714, 0.5525296844482421, [(15 50 9)-(10 16 16)-(6 35 13)-(9 55 1)]
0.7131, 0.5518497680664063, [(3 11 26)-(3 9 8)-(8 10 3)-(12 14 17)]
0.714, 0.5525299652099609, [(1 10 4)-(12 20 15)-(4 16 29)-(15 5 22)]
0.714, 0.5525163269042969, [(10 31 0)-(13 41 7)-(6 11 17)-(10 11 12)]
0.714, 0.5525317687988281, [(6 23 0)-(11 61 16)-(0 29 11)-(2 37 20)]
0.7128, 0.5485228912353515, [(2 3 21)-(8 31 25)-(1 24 16)-(9 20 31)]
0.714, 0.5525317108154297, [(11 25 10)-(13 42 7)-(1 43 1)-(10 37 23)]
0.714, 0.5525593078613281, [(2 51 22)-(3 53 18)-(14 1 15)-(5 9 14)]
0.714, 0.5525317321777343, [(9 61 20)-(2 42 16)-(6 56 1)-(11 48 31)]
0.7139, 0.552598175048828, [(7 13 31)-(0 2 18)-(2 46 25)-(14 37 11)]
0.714, 0.5525335845947266, [(14 9 5)-(1 9 7)-(0 29 17)-(8 15 14)]
0.714, 0.5525301300048828, [(6 20 15)-(4 60 0)-(10 33 19)-(6 58 26)]
0.7139, 0.5525803497314453, [(15 38 18)-(7 26 20)-(14 31 3)-(4 33 30)]
0.714, 0.5525317260742187, [(8 37 26)-(5 35 26)-(14 7 30)-(8 55 27)]
0.714, 0.5525317199707032, [(1 48 18)-(11 49 24)-(5 53 30)-(7 31 7)]
0.714, 0.5525317504882812, [(2 45 19)-(15 18 21)-(10 28 10)-(7 45 28)]
0.712, 0.5520164001464843, [(3 14 23)-(12 36 20)-(3 61 31)-(3 50 17)]
0.7133, 0.5525595336914062, [(13 55 9)-(13 32 22)-(5 13 21)-(13 55 4)]
0.714, 0.5525311431884765, [(2 55 22)-(4 44 20)-(0 12 17)-(15 4 25)]
0.10039999999999999, 0.19970739135742188, [(2 39 16)-(5 62 28)-(10 27 12)-(7 17 30)]
0.7137, 0.5535115570068359, [(10 11 22)-(11 12 17)-(15 2 5)-(1 27 15)]
0.714, 0.5525321990966796, [(10 29 10)-(9 52 20)-(7 17 14)-(3 24 10)]
0.714, 0.5525339904785156, [(7 51 18)-(10 51 25)-(0 49 5)-(9 13 13)]
0.714, 0.5525315399169922, [(4 62 29)-(6 50 23)-(12 11 6)-(6 11 10)]
0.714, 0.5525317291259766, [(12 50 18)-(8 49 27)-(5 50 8)-(14 23 17)]
0.714, 0.5525316925048829, [(0 49 2)-(6 4 9)-(7 50 0)-(15 45 2)]
0.7104999999999999, 0.551050161743164, [(8 36 17)-(8 63 21)-(1 5 31)-(5 57 15)]
0.714, 0.5525320007324219, [(6 52 24)-(11 36 14)-(14 42 5)-(6 19 11)]
0.714, 0.552531721496582, [(15 53 28)-(13 49 1)-(0 55 25)-(5 33 0)]
0.7138, 0.5525348358154297, [(9 30 31)-(1 59 25)-(10 20 20)-(10 43 18)]
0.714, 0.5525320495605468, [(15 36 2)-(3 34 15)-(1 41 15)-(5 14 13)]
0.714, 0.5525317321777343, [(0 12 5)-(0 52 4)-(13 9 6)-(3 54 29)]
0.7136, 0.5529567626953125, [(12 54 21)-(14 58 14)-(14 16 17)-(10 8 23)]
0.714, 0.5525317352294922, [(12 55 10)-(13 63 30)-(13 38 12)-(0 12 7)]
0.7003, 0.5619287231445312, [(5 19 29)-(8 24 12)-(9 15 12)-(5 16 24)]
0.7114, 0.5467104888916016, [(2 9 3)-(0 24 23)-(0 3 22)-(11 52 19)]
0.714, 0.5525402404785156, [(13 45 26)-(12 61 3)-(1 58 31)-(7 24 20)]
0.6999, 0.561063134765625, [(3 25 27)-(3 53 14)-(1 27 15)-(13 63 8)]
0.1077, 0.0, [(12 25 13)-(11 1 0)-(14 31 5)-(9 7 30)]
0.7141, 0.5525342987060546, [(14 7 22)-(13 25 15)-(0 26 20)-(15 39 28)]
0.714, 0.5525317321777343, [(4 43 12)-(2 36 11)-(13 36 31)-(0 46 22)]
0.7131000000000001, 0.5529097473144531, [(2 28 27)-(15 11 5)-(11 36 7)-(14 22 14)]
0.714, 0.5525317199707032, [(2 34 8)-(8 1 5)-(6 21 2)-(14 61 12)]
0.714, 0.5525339569091796, [(4 57 8)-(5 56 15)-(3 2 13)-(12 41 26)]
0.714, 0.5525317199707032, [(14 22 15)-(1 6 5)-(13 39 4)-(15 48 15)]
0.714, 0.5525343109130859, [(4 34 6)-(6 30 20)-(4 33 3)-(5 19 13)]
0.7133, 0.5526250610351562, [(12 55 13)-(2 18 16)-(13 57 5)-(3 1 20)]
0.1157, 0.9828270538330078, [(7 22 11)-(6 26 28)-(2 57 14)-(10 29 30)]
0.714, 0.5525292877197265, [(12 39 24)-(8 47 26)-(13 1 13)-(15 58 1)]
0.7141, 0.5525441833496094, [(13 4 21)-(6 32 8)-(14 19 7)-(12 25 27)]
0.7136, 0.5513944549560548, [(12 5 19)-(10 40 17)-(10 24 26)-(2 55 21)]
0.714, 0.5525317138671875, [(4 61 31)-(14 42 26)-(11 50 6)-(1 32 20)]
0.7065, 0.5470995178222656, [(13 39 19)-(3 5 26)-(14 43 4)-(14 50 31)]
0.714, 0.5525300964355468, [(1 29 19)-(0 60 17)-(2 51 29)-(15 34 5)]
0.714, 0.5525353912353516, [(8 3 10)-(4 19 19)-(10 21 4)-(15 18 26)]
0.7134, 0.5529607696533203, [(14 5 31)-(5 31 15)-(13 12 29)-(12 8 28)]
0.714, 0.552554476928711, [(2 56 19)-(12 22 21)-(7 56 19)-(2 52 0)]
0.1436, 0.9743967407226561, [(9 41 21)-(13 10 16)-(10 21 30)-(13 44 17)]
0.7137, 0.5525321105957031, [(12 25 20)-(4 37 11)-(3 37 22)-(4 59 30)]
0.714, 0.5525317260742187, [(1 53 28)-(3 46 13)-(9 16 1)-(13 15 19)]
0.714, 0.5532633666992187, [(7 14 24)-(12 3 15)-(10 32 31)-(15 15 24)]
0.7081999999999999, 0.5463179565429688, [(11 54 26)-(12 20 20)-(11 9 12)-(6 29 26)]
0.714, 0.5525316619873046, [(8 12 12)-(7 56 28)-(13 63 24)-(14 59 23)]
0.7003, 0.5451255218505859, [(2 40 12)-(12 54 4)-(10 26 25)-(13 60 25)]
0.714, 0.5525366668701172, [(6 6 16)-(15 43 23)-(14 12 5)-(10 60 14)]
0.7128, 0.5526358734130858, [(5 7 18)-(11 1 27)-(5 63 11)-(4 57 10)]
0.7061, 0.5382879333496093, [(6 3 25)-(6 11 20)-(0 62 11)-(14 15 15)]
0.714, 0.5525317321777343, [(9 33 20)-(15 48 18)-(1 42 0)-(5 30 19)]
0.714, 0.5525317321777343, [(4 43 19)-(1 36 12)-(15 21 22)-(11 59 14)]
0.714, 0.5525317352294923, [(14 29 16)-(2 61 2)-(4 16 1)-(1 63 9)]
0.714, 0.5525317626953126, [(0 37 0)-(6 19 8)-(4 60 7)-(6 8 2)]
0.7029000000000001, 0.5524503479003906, [(4 20 26)-(8 58 26)-(11 55 28)-(1 55 30)]
0.7135, 0.5526136505126953, [(7 46 13)-(6 15 20)-(3 32 25)-(14 7 4)]
0.7134, 0.5527789764404297, [(0 15 0)-(14 51 24)-(4 2 7)-(5 8 31)]
0.714, 0.5525317321777343, [(7 54 1)-(10 42 25)-(6 62 5)-(13 60 22)]
0.714, 0.5525317199707032, [(15 18 22)-(6 21 5)-(7 39 23)-(1 59 29)]
0.714, 0.5525317291259766, [(15 43 12)-(6 48 29)-(1 40 23)-(2 5 5)]
0.714, 0.5525317260742187, [(4 45 8)-(6 42 25)-(7 50 25)-(5 48 2)]
0.714, 0.5525442932128906, [(8 59 6)-(1 0 5)-(2 14 15)-(10 14 28)]
0.714, 0.5525340484619141, [(11 16 29)-(3 5 20)-(1 58 12)-(2 31 14)]
0.714, 0.5525309631347657, [(13 63 29)-(15 36 7)-(10 5 18)-(9 55 4)]
0.7135, 0.5524692321777345, [(5 10 17)-(14 14 1)-(10 25 21)-(5 13 16)]
0.714, 0.5525317291259766, [(13 3 11)-(2 51 26)-(15 3 28)-(14 21 15)]
0.7095, 0.5491767761230468, [(12 63 22)-(10 25 8)-(5 14 24)-(4 28 10)]
0.714, 0.5525317321777343, [(7 4 2)-(10 55 0)-(2 53 24)-(1 47 0)]
0.714, 0.5525679626464843, [(15 25 12)-(14 40 1)-(0 23 31)-(2 21 16)]
0.7127, 0.5525288909912109, [(10 41 8)-(0 5 22)-(10 12 17)-(9 35 0)]
0.714, 0.5525317260742187, [(3 41 13)-(6 31 1)-(6 56 8)-(15 13 11)]
0.714, 0.5525322998046875, [(15 35 10)-(12 23 12)-(10 28 13)-(3 20 7)]
0.714, 0.5525317443847656, [(5 14 5)-(13 29 28)-(10 13 10)-(4 34 29)]
0.714, 0.5525317565917969, [(12 47 7)-(8 19 4)-(3 24 28)-(15 2 9)]
0.714, 0.5525317291259766, [(10 61 22)-(9 45 10)-(6 36 19)-(5 7 10)]
0.7119, 0.556478466796875, [(2 60 20)-(12 4 7)-(5 35 2)-(6 9 31)]
0.7070000000000001, 0.5508739501953126, [(11 1 22)-(11 13 31)-(6 27 19)-(10 51 11)]
0.714, 0.552456771850586, [(3 49 19)-(6 48 31)-(2 5 31)-(13 41 14)]
0.714, 0.5525317413330078, [(14 47 3)-(0 36 12)-(7 28 8)-(10 48 2)]
0.7138, 0.5524909790039063, [(2 13 19)-(11 19 5)-(1 16 15)-(15 9 15)]
0.714, 0.55253173828125, [(5 15 1)-(12 33 19)-(15 11 27)-(7 54 20)]
0.714, 0.552540185546875, [(4 11 12)-(5 17 17)-(6 14 2)-(2 57 16)]
0.714, 0.5525315917968749, [(12 36 12)-(15 38 11)-(4 9 13)-(4 11 1)]
0.689, 0.5231275146484375, [(1 0 20)-(11 55 21)-(2 27 31)-(1 59 27)]
0.7143999999999999, 0.5525406158447266, [(5 54 23)-(6 31 5)-(4 30 8)-(11 7 27)]
0.714, 0.5525317352294922, [(13 17 20)-(9 38 23)-(2 41 24)-(5 50 25)]
0.714, 0.5525317260742187, [(14 56 29)-(5 16 28)-(15 54 10)-(14 21 14)]
0.714, 0.5532276458740235, [(15 45 14)-(7 54 19)-(14 30 10)-(6 23 22)]
0.714, 0.5525317260742187, [(4 10 12)-(13 45 10)-(1 50 13)-(15 21 28)]
0.714, 0.5525284515380859, [(14 20 2)-(8 0 5)-(6 8 13)-(9 39 17)]
0.7037, 0.5386523178100586, [(5 8 23)-(8 24 25)-(4 51 12)-(1 43 22)]
0.7141, 0.5523772857666016, [(10 54 4)-(7 45 24)-(14 21 12)-(12 7 27)]
0.714, 0.5525317260742187, [(15 36 14)-(10 43 6)-(10 47 22)-(2 53 10)]
0.7137, 0.5525470916748046, [(12 6 3)-(8 35 29)-(13 0 8)-(12 9 19)]
0.714, 0.5525335205078126, [(1 25 15)-(5 50 26)-(6 16 9)-(9 42 5)]
0.714, 0.5525317260742187, [(14 33 24)-(15 36 2)-(11 48 21)-(13 52 30)]
0.7136, 0.552588311767578, [(11 28 19)-(0 62 7)-(12 21 19)-(2 31 2)]
0.714, 0.5525317321777343, [(14 19 24)-(10 5 0)-(9 25 7)-(0 45 31)]
0.7011000000000001, 0.5400053619384766, [(6 42 19)-(5 41 12)-(15 2 24)-(11 32 22)]
0.714, 0.5525317291259766, [(15 30 17)-(9 58 11)-(14 62 3)-(1 34 13)]
0.714, 0.5525317260742187, [(1 29 0)-(5 53 13)-(7 61 29)-(0 11 12)]
0.6741, 0.5739518402099609, [(14 0 27)-(11 13 24)-(8 13 7)-(1 41 26)]
0.7121999999999999, 0.5536128204345703, [(1 9 28)-(13 15 11)-(14 27 11)-(9 18 9)]
0.36629999999999996, 0.8036230377197265, [(9 5 29)-(1 3 29)-(15 0 20)-(4 26 24)]
0.714, 0.5525317321777343, [(14 5 4)-(3 29 4)-(7 5 7)-(15 37 20)]
0.714, 0.5525317199707032, [(1 22 2)-(9 53 17)-(10 39 5)-(8 31 27)]
0.714, 0.5525302490234375, [(2 60 6)-(10 32 9)-(8 50 27)-(1 29 18)]
0.7139, 0.5526448181152344, [(13 33 26)-(8 26 23)-(4 11 1)-(5 50 18)]
0.7129000000000001, 0.5524281707763672, [(2 44 17)-(9 12 24)-(15 26 26)-(3 63 17)]
0.714, 0.5525319824218751, [(14 60 8)-(15 39 25)-(0 16 13)-(15 63 22)]
0.714, 0.5525321487426758, [(4 50 16)-(0 20 13)-(11 33 20)-(11 45 6)]
0.714, 0.5525340698242187, [(6 47 9)-(12 5 11)-(12 10 20)-(6 19 11)]
0.714, 0.5525322601318359, [(13 46 14)-(2 3 12)-(12 8 13)-(8 59 10)]
0.7143999999999999, 0.5524570251464844, [(11 23 22)-(13 21 5)-(12 0 0)-(13 21 24)]
0.714, 0.5525317352294922, [(0 59 8)-(0 50 17)-(5 48 12)-(13 7 23)]
0.714, 0.5525317199707032, [(10 50 31)-(15 58 21)-(4 45 29)-(5 8 28)]
0.714, 0.5525317321777343, [(8 63 30)-(4 37 28)-(6 62 23)-(10 7 0)]
0.0974, 0.0, [(5 38 13)-(3 10 24)-(2 27 30)-(14 1 18)]
0.714, 0.5525317169189453, [(5 33 9)-(14 7 0)-(9 61 6)-(12 62 21)]
0.714, 0.5525287414550781, [(10 25 17)-(3 44 18)-(15 45 10)-(11 35 8)]
0.714, 0.5525317321777343, [(9 49 1)-(14 60 30)-(13 9 7)-(15 3 25)]
0.7092, 0.5557518951416016, [(7 39 15)-(3 6 28)-(8 21 1)-(4 45 27)]
0.7139, 0.552498681640625, [(11 1 28)-(0 19 19)-(8 30 7)-(7 5 29)]
0.714, 0.5525317230224609, [(11 38 17)-(1 50 6)-(2 50 26)-(1 13 7)]
0.714, 0.5526173706054688, [(5 28 12)-(4 5 21)-(13 34 12)-(1 29 1)]
0.636, 0.5167292358398438, [(11 59 24)-(13 1 26)-(4 18 24)-(1 61 15)]
0.714, 0.55253154296875, [(8 35 26)-(13 63 28)-(6 60 25)-(9 3 13)]
0.714, 0.5525324371337891, [(12 8 10)-(7 20 11)-(2 51 15)-(13 61 5)]
0.714, 0.5525317260742187, [(3 62 29)-(8 53 3)-(9 60 28)-(13 41 15)]
0.714, 0.5525355224609374, [(4 5 17)-(6 52 1)-(0 61 29)-(6 27 3)]
0.7142, 0.5525612670898438, [(4 30 16)-(3 28 20)-(10 56 10)-(14 29 20)]
0.714, 0.5525317260742187, [(10 38 1)-(12 15 1)-(14 52 27)-(15 63 5)]
0.7147, 0.5518782897949219, [(6 47 15)-(7 6 4)-(4 33 17)-(11 4 31)]
0.6896, 0.5476714324951172, [(4 44 24)-(4 46 30)-(11 26 24)-(14 43 22)]
0.714, 0.5525317504882813, [(11 42 25)-(11 41 23)-(11 20 8)-(7 26 1)]
0.7079, 0.5476152801513672, [(11 60 31)-(7 19 8)-(2 19 16)-(6 29 25)]
0.714, 0.5525335998535156, [(10 18 15)-(4 28 12)-(13 16 15)-(8 63 18)]
0.714, 0.552531802368164, [(14 31 6)-(4 23 9)-(9 13 8)-(8 51 13)]
0.714, 0.5525304107666016, [(10 33 18)-(4 62 3)-(13 1 12)-(8 47 11)]
0.7142, 0.5528440124511719, [(15 58 29)-(6 13 22)-(1 34 17)-(11 24 10)]
0.714, 0.5525311920166016, [(13 25 16)-(12 28 10)-(13 31 9)-(11 23 16)]
0.7128, 0.5532229339599609, [(7 1 21)-(9 52 2)-(5 9 7)-(8 52 25)]
0.7128, 0.5509423767089844, [(15 15 10)-(5 7 20)-(10 20 31)-(8 62 4)]
0.714, 0.5525317474365234, [(3 39 3)-(0 41 0)-(7 35 23)-(0 20 9)]
0.714, 0.5525321105957031, [(8 32 19)-(8 27 12)-(10 57 26)-(3 53 14)]
0.7139, 0.5525840087890626, [(12 43 25)-(4 21 18)-(12 47 10)-(0 15 13)]
0.714, 0.5525314819335938, [(6 57 20)-(5 63 2)-(7 42 11)-(6 3 13)]
0.714, 0.5525337738037109, [(8 57 20)-(12 0 11)-(13 6 24)-(7 2 1)]
0.714, 0.552531753540039, [(4 45 20)-(0 58 31)-(9 56 5)-(0 20 9)]
0.714, 0.5525480926513672, [(0 6 18)-(0 43 15)-(1 50 17)-(1 7 13)]
0.3507, 0.4738888244628906, [(11 0 3)-(10 58 21)-(12 1 25)-(14 38 23)]
0.7132000000000001, 0.5526218444824218, [(12 7 13)-(5 14 22)-(3 13 14)-(8 15 13)]
0.6512, 0.5426396881103515, [(3 29 21)-(11 12 25)-(0 33 8)-(2 60 27)]
0.714, 0.5525321289062499, [(0 34 18)-(5 23 14)-(12 56 0)-(8 30 19)]
0.714, 0.5525317321777343, [(9 54 20)-(4 23 13)-(4 33 23)-(12 54 19)]
0.714, 0.5525317352294923, [(14 33 1)-(12 46 20)-(1 30 15)-(8 10 0)]
0.7136, 0.5552434906005859, [(6 19 24)-(9 8 2)-(9 9 1)-(13 19 19)]
0.5961000000000001, 0.48022335815429684, [(8 0 31)-(10 27 1)-(8 5 29)-(12 2 8)]
0.714, 0.5525069854736329, [(9 49 20)-(9 24 21)-(0 36 2)-(6 47 3)]
0.7015, 0.5543029296875, [(0 35 3)-(1 3 23)-(0 12 23)-(3 56 9)]
0.714, 0.5525317291259766, [(6 38 3)-(14 60 6)-(2 49 15)-(13 48 30)]
0.714, 0.5525313720703124, [(2 51 3)-(3 34 28)-(10 14 2)-(8 29 13)]
0.7014, 0.5547061218261718, [(5 51 12)-(2 51 30)-(8 20 24)-(8 15 31)]
0.714, 0.5525317245483399, [(8 48 30)-(15 14 3)-(14 36 1)-(14 15 7)]
0.641, 0.6002987945556642, [(5 6 28)-(13 38 14)-(13 27 23)-(1 24 27)]
0.395, 0.3935507965087891, [(5 18 2)-(7 0 0)-(6 10 12)-(6 1 25)]
0.7139, 0.5525602203369141, [(11 39 31)-(3 18 16)-(0 29 20)-(1 54 28)]
0.714, 0.5525309631347657, [(2 60 22)-(1 45 1)-(8 61 0)-(6 28 14)]
0.714, 0.5525317626953126, [(12 46 6)-(13 2 7)-(14 58 23)-(12 1 2)]
0.714, 0.5525321228027343, [(6 17 11)-(5 54 2)-(6 31 12)-(0 18 7)]
0.714, 0.5525358062744141, [(13 40 9)-(15 15 3)-(7 21 4)-(5 0 10)]
0.7135, 0.5523430206298827, [(6 12 22)-(6 27 8)-(11 54 0)-(8 23 9)]
0.714, 0.5525317260742187, [(15 24 0)-(1 48 24)-(8 17 0)-(6 53 3)]
0.714, 0.5525317291259766, [(15 28 19)-(4 19 3)-(2 1 1)-(4 24 5)]
0.6673, 0.5176508972167968, [(7 22 11)-(12 62 13)-(12 5 25)-(4 54 25)]
0.1154, 0.0, [(11 28 30)-(1 50 29)-(4 35 28)-(5 55 12)]
0.714, 0.5525335510253906, [(9 59 12)-(7 16 15)-(7 44 24)-(12 59 23)]
0.7012, 0.5454015502929688, [(13 10 23)-(1 50 27)-(6 57 14)-(10 23 25)]
0.6624000000000001, 0.5468685119628907, [(2 58 19)-(3 1 12)-(2 8 8)-(1 17 25)]
0.714, 0.5525317352294922, [(12 48 6)-(13 5 10)-(6 60 15)-(14 11 30)]
0.714, 0.5525274322509766, [(9 10 17)-(4 25 9)-(12 5 4)-(10 18 0)]
0.714, 0.5526575805664062, [(6 34 28)-(2 8 17)-(5 63 22)-(7 18 8)]
0.7135, 0.5511029296875001, [(10 17 17)-(7 12 26)-(7 28 11)-(6 55 6)]
0.714, 0.5525317230224609, [(8 4 5)-(7 63 22)-(10 20 1)-(2 28 28)]
0.7053, 0.551031607055664, [(10 19 27)-(0 6 24)-(15 40 5)-(10 4 25)]
0.7029000000000001, 0.5568574707031251, [(8 43 6)-(1 49 15)-(2 26 17)-(6 14 25)]
0.714, 0.5525326141357422, [(8 9 14)-(12 45 22)-(13 44 19)-(7 44 12)]
0.7145, 0.5522932586669922, [(9 50 18)-(10 13 13)-(1 18 21)-(10 56 27)]
0.714, 0.5525317260742187, [(13 33 17)-(13 39 19)-(14 6 3)-(15 58 26)]
0.714, 0.5525317291259766, [(3 4 0)-(5 49 18)-(8 48 1)-(13 26 28)]
0.714, 0.5525321197509765, [(12 6 18)-(11 41 0)-(13 61 15)-(7 28 10)]
0.714, 0.5525317352294923, [(0 60 10)-(12 61 12)-(9 46 8)-(10 8 2)]
0.7139, 0.5525456420898438, [(6 29 2)-(7 9 21)-(8 43 8)-(11 1 18)]
0.714, 0.5525346405029297, [(6 35 5)-(11 8 8)-(10 11 14)-(9 12 28)]
0.7141, 0.5525400268554688, [(3 20 15)-(11 61 15)-(0 15 19)-(14 22 22)]
0.7138, 0.5535489135742188, [(1 57 19)-(4 2 20)-(0 51 22)-(15 61 1)]
0.714, 0.5525316009521484, [(14 12 3)-(13 1 9)-(1 25 13)-(3 31 4)]
0.714, 0.5525317321777343, [(6 50 16)-(1 30 31)-(5 40 16)-(0 43 31)]
0.7139, 0.5525016082763672, [(3 4 27)-(5 36 8)-(8 22 19)-(3 22 8)]
0.714, 0.5525317291259766, [(3 10 3)-(9 9 6)-(0 61 18)-(0 50 22)]
0.714, 0.5525324798583984, [(6 32 19)-(10 52 5)-(5 38 2)-(1 14 12)]
0.714, 0.5525475372314453, [(12 5 1)-(0 51 9)-(5 42 6)-(8 3 29)]
0.714, 0.5525317169189453, [(5 36 8)-(11 60 4)-(0 42 3)-(15 46 17)]
0.7141, 0.5530906860351563, [(6 15 31)-(9 28 8)-(2 26 8)-(15 39 27)]
0.713, 0.5520991821289063, [(11 6 13)-(10 16 16)-(14 13 8)-(10 25 23)]
0.714, 0.5525320770263672, [(7 47 2)-(15 60 22)-(0 17 10)-(7 59 22)]
0.714, 0.5525317352294922, [(3 40 30)-(15 62 29)-(8 63 23)-(8 20 7)]
0.7138, 0.5525504394531251, [(2 5 2)-(9 11 31)-(10 6 18)-(14 47 31)]
0.714, 0.5525317138671875, [(8 56 9)-(0 4 8)-(14 6 24)-(13 12 24)]
0.714, 0.5525314270019531, [(4 7 8)-(2 35 9)-(3 61 17)-(0 3 9)]
0.7131000000000001, 0.5529097259521485, [(13 39 10)-(2 28 27)-(6 20 8)-(0 32 9)]
0.7134, 0.5529358489990235, [(7 54 8)-(7 20 20)-(11 33 11)-(13 7 23)]
0.7138, 0.5525279602050781, [(5 55 12)-(9 6 6)-(4 1 16)-(5 17 27)]
0.7102999999999999, 0.5545441497802734, [(5 4 13)-(2 14 16)-(3 27 27)-(13 30 28)]
0.7108, 0.5505624023437501, [(3 22 31)-(13 56 29)-(10 7 25)-(4 63 31)]
0.7128000000000001, 0.552551840209961, [(0 35 0)-(11 7 22)-(2 14 14)-(11 36 16)]
0.714, 0.5525317260742187, [(5 62 21)-(6 47 1)-(15 19 26)-(2 26 5)]
0.714, 0.5525317138671875, [(2 59 8)-(3 55 19)-(3 40 18)-(5 52 8)]
0.7117, 0.5521476318359375, [(1 11 14)-(8 31 8)-(10 18 26)-(3 51 15)]
0.7116, 0.5494064514160156, [(10 55 10)-(12 16 26)-(14 12 13)-(15 53 0)]
0.7141, 0.5525286529541016, [(10 1 28)-(9 40 20)-(10 2 15)-(3 32 18)]
0.7133, 0.5533548736572265, [(4 32 7)-(5 46 8)-(6 15 23)-(6 14 20)]
0.714, 0.552532763671875, [(15 29 5)-(3 1 2)-(10 13 20)-(2 32 6)]
0.7133, 0.5524761962890625, [(13 20 18)-(3 24 22)-(8 51 26)-(2 36 9)]
0.714, 0.5525317138671875, [(9 46 19)-(3 38 9)-(6 43 19)-(10 44 31)]
0.7137, 0.55253544921875, [(6 60 9)-(5 14 18)-(3 59 16)-(0 51 3)]
0.714, 0.5525317291259766, [(11 41 10)-(14 60 2)-(13 3 4)-(2 4 29)]
0.6877, 0.547856591796875, [(11 2 15)-(8 26 25)-(0 37 20)-(2 58 21)]
0.714, 0.5525317291259766, [(11 62 30)-(7 44 4)-(5 35 9)-(1 2 28)]
0.7154, 0.5520655181884766, [(7 28 18)-(0 62 20)-(11 13 23)-(13 6 20)]
0.714, 0.5525317352294922, [(5 37 24)-(14 17 28)-(13 61 2)-(4 58 30)]
0.714, 0.5525321868896484, [(7 31 25)-(11 5 14)-(0 24 15)-(5 26 12)]
0.714, 0.5525317321777343, [(11 53 19)-(5 1 0)-(12 41 31)-(11 35 30)]
0.392, 0.7750612915039063, [(1 1 4)-(1 3 26)-(0 45 9)-(4 36 4)]
0.714, 0.5525317260742187, [(1 17 1)-(10 55 14)-(10 32 23)-(8 32 17)]
0.7141, 0.5526974121093751, [(7 30 12)-(7 16 5)-(7 17 22)-(12 50 11)]
0.714, 0.552531771850586, [(1 0 3)-(5 56 7)-(5 61 26)-(7 63 16)]
0.714, 0.5525312744140625, [(8 57 17)-(6 62 10)-(12 28 18)-(12 59 18)]
0.714, 0.5525317474365234, [(3 39 22)-(6 10 10)-(8 38 13)-(3 63 29)]
0.714, 0.5525317291259766, [(13 43 2)-(15 11 3)-(15 55 17)-(8 1 1)]
0.7137, 0.5522155120849609, [(6 22 22)-(14 46 1)-(11 2 1)-(7 52 6)]
0.714, 0.5525317352294923, [(12 11 4)-(14 8 18)-(7 42 21)-(2 61 27)]
0.714, 0.5525317321777343, [(5 56 31)-(8 32 1)-(10 46 6)-(10 30 27)]
0.1063, 0.9993680938720704, [(12 22 30)-(4 51 23)-(4 47 15)-(10 59 7)]
0.714, 0.5525317230224609, [(0 50 23)-(12 20 1)-(14 63 26)-(0 58 5)]
0.7134, 0.552460498046875, [(3 4 21)-(11 21 16)-(7 61 13)-(11 21 27)]
0.714, 0.5525317321777343, [(9 51 15)-(5 48 4)-(15 26 16)-(6 38 22)]
0.714, 0.5525317321777343, [(5 62 5)-(1 40 6)-(4 18 3)-(12 12 28)]
0.7141, 0.5525158477783203, [(6 22 18)-(6 20 29)-(5 8 12)-(7 46 13)]
0.714, 0.5525317321777343, [(9 57 15)-(3 46 27)-(8 46 11)-(5 35 27)]
0.714, 0.5525347656249999, [(15 10 20)-(4 63 7)-(14 13 24)-(0 5 27)]
0.714, 0.552531463623047, [(4 39 9)-(2 10 15)-(2 42 10)-(7 63 7)]
0.714, 0.5525317413330078, [(4 61 14)-(5 33 11)-(11 61 27)-(1 6 8)]
0.714, 0.5525315917968749, [(4 33 18)-(6 16 12)-(3 59 28)-(10 34 29)]
0.714, 0.5528041748046875, [(8 57 8)-(10 8 22)-(5 25 0)-(13 30 15)]
0.7138, 0.553045864868164, [(15 52 6)-(7 56 10)-(2 20 10)-(8 28 22)]
0.0991, 0.0, [(10 7 5)-(0 43 24)-(9 1 30)-(6 23 26)]
0.714, 0.5525317199707032, [(11 17 4)-(13 28 5)-(13 26 11)-(7 39 14)]
0.714, 0.5525310180664063, [(10 2 13)-(10 6 8)-(10 27 5)-(7 1 4)]
0.714, 0.5525287353515624, [(15 57 0)-(14 37 17)-(9 39 18)-(10 25 17)]
0.714, 0.552533969116211, [(8 20 14)-(5 41 7)-(6 31 7)-(2 61 12)]
0.7158, 0.5508283752441406, [(3 55 13)-(5 31 19)-(5 30 25)-(11 11 26)]
0.49019999999999997, 0.5969712005615234, [(4 34 29)-(6 34 19)-(2 19 25)-(15 21 19)]
0.7139, 0.5525516387939453, [(0 58 5)-(3 62 28)-(12 4 17)-(14 18 24)]
0.712, 0.5516991485595704, [(4 24 25)-(10 24 14)-(5 52 2)-(13 58 8)]
0.5768, 0.4924097030639648, [(5 47 24)-(9 31 2)-(15 2 28)-(1 3 31)]
0.6799999999999999, 0.54207080078125, [(9 9 27)-(9 14 25)-(13 30 12)-(5 14 25)]
0.714, 0.5525319122314454, [(1 3 6)-(0 0 3)-(14 24 18)-(2 1 7)]
0.7118, 0.5499089416503906, [(0 38 25)-(0 52 27)-(0 22 26)-(5 33 3)]
0.6744, 0.48490035705566403, [(0 15 16)-(13 30 11)-(12 0 31)-(6 53 26)]
0.7141, 0.5525235412597655, [(8 3 16)-(10 49 31)-(4 60 10)-(3 51 18)]
0.714, 0.5525317291259766, [(7 41 24)-(13 40 1)-(15 61 7)-(3 16 5)]
0.1407, 0.9616351959228515, [(8 13 30)-(13 32 1)-(1 23 25)-(7 63 23)]
0.7136, 0.5525566375732421, [(9 10 7)-(4 37 27)-(12 23 31)-(15 9 12)]
0.7136, 0.5525473937988281, [(0 7 2)-(12 12 12)-(15 1 19)-(2 2 3)]
0.714, 0.5525317260742187, [(7 39 29)-(7 52 24)-(11 51 23)-(3 53 17)]
0.3244, 0.730390609741211, [(7 11 25)-(0 22 19)-(15 0 26)-(4 34 12)]
0.7123999999999999, 0.5529369537353516, [(9 28 24)-(6 44 4)-(1 10 5)-(10 24 10)]
0.7139, 0.5523182159423827, [(11 33 0)-(7 56 1)-(1 7 23)-(6 4 12)]
0.714, 0.5525317779541016, [(9 63 28)-(3 13 12)-(5 60 11)-(14 55 14)]
0.714, 0.5525317260742187, [(1 60 30)-(5 45 11)-(8 44 2)-(6 6 29)]
0.7138, 0.5528406646728515, [(5 60 22)-(2 30 0)-(11 8 15)-(0 25 22)]
0.714, 0.552531674194336, [(3 4 11)-(1 62 19)-(0 52 28)-(10 44 16)]
0.7142, 0.5525976867675781, [(8 40 0)-(2 8 16)-(10 8 17)-(10 36 29)]
0.714, 0.5525317657470703, [(5 39 13)-(11 20 9)-(10 32 22)-(11 39 23)]
0.714, 0.5525316955566406, [(0 1 8)-(14 18 21)-(14 13 12)-(14 8 1)]
0.7098, 0.5568660736083985, [(8 54 26)-(2 39 5)-(12 0 22)-(12 61 11)]
0.714, 0.5525317291259766, [(4 63 10)-(7 59 21)-(11 46 15)-(12 61 11)]
0.0925, 0.0, [(13 27 11)-(14 0 30)-(2 25 16)-(9 1 6)]
0.714, 0.5525317321777343, [(13 16 21)-(2 63 22)-(12 51 1)-(8 63 31)]
0.714, 0.5525317230224609, [(15 29 25)-(11 32 4)-(1 43 13)-(14 39 14)]
0.714, 0.5525317199707032, [(6 10 5)-(7 59 17)-(13 24 15)-(10 34 30)]
0.705, 0.5323283142089843, [(1 62 16)-(11 63 20)-(7 20 3)-(6 11 26)]
0.7108000000000001, 0.5455381744384766, [(3 14 8)-(5 42 19)-(6 8 23)-(3 11 18)]
0.7109, 0.5510105499267579, [(11 16 27)-(0 63 6)-(1 5 31)-(13 49 22)]
0.7053, 0.5488667999267578, [(8 19 9)-(8 21 31)-(1 56 27)-(14 23 21)]
0.714, 0.5525317260742187, [(10 59 24)-(4 23 0)-(13 52 23)-(0 28 7)]
0.6634, 0.5590147338867187, [(10 23 19)-(15 53 13)-(12 60 2)-(2 0 23)]
0.6786, 0.5261058639526368, [(15 16 3)-(3 17 10)-(15 1 24)-(13 46 5)]
0.7139, 0.5526236938476563, [(12 15 18)-(3 45 2)-(4 46 6)-(12 4 17)]
0.1002, 0.0, [(1 9 16)-(9 3 29)-(5 1 30)-(8 53 31)]
0.7138, 0.5522710571289062, [(3 49 0)-(7 50 23)-(1 4 22)-(3 53 21)]
0.7064, 0.5590942504882812, [(7 47 23)-(2 45 3)-(9 26 26)-(4 11 28)]
0.714, 0.5520105987548828, [(9 57 24)-(7 59 29)-(11 21 27)-(2 22 31)]
0.714, 0.55253173828125, [(10 30 31)-(10 62 15)-(11 59 22)-(7 60 4)]
0.7037, 0.5504284484863281, [(0 5 21)-(6 20 29)-(0 53 6)-(7 26 25)]
0.714, 0.5525337829589844, [(8 47 12)-(2 1 2)-(12 55 16)-(4 18 17)]
0.714, 0.5525319274902344, [(4 10 17)-(11 7 29)-(10 54 12)-(3 43 9)]
0.7138, 0.553386395263672, [(6 30 16)-(4 0 18)-(6 46 9)-(14 60 21)]
0.714, 0.5525311004638671, [(6 39 2)-(8 2 12)-(12 61 25)-(15 31 4)]
0.714, 0.5525253570556641, [(4 6 18)-(14 2 11)-(4 55 5)-(15 34 7)]
0.7126, 0.548414599609375, [(3 31 27)-(2 15 31)-(11 57 3)-(6 31 5)]
0.714, 0.5525317199707032, [(14 30 5)-(1 20 0)-(13 50 1)-(6 63 11)]
0.5251, 0.5944703247070313, [(15 23 14)-(6 44 6)-(2 9 25)-(1 49 1)]
0.714, 0.5525318267822266, [(14 17 18)-(13 46 21)-(15 40 8)-(9 12 14)]
0.714, 0.5525317596435546, [(13 57 24)-(2 8 5)-(2 55 31)-(9 44 22)]
0.714, 0.5525296844482421, [(3 57 21)-(7 56 31)-(8 6 14)-(15 28 10)]
0.7137, 0.5525344848632812, [(0 56 9)-(14 53 14)-(14 53 1)-(10 15 19)]
0.714, 0.5525317352294922, [(15 22 6)-(15 63 23)-(15 60 19)-(7 40 11)]
0.714, 0.5525317993164063, [(5 6 8)-(6 34 30)-(9 53 3)-(4 4 29)]
0.714, 0.5525363464355468, [(13 13 16)-(15 53 11)-(14 0 12)-(4 36 7)]
0.714, 0.5525317321777343, [(9 19 6)-(6 41 15)-(9 46 7)-(7 44 11)]
0.7139, 0.5525119781494141, [(3 10 27)-(3 58 5)-(7 30 12)-(0 45 21)]
0.7132, 0.5521015808105469, [(3 56 13)-(10 25 23)-(7 19 6)-(15 48 23)]
0.714, 0.5525317153930664, [(13 16 12)-(6 52 12)-(4 36 7)-(4 37 18)]
0.714, 0.5525317230224609, [(12 41 31)-(6 44 23)-(15 29 13)-(2 2 1)]
0.7135, 0.5519419128417968, [(11 62 22)-(14 21 26)-(3 63 8)-(7 13 26)]
0.1436, 0.9744030090332032, [(10 21 30)-(2 8 15)-(5 36 11)-(7 29 4)]
0.7124, 0.5517654357910156, [(5 33 8)-(0 3 20)-(6 61 5)-(8 13 1)]
0.6868, 0.5518001800537109, [(2 9 24)-(9 23 4)-(12 17 25)-(4 46 6)]
0.712, 0.5549757843017578, [(6 40 11)-(12 58 16)-(2 56 25)-(3 25 23)]
0.6753, 0.536180696105957, [(3 48 9)-(11 57 15)-(10 11 26)-(0 1 26)]
0.714, 0.5525316284179688, [(4 16 11)-(7 35 17)-(5 45 24)-(0 38 12)]
0.714, 0.5525238677978516, [(12 16 27)-(4 24 15)-(11 43 8)-(11 6 0)]
0.7139, 0.5517066650390625, [(5 0 10)-(9 4 26)-(13 40 27)-(8 8 14)]
0.714, 0.5525317352294922, [(9 19 2)-(2 32 31)-(0 50 1)-(8 24 1)]
0.7111000000000001, 0.5513684387207032, [(9 43 17)-(11 26 3)-(15 58 15)-(7 21 24)]
0.714, 0.5525317413330078, [(3 25 1)-(6 34 10)-(1 8 7)-(3 13 7)]
0.714, 0.552525015258789, [(3 22 11)-(4 7 18)-(15 56 11)-(15 43 24)]
0.714, 0.5525317321777343, [(2 3 28)-(0 44 23)-(5 56 14)-(2 58 10)]
0.714, 0.5525319824218751, [(4 7 3)-(9 5 11)-(4 23 13)-(5 4 5)]
0.6997, 0.5503735198974609, [(8 16 26)-(4 63 18)-(2 10 26)-(3 16 17)]
0.714, 0.5525317291259766, [(7 25 31)-(2 50 26)-(1 37 20)-(14 40 13)]
0.714, 0.5525334045410156, [(12 0 4)-(10 4 16)-(13 42 0)-(15 14 27)]
0.714, 0.5525360504150391, [(6 0 10)-(6 31 22)-(7 62 18)-(0 45 2)]
0.714, 0.5525304901123047, [(4 60 14)-(6 7 15)-(11 52 9)-(10 21 14)]
0.6666000000000001, 0.5230739364624024, [(11 18 11)-(2 23 2)-(12 8 31)-(4 1 7)]
0.714, 0.5525317291259766, [(5 48 3)-(15 40 19)-(9 54 5)-(11 18 6)]
0.714, 0.5525303955078125, [(4 22 10)-(5 8 16)-(6 59 4)-(14 9 31)]
0.7143999999999999, 0.5525828735351562, [(15 59 14)-(7 48 0)-(12 52 15)-(3 14 27)]
0.7137, 0.5519465362548828, [(4 16 23)-(12 23 28)-(7 4 16)-(13 9 4)]
0.714, 0.5525317352294922, [(14 52 23)-(8 37 28)-(15 44 23)-(3 1 8)]
0.714, 0.552516226196289, [(4 25 28)-(6 6 13)-(1 40 2)-(2 2 15)]
0.714, 0.5525317352294922, [(6 57 24)-(11 21 6)-(12 34 14)-(5 42 29)]
0.6433, 0.5178784942626953, [(13 2 26)-(14 46 26)-(10 20 10)-(5 46 8)]
0.714, 0.5525318542480468, [(1 6 10)-(11 18 29)-(9 41 11)-(8 42 22)]
0.7086, 0.5497917083740235, [(1 24 5)-(7 26 26)-(8 35 28)-(14 30 16)]
0.688, 0.5287452209472656, [(12 58 24)-(7 24 23)-(2 6 5)-(12 28 26)]
0.714, 0.5525318176269531, [(7 42 13)-(14 25 13)-(0 37 7)-(8 0 5)]
0.7143, 0.5519917205810547, [(8 54 4)-(12 37 6)-(10 17 22)-(11 51 16)]
0.6478999999999999, 0.5199539245605469, [(1 14 31)-(8 22 8)-(5 55 18)-(14 31 1)]
0.7141, 0.552492041015625, [(8 8 20)-(8 33 4)-(9 45 23)-(1 26 0)]
0.7132000000000001, 0.5524397827148437, [(14 30 11)-(9 12 24)-(10 59 10)-(1 20 27)]
0.714, 0.5525317230224609, [(3 47 24)-(15 28 9)-(14 29 19)-(12 38 6)]
0.7126, 0.5526266143798828, [(4 32 9)-(13 31 7)-(8 46 14)-(5 20 31)]
0.7134, 0.5507068572998046, [(5 40 6)-(2 22 23)-(13 40 12)-(4 11 26)]
0.714, 0.55253173828125, [(0 44 18)-(5 49 9)-(11 50 8)-(2 17 4)]
0.7138, 0.5525054443359375, [(10 31 10)-(0 13 21)-(0 36 7)-(7 17 14)]
0.7137, 0.5520208068847656, [(9 42 11)-(5 60 8)-(7 3 24)-(10 25 2)]
0.714, 0.5525317291259766, [(11 32 11)-(1 28 4)-(8 12 5)-(7 32 3)]
0.7141, 0.5525344055175782, [(7 31 7)-(12 26 16)-(12 33 5)-(1 29 10)]
0.7137, 0.5525371673583985, [(10 5 21)-(0 61 25)-(10 15 29)-(2 5 0)]
0.714, 0.5525317962646485, [(3 36 17)-(9 33 13)-(14 31 5)-(2 8 6)]
0.714, 0.5525326049804687, [(5 15 1)-(4 2 8)-(0 20 15)-(3 53 5)]
0.714, 0.5525317321777343, [(10 50 17)-(9 18 4)-(10 50 8)-(5 35 22)]
0.7087, 0.5484829162597655, [(10 14 26)-(2 4 10)-(14 42 10)-(7 31 26)]
0.714, 0.5525321411132813, [(3 21 15)-(2 25 4)-(11 33 11)-(15 51 11)]
0.714, 0.5525313415527344, [(4 47 27)-(1 22 29)-(1 22 16)-(15 41 9)]
0.714, 0.5525317291259766, [(13 24 16)-(1 18 7)-(4 62 13)-(3 30 29)]
0.714, 0.5510665649414063, [(9 17 26)-(9 43 17)-(14 62 12)-(13 13 13)]
0.714, 0.5525317565917969, [(13 26 7)-(7 52 17)-(13 2 6)-(14 38 7)]
0.714, 0.5525317077636719, [(12 43 10)-(0 24 10)-(2 41 17)-(3 17 0)]
0.714, 0.5525322235107422, [(0 34 25)-(7 58 0)-(8 48 14)-(9 5 12)]
0.714, 0.5525317291259766, [(8 53 17)-(11 39 21)-(12 62 24)-(1 60 23)]
0.714, 0.5525317230224609, [(1 42 25)-(14 6 28)-(1 47 29)-(3 34 19)]
0.714, 0.5525317260742187, [(3 34 8)-(7 42 31)-(8 12 6)-(1 4 28)]
0.7126, 0.5510130493164063, [(1 41 14)-(6 5 5)-(12 3 27)-(5 37 3)]
0.7142, 0.552610546875, [(8 59 23)-(11 11 28)-(13 58 14)-(4 19 23)]
0.714, 0.5525317291259766, [(3 15 6)-(4 36 18)-(5 26 2)-(14 17 22)]
0.714, 0.5525341278076172, [(10 29 9)-(6 19 14)-(8 10 9)-(13 33 19)]
0.714, 0.5525317230224609, [(15 58 11)-(10 61 10)-(13 26 18)-(14 42 9)]
0.7132000000000001, 0.5526037261962891, [(1 6 20)-(14 57 24)-(0 11 12)-(15 27 24)]
0.714, 0.5525290618896483, [(13 6 29)-(4 56 0)-(6 24 17)-(14 62 10)]
0.7133, 0.5536541442871095, [(11 12 21)-(12 17 21)-(9 48 16)-(2 27 20)]
0.7138, 0.5525907318115234, [(12 7 19)-(3 6 17)-(2 48 5)-(14 54 27)]
0.714, 0.5525317352294922, [(6 62 31)-(9 42 11)-(11 52 31)-(10 46 24)]
0.714, 0.5525317901611329, [(5 23 12)-(7 32 19)-(2 40 22)-(13 3 6)]
0.714, 0.5525317230224609, [(13 41 18)-(10 59 1)-(1 18 2)-(5 59 22)]
0.714, 0.5525317230224609, [(4 6 7)-(14 28 28)-(5 51 1)-(9 37 1)]
0.714, 0.5525317352294922, [(13 54 9)-(8 43 29)-(14 20 1)-(3 36 22)]
0.714, 0.5525317199707032, [(7 56 29)-(13 60 25)-(10 37 16)-(10 57 12)]
0.714, 0.5525317352294922, [(9 44 20)-(3 20 29)-(13 24 1)-(13 31 17)]
0.714, 0.5525317504882812, [(11 8 10)-(5 40 24)-(5 7 1)-(5 60 12)]
0.714, 0.5525317230224609, [(2 31 24)-(15 37 23)-(9 49 20)-(6 54 16)]
0.714, 0.5525305145263673, [(11 40 7)-(4 3 14)-(0 42 15)-(14 45 12)]
0.714, 0.5525317230224609, [(15 15 10)-(1 56 7)-(7 62 6)-(5 55 31)]
0.714, 0.552532406616211, [(4 39 8)-(1 10 4)-(8 41 16)-(9 20 13)]
0.714, 0.5525317260742187, [(0 56 20)-(14 55 13)-(13 20 30)-(8 13 14)]
0.714, 0.5525317260742187, [(2 34 3)-(3 58 22)-(15 42 23)-(2 41 30)]
0.714, 0.5525357177734376, [(9 9 3)-(7 12 17)-(12 48 21)-(13 14 19)]
0.714, 0.5525317321777343, [(13 33 2)-(4 32 24)-(13 16 12)-(15 27 20)]
0.7132000000000001, 0.5540023742675781, [(14 17 21)-(1 1 21)-(15 32 17)-(9 8 7)]
0.714, 0.5525339050292969, [(6 28 12)-(6 23 7)-(15 47 30)-(13 2 13)]
0.7133, 0.5525503204345703, [(8 37 18)-(10 28 16)-(11 28 20)-(0 2 14)]
0.7138, 0.5525275085449219, [(1 28 17)-(6 55 22)-(4 47 21)-(4 60 1)]
0.7134, 0.5524724182128906, [(6 20 21)-(4 1 12)-(8 31 22)-(15 41 9)]
0.714, 0.5525079193115234, [(13 25 29)-(14 37 23)-(7 23 20)-(10 9 0)]
0.7139, 0.5529697662353515, [(7 22 18)-(7 28 24)-(14 51 12)-(11 23 3)]
0.7139, 0.5524924530029297, [(0 37 26)-(9 33 7)-(9 61 13)-(4 6 20)]
0.714, 0.5525317199707032, [(3 45 2)-(11 48 3)-(13 50 17)-(3 21 0)]
0.6063000000000001, 0.0, [(5 13 7)-(13 25 19)-(4 61 11)-(7 18 30)]
0.7139, 0.5524246704101563, [(11 24 7)-(3 16 20)-(8 15 5)-(4 43 28)]
0.7075, 0.5504927673339843, [(1 25 25)-(0 26 2)-(0 59 7)-(8 23 5)]
0.7139, 0.5526081024169922, [(10 37 19)-(10 56 5)-(10 3 19)-(3 60 11)]
0.7137, 0.5524798065185548, [(14 41 6)-(11 25 21)-(6 39 5)-(5 48 7)]
0.7135, 0.5526201385498047, [(7 13 7)-(9 7 20)-(11 10 6)-(15 58 30)]
0.714, 0.5525393310546876, [(15 31 2)-(5 1 14)-(1 56 20)-(11 31 31)]
0.714, 0.5525317230224609, [(6 35 10)-(10 4 28)-(6 47 29)-(8 1 0)]
0.7131000000000001, 0.5524390411376954, [(3 8 21)-(14 16 3)-(8 24 5)-(12 41 17)]
0.714, 0.5525339294433593, [(3 58 10)-(2 1 11)-(6 18 0)-(11 4 11)]
0.7131, 0.5523412475585938, [(2 10 24)-(13 9 10)-(3 8 7)-(10 41 12)]
0.1051, 0.9954982116699219, [(10 1 16)-(2 61 4)-(8 12 30)-(6 37 24)]
0.6861999999999999, 0.5426117095947265, [(13 25 2)-(1 14 24)-(5 35 12)-(10 21 18)]
0.7139, 0.5525525390625, [(3 59 29)-(7 14 2)-(9 53 28)-(3 6 17)]
0.7134, 0.5511830017089844, [(15 11 6)-(0 54 27)-(4 17 26)-(8 59 10)]
0.714, 0.5525346923828125, [(0 29 17)-(14 26 0)-(8 37 18)-(4 38 8)]
0.714, 0.5525311187744141, [(10 62 14)-(4 34 30)-(1 41 9)-(2 24 13)]
0.714, 0.5525321868896484, [(10 41 29)-(10 21 16)-(10 55 9)-(8 52 0)]
0.714, 0.5525317291259766, [(15 16 24)-(12 47 22)-(15 32 6)-(4 35 16)]
0.1336, 0.0, [(3 15 29)-(1 27 26)-(0 57 27)-(6 9 30)]
0.7130000000000001, 0.5510531616210937, [(15 2 22)-(13 42 6)-(0 10 25)-(7 52 10)]
0.714, 0.55253173828125, [(0 36 6)-(6 61 14)-(4 30 26)-(5 29 6)]
0.714, 0.552531967163086, [(3 29 7)-(11 36 5)-(9 37 9)-(7 16 12)]
0.714, 0.552531771850586, [(5 3 11)-(4 46 8)-(15 39 1)-(8 49 6)]
0.7134, 0.5524852294921876, [(3 29 22)-(11 6 14)-(7 32 26)-(12 53 29)]
0.714, 0.5525310913085938, [(12 56 9)-(1 12 18)-(12 11 17)-(6 5 12)]
0.5052, 0.0, [(0 58 26)-(5 19 24)-(10 28 30)-(4 35 29)]
0.7065, 0.5423003479003907, [(4 59 17)-(12 14 26)-(14 44 13)-(5 31 3)]
0.7139, 0.5525156707763672, [(3 43 1)-(6 20 19)-(4 30 16)-(0 56 12)]
0.10869999999999999, 0.9967855255126954, [(2 46 20)-(2 14 20)-(10 5 30)-(0 57 24)]
0.714, 0.5525317260742187, [(12 62 21)-(8 58 20)-(15 31 16)-(9 34 9)]
0.714, 0.5525317138671875, [(5 41 3)-(14 59 18)-(4 40 27)-(4 31 28)]
0.714, 0.5525254119873046, [(3 15 5)-(1 58 9)-(4 3 17)-(5 17 7)]
0.6563, 0.5027348770141602, [(12 1 31)-(10 63 3)-(6 36 27)-(10 7 4)]
0.714, 0.5525317199707032, [(3 61 6)-(14 63 28)-(13 11 29)-(9 41 16)]
0.6985, 0.5385347534179687, [(5 35 16)-(6 5 17)-(12 1 7)-(4 26 31)]
0.714, 0.5525317108154297, [(12 52 6)-(2 56 2)-(4 31 3)-(15 41 26)]
0.714, 0.5525293029785157, [(14 33 1)-(5 11 14)-(1 45 6)-(14 16 22)]
0.7097, 0.5516751190185547, [(7 30 28)-(7 50 28)-(4 19 25)-(13 3 24)]
0.714, 0.5525780609130859, [(11 5 17)-(12 15 17)-(12 36 25)-(9 24 29)]
0.714, 0.5525317321777343, [(15 42 3)-(14 9 31)-(2 49 31)-(11 27 1)]
0.7141, 0.552571923828125, [(2 26 27)-(15 46 13)-(12 39 5)-(4 39 27)]
0.711, 0.5507473175048828, [(14 43 27)-(9 23 13)-(10 33 16)-(11 27 25)]
0.7141, 0.5530349975585938, [(12 36 8)-(5 0 17)-(9 17 28)-(7 61 22)]
0.714, 0.5525317443847656, [(12 5 4)-(8 31 16)-(3 46 11)-(8 49 30)]
0.7136, 0.5524705780029298, [(9 14 15)-(1 49 31)-(0 36 25)-(6 3 20)]
0.7141, 0.5524730194091797, [(7 21 8)-(8 18 6)-(9 56 17)-(8 10 20)]
0.714, 0.5525318054199219, [(9 16 10)-(14 60 1)-(10 60 8)-(0 58 19)]
0.7139, 0.5525296997070313, [(1 22 18)-(6 51 29)-(13 11 29)-(5 17 14)]
0.714, 0.55253173828125, [(3 59 0)-(9 46 13)-(0 43 7)-(10 11 6)]
0.7139, 0.5525357635498047, [(10 10 12)-(5 15 16)-(0 8 18)-(3 11 3)]
0.7145999999999999, 0.5527831176757813, [(13 5 2)-(13 59 10)-(3 5 28)-(2 17 20)]
0.7142, 0.5525231018066407, [(5 17 1)-(11 60 7)-(8 22 19)-(9 52 27)]
0.7138, 0.552594775390625, [(6 0 13)-(7 28 31)-(3 20 17)-(11 11 11)]
0.7136, 0.5524525390624999, [(5 43 10)-(5 29 13)-(10 17 31)-(0 47 17)]
0.40249999999999997, 0.0, [(8 46 12)-(2 52 31)-(11 6 30)-(15 30 21)]
0.7139, 0.5525267944335938, [(3 24 19)-(9 13 1)-(11 56 17)-(10 54 10)]
0.1062, 0.0, [(3 43 15)-(4 44 9)-(7 5 30)-(3 12 31)]
0.714, 0.5525317352294923, [(0 61 17)-(3 30 22)-(1 33 17)-(5 14 5)]
0.7136, 0.5525652740478515, [(6 17 7)-(7 32 12)-(14 55 26)-(5 22 21)]
0.7139, 0.5525463592529296, [(1 11 18)-(15 21 7)-(13 1 0)-(3 31 16)]
0.714, 0.5525310928344727, [(9 1 3)-(1 48 0)-(0 8 2)-(6 27 11)]
0.708, 0.5478922088623046, [(14 26 21)-(6 16 1)-(12 7 25)-(3 23 13)]
0.714, 0.5525310638427734, [(6 61 1)-(2 13 13)-(11 60 30)-(5 5 8)]
0.1307, 0.981131088256836, [(7 37 13)-(9 35 6)-(8 7 29)-(8 22 30)]
0.5593, 0.6280184539794922, [(7 38 12)-(6 0 28)-(4 2 2)-(7 32 13)]
0.7134, 0.5526465209960938, [(14 59 16)-(3 62 10)-(2 17 29)-(6 57 6)]
0.714, 0.5525317199707032, [(4 30 20)-(5 33 17)-(14 40 11)-(7 41 20)]
0.714, 0.5525317291259766, [(1 53 2)-(7 49 29)-(15 6 30)-(0 45 21)]
0.714, 0.5525317291259766, [(8 50 30)-(13 50 27)-(5 43 7)-(12 40 7)]
0.714, 0.5525317260742187, [(7 5 2)-(1 45 19)-(15 55 12)-(15 56 22)]
0.714, 0.5525325378417969, [(3 54 7)-(14 16 24)-(2 14 11)-(9 54 1)]
0.714, 0.5525317199707032, [(12 63 19)-(1 56 12)-(13 1 2)-(9 14 2)]
0.7139, 0.5525390869140625, [(10 55 9)-(12 54 6)-(11 21 27)-(7 43 28)]
0.714, 0.5525317169189453, [(9 5 3)-(4 57 2)-(0 40 9)-(2 53 28)]
0.714, 0.5525317260742187, [(4 44 6)-(7 30 17)-(4 35 15)-(9 58 23)]
0.6386000000000001, 0.4767458084106445, [(11 2 31)-(9 19 26)-(7 36 15)-(10 59 23)]
0.7128, 0.5529298522949219, [(7 61 1)-(7 10 29)-(11 14 24)-(6 21 3)]
0.7138, 0.5537148498535156, [(5 7 16)-(14 21 19)-(6 17 31)-(0 42 12)]
0.714, 0.5525367492675781, [(12 13 17)-(4 3 28)-(10 13 18)-(14 23 4)]
0.714, 0.5525317230224609, [(6 37 8)-(10 27 4)-(11 49 4)-(8 59 10)]
0.714, 0.5525317199707032, [(13 4 28)-(0 60 28)-(9 15 4)-(7 41 9)]
0.7138, 0.5554042724609375, [(13 25 28)-(6 19 31)-(12 45 20)-(9 29 8)]
0.714, 0.5525317230224609, [(15 7 16)-(11 41 4)-(14 57 18)-(4 25 6)]
0.714, 0.55253173828125, [(2 52 15)-(6 37 21)-(7 36 29)-(14 33 5)]
0.7123, 0.5541869140625, [(4 26 22)-(2 26 12)-(8 45 11)-(13 2 17)]
0.714, 0.5525317230224609, [(10 59 10)-(10 34 13)-(0 46 26)-(15 51 13)]
0.7066, 0.5477079345703125, [(2 50 11)-(0 62 21)-(6 16 5)-(9 8 25)]
0.714, 0.5525441497802734, [(12 34 12)-(11 20 17)-(10 53 28)-(0 12 9)]
0.7147, 0.5495922180175781, [(5 8 14)-(9 49 25)-(5 25 25)-(9 35 19)]
0.714, 0.5525317199707032, [(15 37 20)-(2 35 23)-(5 41 9)-(5 20 8)]
0.7141, 0.5525506591796875, [(6 25 13)-(2 38 17)-(9 53 0)-(12 15 16)]
0.714, 0.55253173828125, [(0 31 6)-(5 38 11)-(15 18 16)-(5 62 22)]
0.7127, 0.5528852325439453, [(2 42 12)-(5 20 28)-(5 61 17)-(5 3 24)]
0.714, 0.5525317260742187, [(4 21 0)-(15 12 1)-(9 32 28)-(4 30 27)]
0.714, 0.5525317169189453, [(8 49 0)-(15 15 2)-(15 24 11)-(12 10 10)]
0.7138, 0.5525536956787109, [(6 45 27)-(7 20 28)-(10 48 3)-(15 1 3)]
0.714, 0.5525317321777343, [(8 44 7)-(0 20 5)-(4 24 1)-(15 21 24)]
0.714, 0.5525317138671875, [(13 59 15)-(15 45 9)-(5 52 5)-(13 60 7)]
0.714, 0.5525317291259766, [(5 44 24)-(11 34 13)-(11 7 1)-(6 48 23)]
0.714, 0.5525279907226562, [(9 27 16)-(14 6 25)-(8 36 7)-(3 54 21)]
0.714, 0.5525327606201171, [(1 10 5)-(9 39 7)-(13 39 17)-(12 28 20)]
0.714, 0.5525317291259766, [(12 6 0)-(10 24 7)-(14 42 17)-(2 43 8)]
0.714, 0.5525317291259766, [(15 54 4)-(5 22 7)-(12 49 24)-(13 49 22)]
0.714, 0.5525317413330078, [(2 58 23)-(5 34 17)-(6 46 15)-(14 18 9)]
0.7106, 0.5514276245117188, [(6 6 1)-(5 15 20)-(7 14 26)-(2 21 28)]
0.714, 0.5525307922363281, [(15 4 4)-(14 9 29)-(15 6 19)-(0 19 14)]
0.7010000000000001, 0.5473244262695313, [(3 19 5)-(4 18 29)-(5 7 25)-(14 41 16)]
0.7131000000000001, 0.5528709838867187, [(7 52 6)-(4 17 28)-(15 35 23)-(5 46 3)]
0.7137, 0.5528143981933593, [(12 0 18)-(12 23 5)-(10 50 1)-(1 27 12)]
0.714, 0.5525317352294922, [(13 51 23)-(12 18 9)-(9 33 20)-(3 52 15)]
0.7121999999999999, 0.5503553741455078, [(1 12 17)-(6 9 13)-(11 8 31)-(10 25 11)]
0.7132000000000001, 0.5517114532470703, [(11 25 0)-(9 32 9)-(0 19 22)-(10 7 24)]
0.7139, 0.5523292205810546, [(14 61 22)-(9 3 7)-(6 28 22)-(9 36 31)]
0.7098, 0.5492000366210938, [(9 49 10)-(11 3 25)-(5 25 19)-(6 8 7)]
0.5743, 0.500465330505371, [(3 44 0)-(12 41 31)-(0 58 10)-(12 8 25)]
0.714, 0.5525317230224609, [(7 34 8)-(12 60 27)-(7 25 28)-(15 40 7)]
0.714, 0.5525317352294922, [(2 37 14)-(2 59 22)-(1 37 27)-(6 56 10)]
0.714, 0.5525317260742187, [(4 55 13)-(4 30 3)-(15 31 7)-(4 46 24)]
0.714, 0.5525332427978515, [(2 28 13)-(7 55 11)-(11 39 9)-(2 18 10)]
0.7131000000000001, 0.5542630065917968, [(14 15 6)-(15 23 14)-(9 13 23)-(7 6 18)]
