0.714, 0.5525596099853516, [(0 4 16)-(12 33 30)-(4 53 0)-(4 22 18)-(10 41 20)-(6 15 19)-(2 31 1)]
0.7126, 0.5528846405029297, [(12 54 3)-(5 38 19)-(12 47 25)-(2 60 5)-(15 1 21)-(11 1 21)-(4 39 9)]
0.1782, 0.0, [(3 18 16)-(6 61 13)-(14 51 25)-(7 31 2)-(9 57 16)-(10 27 30)-(6 55 26)]
0.6029, 0.5591819946289063, [(7 11 25)-(8 19 19)-(14 42 22)-(3 27 29)-(10 33 1)-(11 23 23)-(15 37 30)]
0.6433, 0.517878498840332, [(13 2 26)-(4 60 31)-(3 48 5)-(6 35 1)-(6 46 17)-(0 24 29)-(9 7 3)]
0.714, 0.5525317230224609, [(10 34 12)-(13 4 22)-(2 45 19)-(1 2 2)-(11 56 31)-(0 11 7)-(14 57 1)]
0.714, 0.5525317230224609, [(4 7 7)-(15 9 6)-(6 53 5)-(8 61 26)-(8 44 28)-(7 62 20)-(10 15 5)]
0.7138, 0.551671728515625, [(8 59 22)-(10 28 19)-(11 15 4)-(7 10 31)-(9 55 28)-(6 61 25)-(7 32 10)]
0.5488999999999999, 0.5577931457519532, [(1 49 11)-(5 22 30)-(13 59 10)-(5 5 13)-(8 40 3)-(1 38 0)-(8 3 8)]
0.1033, 0.0, [(6 61 6)-(7 38 7)-(5 60 23)-(5 63 20)-(3 0 30)-(2 21 11)-(10 50 0)]
0.0999, 0.0, [(0 19 25)-(11 48 22)-(2 29 29)-(5 24 14)-(11 1 30)-(2 52 3)-(15 10 22)]
0.2788, 0.0, [(5 26 30)-(8 21 23)-(14 19 19)-(6 23 9)-(1 25 12)-(3 35 14)-(9 5 29)]
0.714, 0.551899346923828, [(11 47 29)-(8 24 0)-(7 34 27)-(6 45 6)-(7 39 14)-(6 1 20)-(11 25 5)]
0.714, 0.5525317321777343, [(10 4 28)-(4 42 2)-(13 27 29)-(3 11 7)-(7 56 1)-(1 39 9)-(11 40 7)]
0.714, 0.5525316894531249, [(12 24 11)-(12 8 6)-(10 36 30)-(6 1 6)-(5 37 13)-(15 12 4)-(15 6 1)]
0.714, 0.5525315673828125, [(7 41 3)-(14 16 9)-(13 3 28)-(11 58 23)-(6 24 13)-(15 32 2)-(9 17 2)]
0.714, 0.5525317260742187, [(14 38 20)-(2 63 27)-(15 26 0)-(15 41 4)-(7 16 5)-(12 32 1)-(8 43 1)]
0.714, 0.5525312408447266, [(15 13 16)-(8 1 15)-(14 57 13)-(11 24 28)-(4 60 9)-(5 12 29)-(11 35 12)]
0.1007, 0.0, [(4 18 3)-(4 26 21)-(15 0 30)-(13 21 15)-(9 39 22)-(9 17 25)-(13 49 3)]
0.7136, 0.5525324768066406, [(5 3 6)-(2 32 29)-(1 26 19)-(5 23 4)-(11 34 24)-(8 40 22)-(14 8 5)]
0.1688, 0.4301510711669922, [(2 12 22)-(14 16 10)-(0 43 16)-(8 8 30)-(11 10 5)-(2 34 29)-(10 58 14)]
0.7117, 0.5427414978027344, [(12 24 26)-(3 5 7)-(15 44 17)-(9 23 0)-(11 17 16)-(0 29 26)-(13 2 7)]
0.7118, 0.5516776184082031, [(12 34 6)-(3 17 26)-(2 27 11)-(14 56 18)-(3 50 13)-(2 8 19)-(9 22 20)]
0.7139, 0.5525284362792968, [(15 48 16)-(8 15 9)-(6 52 21)-(0 49 20)-(11 10 5)-(10 44 16)-(1 22 18)]
0.7142, 0.5489311431884766, [(15 39 10)-(11 11 31)-(9 8 17)-(13 7 19)-(11 15 21)-(6 35 21)-(9 37 31)]
0.714, 0.5525317016601563, [(15 28 3)-(15 56 31)-(1 24 9)-(1 56 8)-(3 32 26)-(10 45 28)-(7 45 12)]
0.714, 0.5525317230224609, [(9 47 9)-(10 47 1)-(0 41 9)-(11 59 15)-(8 58 25)-(14 32 7)-(9 32 12)]
0.714, 0.5526023834228515, [(7 47 22)-(13 61 0)-(10 29 18)-(2 3 15)-(11 35 5)-(10 26 8)-(2 21 17)]
0.7141, 0.5525977722167968, [(4 52 23)-(0 0 14)-(12 30 24)-(2 27 13)-(12 22 9)-(15 33 28)-(7 56 6)]
0.7117, 0.5517043762207031, [(1 52 2)-(15 29 23)-(15 40 1)-(5 5 31)-(0 40 29)-(10 5 6)-(0 30 2)]
0.0785, 0.0, [(10 24 25)-(1 23 30)-(1 35 16)-(10 20 5)-(6 17 3)-(1 1 14)-(6 15 4)]
0.46040000000000003, 0.6917510620117188, [(5 15 18)-(4 19 24)-(2 23 24)-(2 23 3)-(5 27 26)-(1 26 2)-(0 23 5)]
0.714, 0.5525317230224609, [(3 31 20)-(12 36 7)-(15 54 11)-(15 50 0)-(15 47 8)-(4 31 12)-(0 46 9)]
0.714, 0.552518212890625, [(9 45 25)-(13 22 4)-(2 11 16)-(9 33 28)-(4 23 0)-(7 57 2)-(6 20 17)]
0.1, 0.0, [(0 58 13)-(2 48 1)-(11 0 30)-(2 61 18)-(7 13 12)-(11 32 26)-(1 28 31)]
0.7118, 0.5508543060302734, [(1 53 22)-(13 3 28)-(13 14 30)-(0 18 24)-(15 53 12)-(1 63 19)-(14 12 10)]
0.3413, 0.639543637084961, [(9 42 5)-(9 48 17)-(7 51 11)-(13 34 0)-(12 5 5)-(9 0 31)-(15 0 26)]
0.7098, 0.545538314819336, [(0 18 25)-(14 10 23)-(14 36 0)-(14 28 7)-(11 31 22)-(14 59 16)-(7 26 4)]
0.09179999999999999, 0.0, [(5 4 12)-(6 10 23)-(7 28 21)-(12 18 30)-(6 12 23)-(1 29 13)-(5 36 24)]
0.7139, 0.5525038543701172, [(6 41 5)-(2 5 16)-(8 5 29)-(3 52 0)-(8 22 28)-(14 22 11)-(2 24 18)]
0.714, 0.5525337890625, [(15 33 24)-(10 28 2)-(5 15 29)-(4 18 17)-(11 11 7)-(15 34 13)-(5 23 29)]
0.0996, 0.0, [(4 26 14)-(5 26 29)-(4 62 5)-(3 13 14)-(13 0 30)-(15 39 28)-(11 27 21)]
0.714, 0.5525319915771485, [(8 7 7)-(8 34 11)-(2 57 18)-(11 32 28)-(4 39 15)-(5 38 19)-(8 17 11)]
0.7035, 0.5524450897216797, [(2 3 28)-(8 14 27)-(7 39 4)-(2 26 26)-(8 12 26)-(15 22 6)-(11 6 24)]
0.7142999999999999, 0.553067626953125, [(5 3 23)-(0 12 29)-(7 23 31)-(3 5 19)-(7 49 21)-(15 41 25)-(6 16 23)]
0.7069000000000001, 0.5487340026855468, [(12 54 22)-(10 11 26)-(5 25 16)-(14 51 9)-(1 1 17)-(9 27 8)-(0 61 19)]
0.1449, 0.0, [(15 19 14)-(11 5 29)-(0 59 1)-(4 16 24)-(0 50 21)-(10 52 20)-(9 25 30)]
0.7137, 0.5524857299804687, [(11 22 11)-(1 41 5)-(3 37 23)-(9 8 7)-(0 21 18)-(6 35 9)-(7 41 13)]
0.714, 0.5529209503173829, [(10 53 24)-(13 11 24)-(0 62 30)-(10 5 3)-(9 63 24)-(10 11 21)-(9 1 10)]
0.7139, 0.552532080078125, [(12 39 21)-(15 51 31)-(0 5 17)-(11 58 22)-(9 39 26)-(14 3 9)-(9 51 21)]
0.6154999999999999, 0.6093141448974609, [(7 54 26)-(13 52 3)-(1 0 27)-(2 38 10)-(9 52 11)-(10 22 17)-(8 5 12)]
0.714, 0.5525320770263672, [(1 3 0)-(4 40 7)-(0 22 15)-(14 11 19)-(6 20 10)-(15 19 17)-(5 47 2)]
0.7073, 0.5508526397705078, [(3 36 30)-(9 46 26)-(4 60 11)-(4 39 21)-(1 31 6)-(10 32 29)-(11 8 26)]
0.7139, 0.5526049926757812, [(12 50 19)-(12 54 22)-(15 40 24)-(0 22 22)-(4 38 25)-(13 10 2)-(12 52 28)]
0.7127, 0.5536873229980468, [(0 44 15)-(1 5 4)-(9 14 5)-(5 17 26)-(8 25 5)-(10 22 17)-(14 6 11)]
0.6974, 0.5504310760498047, [(2 43 21)-(14 60 22)-(4 44 7)-(15 33 12)-(11 25 17)-(1 9 17)-(3 25 25)]
0.7025, 0.5371107559204101, [(12 26 26)-(13 25 18)-(2 40 20)-(10 25 10)-(10 48 16)-(12 47 15)-(1 5 17)]
0.7142999999999999, 0.5523340270996093, [(12 12 1)-(15 10 10)-(14 48 10)-(12 10 27)-(2 31 3)-(14 0 7)-(11 56 29)]
0.7109000000000001, 0.5514652618408202, [(0 8 15)-(4 9 15)-(4 5 26)-(6 16 1)-(11 30 17)-(6 23 19)-(9 32 0)]
0.0926, 0.0, [(12 10 26)-(14 26 7)-(7 40 18)-(3 15 29)-(9 51 31)-(12 2 30)-(5 30 13)]
0.7137, 0.5525218566894531, [(4 44 29)-(8 29 6)-(5 14 8)-(7 9 2)-(1 1 16)-(5 11 19)-(11 51 1)]
0.0939, 0.0, [(3 41 23)-(6 55 15)-(7 55 6)-(14 15 9)-(5 49 3)-(10 57 28)-(11 17 30)]
0.7133, 0.5523676116943359, [(7 51 17)-(3 24 23)-(11 43 2)-(7 41 19)-(11 63 17)-(0 62 24)-(4 44 22)]
0.7115, 0.5519989013671875, [(13 14 5)-(0 25 15)-(4 9 0)-(1 29 3)-(5 36 20)-(7 3 25)-(10 38 23)]
0.7141, 0.552558447265625, [(1 13 13)-(13 38 27)-(14 50 21)-(6 49 2)-(6 24 10)-(5 54 22)-(11 3 20)]
0.5131, 0.4592847869873047, [(0 40 11)-(9 22 24)-(6 25 25)-(4 46 20)-(9 53 13)-(3 1 31)-(12 21 17)]
0.714, 0.5525317291259766, [(6 15 8)-(14 7 12)-(2 35 26)-(8 15 8)-(5 30 9)-(15 44 28)-(7 47 12)]
0.7142, 0.5526288940429688, [(12 30 19)-(1 56 29)-(13 63 7)-(7 58 27)-(14 35 13)-(11 19 21)-(14 6 25)]
0.14679999999999999, 0.9568498657226563, [(11 51 1)-(5 56 19)-(6 3 0)-(3 59 24)-(4 13 30)-(6 23 18)-(3 31 0)]
0.7133, 0.5526271331787109, [(3 57 15)-(2 36 1)-(5 61 28)-(7 6 7)-(6 63 12)-(5 38 18)-(11 8 22)]
0.714, 0.5525318359375, [(1 41 6)-(15 5 14)-(6 52 8)-(5 45 23)-(12 24 14)-(10 59 30)-(10 5 6)]
0.714, 0.5525276123046875, [(14 18 20)-(6 22 16)-(1 43 27)-(10 26 3)-(1 18 11)-(10 27 6)-(12 21 2)]
0.714, 0.5525317138671875, [(15 15 23)-(12 55 7)-(8 43 26)-(2 42 13)-(4 8 12)-(3 45 12)-(13 55 24)]
0.6731, 0.5765174713134766, [(12 53 24)-(12 33 27)-(2 36 18)-(13 26 19)-(5 35 11)-(14 0 28)-(13 39 27)]
0.7141, 0.5526035369873047, [(12 9 21)-(7 28 6)-(4 16 10)-(8 13 7)-(12 2 5)-(14 51 29)-(2 15 28)]
0.7136, 0.5525151519775391, [(1 26 27)-(0 18 9)-(5 1 13)-(9 53 13)-(6 46 24)-(4 33 12)-(3 35 18)]
0.715, 0.5530676452636718, [(4 40 14)-(11 31 1)-(2 27 4)-(5 60 23)-(15 34 0)-(6 28 28)-(3 19 24)]
0.7129, 0.5528574157714843, [(7 15 4)-(14 26 11)-(0 63 10)-(12 7 23)-(8 58 4)-(9 62 11)-(4 30 27)]
0.7139, 0.5524562286376953, [(6 2 20)-(8 27 29)-(2 52 19)-(9 35 30)-(11 30 10)-(15 55 20)-(3 33 1)]
0.714, 0.5525300354003906, [(15 21 9)-(7 44 6)-(13 13 8)-(4 6 13)-(2 5 12)-(15 56 23)-(2 11 13)]
0.7134, 0.5525819305419921, [(10 37 12)-(12 19 18)-(2 47 18)-(9 61 22)-(9 28 19)-(13 34 30)-(1 26 12)]
0.7136, 0.5525307586669922, [(14 20 16)-(15 42 13)-(2 53 20)-(5 8 18)-(13 11 3)-(4 54 7)-(3 20 8)]
0.7124, 0.552845458984375, [(7 6 3)-(14 59 2)-(6 2 5)-(13 4 11)-(11 12 22)-(12 16 5)-(6 21 5)]
0.5370999999999999, 0.5332579223632812, [(4 36 5)-(10 28 16)-(6 50 2)-(8 47 27)-(9 1 24)-(6 28 2)-(15 51 5)]
0.714, 0.5525318298339843, [(14 31 17)-(11 43 19)-(7 52 2)-(11 30 13)-(7 45 28)-(8 1 11)-(15 49 9)]
0.7078, 0.5571113708496094, [(1 57 0)-(13 22 14)-(13 16 5)-(12 18 20)-(6 9 25)-(10 32 29)-(4 43 16)]
0.714, 0.5525323547363281, [(6 38 30)-(14 8 24)-(12 59 1)-(9 7 13)-(6 58 24)-(2 46 24)-(13 13 7)]
0.714, 0.5526290634155273, [(10 6 20)-(15 51 27)-(5 59 5)-(9 7 16)-(0 36 2)-(0 61 15)-(0 61 6)]
0.7117, 0.5484169189453125, [(2 48 17)-(1 38 15)-(15 26 16)-(11 47 21)-(0 34 30)-(2 36 31)-(10 20 26)]
0.7135, 0.5525404083251952, [(3 1 27)-(9 34 7)-(2 17 1)-(4 7 7)-(10 38 21)-(10 9 11)-(14 48 5)]
0.7134, 0.5525888977050781, [(12 1 10)-(2 55 27)-(5 52 9)-(4 20 19)-(15 62 19)-(5 14 19)-(9 22 17)]
0.5855, 0.46881221160888675, [(12 20 6)-(5 36 14)-(10 35 7)-(7 20 22)-(6 1 24)-(1 13 23)-(9 22 23)]
0.714, 0.5525316589355469, [(7 32 14)-(4 13 14)-(4 37 18)-(1 4 10)-(2 33 10)-(7 25 8)-(7 63 7)]
0.7139, 0.5524506469726562, [(7 61 19)-(5 36 21)-(6 22 27)-(3 15 15)-(8 58 23)-(13 62 7)-(0 24 3)]
0.714, 0.5525317169189453, [(2 58 8)-(14 24 20)-(12 45 7)-(8 50 29)-(15 34 22)-(13 8 8)-(8 43 22)]
0.7141, 0.552495474243164, [(0 41 15)-(6 36 18)-(13 7 1)-(5 12 1)-(0 36 27)-(2 34 9)-(11 24 27)]
0.7082, 0.5468950439453125, [(3 17 9)-(2 37 29)-(2 42 29)-(5 49 6)-(13 33 29)-(11 9 25)-(2 33 9)]
0.714, 0.5525317169189453, [(7 33 27)-(11 25 3)-(6 34 16)-(5 50 18)-(0 41 24)-(7 53 14)-(14 10 16)]
0.714, 0.5525317291259766, [(1 42 0)-(10 16 2)-(0 50 30)-(13 13 22)-(2 36 30)-(9 42 18)-(14 59 22)]
0.7121, 0.5553103668212891, [(5 42 14)-(6 4 31)-(14 46 25)-(1 56 4)-(4 8 18)-(5 29 19)-(10 52 10)]
0.714, 0.552533724975586, [(15 35 1)-(8 9 15)-(7 7 29)-(13 54 22)-(13 47 18)-(11 59 23)-(9 20 13)]
0.7142999999999999, 0.5524378784179688, [(8 62 13)-(15 15 21)-(5 22 9)-(3 63 27)-(12 5 27)-(13 48 22)-(2 42 28)]
0.1051, 0.9954979553222656, [(8 12 30)-(3 37 19)-(12 5 13)-(13 62 21)-(11 33 21)-(5 50 23)-(3 44 17)]
0.714, 0.5525317138671875, [(10 17 7)-(3 49 1)-(4 32 31)-(10 36 25)-(7 37 2)-(0 16 5)-(1 7 1)]
0.714, 0.5525317291259766, [(13 25 10)-(12 39 17)-(5 61 13)-(5 61 1)-(3 51 8)-(15 45 24)-(3 40 4)]
0.714, 0.5525314697265625, [(5 59 15)-(8 59 1)-(7 63 11)-(13 8 6)-(12 29 14)-(7 9 0)-(2 10 7)]
0.1, 0.0, [(8 24 29)-(3 41 17)-(3 63 11)-(9 57 28)-(11 51 3)-(3 1 30)-(0 59 16)]
0.714, 0.5525317199707032, [(12 7 29)-(2 6 5)-(15 44 22)-(6 17 5)-(10 2 0)-(2 33 14)-(13 42 24)]
0.7141, 0.5525514404296875, [(10 32 6)-(9 12 9)-(12 15 16)-(10 30 17)-(7 40 14)-(15 10 29)-(2 46 24)]
0.7133, 0.5525748382568358, [(13 52 15)-(14 56 30)-(9 24 14)-(7 5 22)-(1 20 3)-(8 3 21)-(14 18 27)]
0.7139, 0.5525922546386719, [(2 44 18)-(7 13 31)-(4 43 17)-(12 55 17)-(0 43 31)-(0 33 30)-(15 22 28)]
0.7139, 0.5525348510742187, [(14 45 17)-(9 48 26)-(9 14 18)-(14 50 28)-(3 32 2)-(7 2 2)-(12 52 17)]
0.714, 0.5525317230224609, [(11 51 16)-(3 41 1)-(6 24 3)-(12 62 22)-(2 8 3)-(8 29 3)-(2 24 8)]
0.7135, 0.552103271484375, [(7 4 24)-(13 14 1)-(6 8 15)-(5 30 0)-(11 9 0)-(14 18 22)-(15 31 6)]
0.7141, 0.5525582733154297, [(3 63 1)-(1 17 11)-(7 1 13)-(1 9 17)-(3 52 6)-(0 36 15)-(7 33 17)]
0.714, 0.552531463623047, [(12 29 14)-(2 23 3)-(10 58 6)-(0 46 28)-(13 55 24)-(8 32 12)-(14 50 20)]
0.7142, 0.5523158294677735, [(0 23 8)-(14 28 20)-(12 56 5)-(4 36 14)-(9 38 11)-(8 29 22)-(1 21 13)]
0.5691999999999999, 0.0, [(3 19 21)-(11 49 12)-(13 41 4)-(11 35 3)-(13 11 18)-(1 44 7)-(6 14 30)]
0.7021, 0.5456868499755859, [(3 9 26)-(9 17 16)-(12 44 10)-(1 39 7)-(8 48 30)-(15 19 27)-(0 27 6)]
0.7139, 0.5525342681884766, [(9 46 0)-(7 59 10)-(4 25 4)-(9 8 20)-(13 30 17)-(9 63 14)-(5 28 13)]
0.5672, 0.5789369903564454, [(3 34 9)-(6 51 27)-(3 36 8)-(15 51 9)-(14 34 1)-(5 1 24)-(1 8 28)]
0.7139, 0.5525692337036132, [(6 10 28)-(2 55 22)-(13 2 17)-(2 41 11)-(12 36 22)-(11 50 9)-(4 49 6)]
0.7128, 0.5523232360839844, [(4 25 9)-(7 16 27)-(0 6 27)-(12 36 0)-(3 36 23)-(12 26 11)-(3 11 19)]
0.714, 0.5525317260742187, [(14 36 23)-(2 47 17)-(2 63 12)-(3 55 4)-(13 48 1)-(9 15 6)-(14 50 12)]
0.714, 0.5525258514404296, [(2 23 16)-(8 58 15)-(5 38 16)-(9 27 8)-(1 25 29)-(11 51 6)-(1 61 22)]
0.714, 0.55253173828125, [(0 34 9)-(4 8 5)-(2 29 29)-(8 60 20)-(12 53 14)-(12 50 19)-(11 53 28)]
0.5513, 0.5550639129638673, [(0 56 4)-(3 40 5)-(7 20 25)-(5 43 26)-(13 8 28)-(14 15 0)-(4 23 2)]
0.7125999999999999, 0.5531680114746094, [(10 35 9)-(4 44 30)-(10 3 22)-(9 39 18)-(6 6 4)-(8 31 8)-(11 9 6)]
0.7096, 0.5466817962646484, [(1 51 9)-(4 3 25)-(15 34 0)-(8 18 14)-(13 47 3)-(15 63 16)-(8 25 16)]
0.714, 0.5525313980102539, [(9 23 14)-(3 5 12)-(0 40 12)-(8 35 17)-(1 13 12)-(4 55 10)-(4 37 0)]
0.7129, 0.552387222290039, [(3 34 21)-(12 55 6)-(10 51 23)-(10 13 23)-(1 8 17)-(1 28 21)-(6 22 15)]
0.714, 0.5524513580322266, [(10 62 2)-(14 22 21)-(11 46 27)-(13 39 27)-(15 36 30)-(2 11 19)-(8 25 0)]
0.7099, 0.5496360809326172, [(8 50 7)-(1 10 2)-(0 59 6)-(5 25 26)-(6 39 12)-(9 39 26)-(4 10 28)]
0.6997, 0.5602180847167969, [(2 63 12)-(8 10 10)-(3 25 27)-(10 33 8)-(1 39 16)-(6 3 23)-(15 59 12)]
0.714, 0.552533090209961, [(2 25 0)-(11 55 20)-(9 29 0)-(13 24 31)-(2 44 18)-(0 17 12)-(1 51 1)]
0.6483, 0.5088830307006835, [(13 6 0)-(8 41 7)-(14 28 14)-(4 5 11)-(13 20 25)-(9 1 26)-(9 19 23)]
0.714, 0.5525315002441407, [(0 44 4)-(7 28 5)-(6 16 13)-(7 53 24)-(14 7 3)-(8 50 31)-(15 12 11)]
0.7139, 0.5526448150634766, [(7 28 0)-(9 35 11)-(6 5 10)-(2 40 29)-(0 43 3)-(8 26 23)-(13 24 9)]
0.7131000000000001, 0.5529078674316407, [(9 28 4)-(4 36 0)-(1 7 16)-(12 44 23)-(11 1 8)-(2 28 27)-(2 4 28)]
0.7083999999999999, 0.548535986328125, [(11 27 25)-(3 22 26)-(13 18 3)-(5 33 2)-(11 0 11)-(12 52 19)-(14 24 15)]
0.714, 0.5525333007812501, [(9 43 24)-(6 45 1)-(14 21 16)-(0 32 25)-(15 62 11)-(1 5 17)-(13 55 15)]
0.7116, 0.5535365936279297, [(0 9 16)-(5 13 3)-(8 5 24)-(12 41 14)-(13 45 21)-(2 10 28)-(15 8 18)]
0.714, 0.5525317443847656, [(15 21 30)-(0 34 13)-(0 61 16)-(12 37 29)-(1 63 25)-(7 6 1)-(3 13 9)]
0.687, 0.5448157211303711, [(0 59 11)-(3 32 24)-(15 8 9)-(15 36 14)-(6 43 7)-(10 5 6)-(8 23 26)]
0.7136, 0.5528275573730469, [(9 28 23)-(8 6 4)-(7 51 26)-(9 45 17)-(8 18 10)-(1 3 13)-(0 30 17)]
0.0989, 0.45, [(11 26 23)-(6 63 10)-(0 19 30)-(10 19 28)-(15 18 14)-(5 25 0)-(2 63 26)]
0.7139, 0.5525282440185546, [(13 39 13)-(2 7 14)-(7 3 25)-(1 29 19)-(7 3 2)-(14 60 15)-(10 50 25)]
0.714, 0.5525329040527344, [(7 1 12)-(6 11 8)-(6 39 10)-(1 26 4)-(2 37 12)-(15 2 27)-(6 14 3)]
0.7141, 0.5525311065673828, [(3 28 2)-(12 60 23)-(7 31 18)-(5 13 19)-(0 19 7)-(2 15 8)-(9 29 13)]
0.1467, 0.0, [(6 36 12)-(7 41 11)-(0 44 27)-(6 50 17)-(10 3 25)-(11 63 13)-(1 21 30)]
0.714, 0.55253095703125, [(8 31 14)-(13 46 29)-(7 44 1)-(12 61 21)-(13 15 28)-(5 7 16)-(5 36 19)]
0.7117, 0.5484168914794922, [(8 33 29)-(0 25 9)-(6 11 9)-(4 0 4)-(7 23 2)-(10 20 26)-(12 52 20)]
0.7094, 0.5451856231689454, [(12 29 24)-(5 60 4)-(10 35 13)-(3 3 9)-(1 48 9)-(6 19 10)-(0 18 25)]
0.714, 0.5525317260742187, [(10 39 27)-(0 21 6)-(12 50 19)-(10 49 22)-(2 18 2)-(8 4 28)-(6 35 7)]
0.714, 0.5525288726806641, [(14 52 15)-(0 56 5)-(4 20 6)-(15 16 21)-(12 11 0)-(13 38 27)-(7 2 16)]
0.7151000000000001, 0.5516924102783203, [(14 8 8)-(12 24 24)-(14 6 20)-(11 18 31)-(8 17 2)-(8 55 12)-(9 37 3)]
0.714, 0.5525317291259766, [(3 16 0)-(7 62 3)-(7 13 7)-(1 30 28)-(9 12 29)-(2 43 9)-(4 19 3)]
0.714, 0.5525317352294922, [(3 45 17)-(0 45 7)-(7 4 11)-(8 25 3)-(1 62 29)-(13 20 21)-(0 38 17)]
0.7029000000000001, 0.5512454895019532, [(14 24 11)-(14 60 13)-(6 57 7)-(11 37 18)-(8 27 24)-(0 35 2)-(6 57 4)]
0.7139, 0.5525454406738282, [(1 15 28)-(0 32 17)-(0 2 14)-(15 38 18)-(1 32 30)-(5 43 20)-(8 51 5)]
0.7131000000000001, 0.5499140533447265, [(10 13 6)-(14 22 2)-(4 28 20)-(1 23 3)-(12 4 7)-(13 24 13)-(4 23 31)]
0.6731, 0.5327019470214844, [(4 60 29)-(7 49 14)-(9 58 21)-(5 17 25)-(0 9 3)-(1 58 27)-(8 7 13)]
0.7134, 0.5530426025390625, [(14 0 20)-(11 63 20)-(13 19 19)-(11 4 26)-(1 45 7)-(10 52 12)-(14 56 10)]
0.714, 0.5525317291259766, [(11 61 19)-(3 28 4)-(12 5 29)-(5 3 7)-(2 48 12)-(14 36 8)-(8 47 4)]
0.7134, 0.552680728149414, [(2 33 27)-(4 42 21)-(7 47 0)-(6 49 18)-(6 40 13)-(14 59 24)-(4 27 27)]
0.7089, 0.5484855743408203, [(7 27 24)-(15 29 25)-(3 3 31)-(10 30 24)-(2 62 17)-(9 25 3)-(4 9 5)]
0.714, 0.5525317230224609, [(4 62 24)-(12 46 17)-(1 61 19)-(3 26 7)-(12 58 3)-(7 61 28)-(10 34 5)]
0.7089, 0.5493436645507812, [(14 59 19)-(6 45 7)-(1 19 31)-(14 13 3)-(0 58 22)-(1 30 19)-(13 61 19)]
0.7121, 0.5584929290771484, [(0 58 18)-(15 36 17)-(2 21 23)-(10 50 22)-(5 44 0)-(1 28 5)-(3 42 7)]
0.714, 0.5525328704833985, [(8 50 29)-(3 33 28)-(11 4 16)-(7 63 30)-(13 54 0)-(8 19 12)-(5 57 23)]
0.7121999999999999, 0.5560085052490235, [(0 21 3)-(0 53 12)-(2 19 22)-(10 24 31)-(4 15 20)-(12 18 17)-(3 30 6)]
0.714, 0.5525338897705078, [(4 30 2)-(13 50 18)-(6 7 13)-(15 51 27)-(15 49 0)-(0 15 17)-(14 15 22)]
0.714, 0.5525306213378907, [(0 19 15)-(7 44 2)-(7 7 14)-(6 6 11)-(9 39 14)-(8 23 6)-(4 34 9)]
0.714, 0.5525316925048829, [(13 46 17)-(1 7 12)-(11 21 14)-(0 40 16)-(7 6 11)-(12 53 5)-(11 34 3)]
0.714, 0.5525317016601563, [(3 57 19)-(12 46 31)-(1 42 10)-(2 6 6)-(6 7 6)-(2 19 1)-(5 33 5)]
0.7043, 0.5520719451904297, [(6 8 21)-(10 12 21)-(4 7 16)-(8 58 6)-(7 51 13)-(9 7 24)-(15 36 2)]
0.7130000000000001, 0.5533918182373048, [(4 54 27)-(2 9 6)-(2 59 0)-(11 21 21)-(0 40 29)-(12 5 31)-(15 47 8)]
0.714, 0.5525317291259766, [(8 51 29)-(5 12 31)-(5 52 16)-(8 36 17)-(3 60 15)-(14 15 0)-(10 34 12)]
0.7009000000000001, 0.5461756561279296, [(0 23 19)-(1 21 15)-(0 34 20)-(0 23 1)-(13 59 6)-(0 11 24)-(4 21 23)]
0.7139, 0.5525973724365234, [(7 43 11)-(11 56 31)-(13 44 5)-(1 60 30)-(5 0 14)-(5 16 2)-(6 58 5)]
0.7126, 0.5527337615966796, [(7 53 27)-(14 9 24)-(5 15 24)-(12 33 5)-(12 60 4)-(13 0 5)-(9 30 0)]
0.714, 0.552533544921875, [(10 61 22)-(2 9 12)-(12 26 11)-(15 10 25)-(8 20 6)-(14 39 19)-(1 11 11)]
0.714, 0.5525319488525391, [(0 44 23)-(0 31 4)-(1 21 13)-(15 19 20)-(14 63 19)-(15 29 3)-(10 58 12)]
0.5433, 0.6626403442382813, [(7 52 7)-(3 20 16)-(13 55 15)-(8 24 25)-(8 26 25)-(0 3 28)-(9 9 11)]
0.7139, 0.5525387329101562, [(7 2 10)-(5 42 7)-(9 52 28)-(12 20 14)-(12 13 21)-(14 24 12)-(6 33 8)]
0.7045, 0.5525319244384765, [(8 7 8)-(11 21 26)-(12 33 21)-(8 48 10)-(4 60 13)-(15 35 10)-(7 14 24)]
0.714, 0.5525323883056641, [(15 15 18)-(10 6 13)-(7 34 1)-(1 59 6)-(0 35 19)-(4 51 23)-(6 59 16)]
0.714, 0.5525318450927734, [(11 55 30)-(13 23 18)-(10 48 23)-(9 40 14)-(11 19 11)-(5 56 24)-(14 32 29)]
0.714, 0.5525317169189452, [(1 48 11)-(5 60 8)-(3 52 27)-(9 39 17)-(10 34 27)-(13 43 17)-(6 53 2)]
0.5123, 0.5780967041015626, [(6 50 26)-(10 0 26)-(3 27 27)-(15 9 8)-(0 18 18)-(2 45 12)-(3 31 3)]
0.7138, 0.5519812957763672, [(4 16 31)-(7 26 8)-(13 57 27)-(8 57 30)-(14 26 28)-(15 6 15)-(3 31 29)]
0.7121999999999999, 0.5520304992675782, [(8 4 14)-(10 18 28)-(2 33 17)-(7 45 5)-(1 24 22)-(7 49 23)-(2 7 10)]
0.714, 0.5525317352294923, [(10 45 9)-(14 45 9)-(0 30 24)-(3 53 12)-(15 62 15)-(0 18 8)-(1 44 26)]
0.5817, 0.5023676651000977, [(5 1 18)-(1 43 21)-(12 36 31)-(3 17 20)-(8 3 15)-(8 1 24)-(12 6 20)]
0.714, 0.5525317291259766, [(13 32 5)-(13 33 1)-(14 52 3)-(7 45 29)-(1 35 8)-(2 32 20)-(9 33 8)]
0.714, 0.5525313842773438, [(5 32 4)-(6 34 2)-(9 9 14)-(13 48 13)-(15 24 30)-(13 55 21)-(10 47 30)]
0.7139, 0.5525490631103516, [(0 23 27)-(7 43 20)-(6 57 7)-(0 5 19)-(4 48 26)-(4 58 3)-(4 34 4)]
0.711, 0.5499995910644531, [(2 4 26)-(12 60 1)-(1 61 9)-(7 40 8)-(10 25 28)-(9 18 27)-(5 34 12)]
0.714, 0.5525317230224609, [(15 63 14)-(12 46 26)-(12 53 16)-(13 17 28)-(12 51 11)-(2 13 6)-(2 40 1)]
0.6622, 0.5375697052001953, [(8 52 24)-(5 6 24)-(0 40 25)-(5 38 18)-(9 21 11)-(0 43 31)-(14 44 12)]
0.714, 0.55253173828125, [(2 49 20)-(4 57 16)-(9 55 4)-(14 56 29)-(2 30 30)-(12 41 0)-(14 26 14)]
0.7112, 0.5510263000488281, [(1 19 23)-(7 50 18)-(13 15 18)-(5 5 31)-(6 30 11)-(4 17 23)-(15 13 27)]
0.714, 0.5525317230224609, [(8 52 20)-(13 41 12)-(2 49 28)-(2 34 27)-(6 3 2)-(11 24 9)-(10 55 7)]
0.714, 0.5525345245361328, [(4 34 11)-(11 57 12)-(12 10 3)-(14 7 3)-(14 56 14)-(14 11 13)-(10 18 16)]
0.714, 0.5525319915771485, [(9 52 14)-(7 48 4)-(3 23 14)-(6 12 8)-(11 31 14)-(1 61 9)-(15 5 23)]
0.7144999999999999, 0.5525670043945312, [(12 28 21)-(5 44 18)-(5 52 21)-(13 60 4)-(11 42 16)-(12 51 6)-(7 59 30)]
0.6838, 0.5342196350097657, [(10 29 1)-(2 39 17)-(4 40 17)-(12 2 23)-(9 21 30)-(1 21 1)-(1 27 11)]
0.714, 0.5525317230224609, [(10 51 30)-(13 11 24)-(15 43 9)-(7 51 8)-(1 39 12)-(11 30 29)-(0 53 12)]
0.7138, 0.5522734497070313, [(13 42 24)-(14 57 15)-(7 22 31)-(13 5 16)-(15 60 4)-(12 42 3)-(15 7 3)]
0.714, 0.5525311462402344, [(7 49 4)-(13 18 19)-(5 10 4)-(10 54 5)-(7 40 17)-(14 59 26)-(11 6 15)]
0.7135, 0.5525599639892578, [(5 15 27)-(8 55 17)-(10 11 14)-(0 38 13)-(11 39 5)-(14 43 21)-(8 18 12)]
0.7137, 0.5526970916748046, [(15 22 19)-(14 47 22)-(13 7 12)-(0 17 19)-(1 57 5)-(0 60 3)-(9 53 26)]
0.71, 0.5576037994384766, [(10 57 16)-(5 54 31)-(4 35 30)-(13 5 11)-(6 14 24)-(11 50 1)-(14 38 25)]
0.714, 0.552531768798828, [(2 32 3)-(13 7 28)-(0 27 7)-(1 16 17)-(4 20 1)-(4 2 6)-(9 48 13)]
0.714, 0.5525317657470703, [(14 29 27)-(6 44 3)-(14 41 23)-(14 9 1)-(6 19 8)-(10 45 11)-(13 37 14)]
0.7128, 0.5519475921630859, [(8 48 21)-(8 31 8)-(9 10 26)-(10 30 15)-(14 57 6)-(11 63 11)-(8 4 31)]
0.714, 0.552539340209961, [(4 10 24)-(1 43 14)-(14 56 25)-(13 4 28)-(0 41 17)-(2 38 26)-(10 13 12)]
0.7141, 0.5525223754882813, [(6 55 29)-(7 50 30)-(11 59 18)-(4 23 12)-(6 45 31)-(2 24 17)-(15 13 2)]
0.714, 0.5525314239501953, [(6 25 7)-(2 29 14)-(12 55 26)-(11 7 13)-(8 3 4)-(14 37 20)-(5 39 4)]
0.7129, 0.549918716430664, [(11 48 6)-(11 13 0)-(13 12 26)-(4 8 31)-(12 6 4)-(4 38 5)-(7 44 13)]
0.7112, 0.5515888610839843, [(13 20 25)-(10 43 22)-(6 56 8)-(3 15 24)-(10 32 3)-(7 56 14)-(13 35 13)]
0.7135, 0.5497079650878907, [(4 6 25)-(13 21 18)-(1 28 18)-(15 19 29)-(14 17 2)-(2 5 18)-(2 35 26)]
0.714, 0.5525315032958984, [(14 41 30)-(10 39 4)-(7 42 31)-(14 54 31)-(2 9 9)-(11 13 14)-(8 26 28)]
0.714, 0.5525322723388673, [(12 42 2)-(8 7 10)-(12 62 4)-(3 60 17)-(6 41 25)-(3 23 0)-(14 20 15)]
0.7139, 0.5518310333251952, [(0 34 9)-(15 11 13)-(6 47 23)-(15 24 14)-(6 10 31)-(6 18 10)-(14 62 7)]
0.714, 0.5525306488037109, [(14 40 13)-(13 40 16)-(2 11 13)-(7 7 6)-(3 27 4)-(12 52 4)-(7 57 17)]
0.714, 0.5525284820556641, [(0 6 7)-(14 42 2)-(9 23 17)-(11 50 25)-(10 51 9)-(12 34 15)-(6 30 27)]
0.7129000000000001, 0.5528211395263671, [(3 11 23)-(5 47 9)-(8 46 22)-(15 20 4)-(11 28 2)-(5 53 29)-(15 62 1)]
0.714, 0.5525317138671875, [(7 60 13)-(7 37 25)-(12 48 2)-(11 54 23)-(4 61 2)-(3 61 21)-(12 36 13)]
0.09179999999999999, 0.0, [(4 42 16)-(8 34 15)-(14 17 20)-(12 58 28)-(1 8 30)-(0 22 8)-(12 25 20)]
0.7137, 0.5525793304443359, [(8 19 8)-(3 20 19)-(13 51 9)-(3 57 3)-(1 33 30)-(12 35 20)-(2 16 28)]
0.6507000000000001, 0.5347492324829102, [(13 43 27)-(13 12 21)-(0 57 8)-(9 46 24)-(2 53 6)-(14 1 25)-(0 62 5)]
0.7139, 0.5524806915283202, [(3 22 15)-(2 58 28)-(2 12 18)-(3 13 10)-(14 21 4)-(7 10 9)-(3 6 9)]
0.6744, 0.48489736633300784, [(12 0 31)-(12 52 2)-(7 36 15)-(2 15 5)-(6 43 17)-(11 49 22)-(4 61 1)]
0.7142, 0.5525143707275391, [(13 11 16)-(11 22 21)-(3 37 15)-(11 60 1)-(7 9 9)-(15 16 1)-(13 14 16)]
0.7130000000000001, 0.552597772216797, [(8 12 8)-(3 19 6)-(10 4 29)-(1 10 13)-(10 21 31)-(1 36 1)-(9 19 1)]
0.7121999999999999, 0.5529882415771484, [(13 59 7)-(11 59 24)-(5 6 22)-(8 27 15)-(5 54 6)-(14 6 21)-(12 1 14)]
0.714, 0.5525317321777343, [(2 59 5)-(2 54 20)-(8 13 9)-(14 3 18)-(4 63 8)-(3 50 13)-(5 50 3)]
0.714, 0.5525317199707032, [(2 7 5)-(4 22 13)-(8 48 12)-(6 40 5)-(13 21 24)-(0 52 19)-(13 14 14)]
0.7139, 0.5525152526855469, [(15 52 24)-(3 24 6)-(7 12 12)-(10 50 1)-(6 40 1)-(7 36 20)-(10 16 19)]
0.7137, 0.5525487365722657, [(15 47 21)-(3 44 17)-(1 32 18)-(7 61 10)-(8 22 21)-(12 17 27)-(0 30 9)]
0.714, 0.5525321655273437, [(5 18 14)-(11 51 12)-(6 45 28)-(4 26 1)-(2 34 14)-(11 14 13)-(0 21 2)]
0.7103999999999999, 0.5483544219970704, [(15 23 13)-(4 28 31)-(7 34 10)-(6 59 4)-(7 19 29)-(9 8 2)-(0 32 31)]
0.6951, 0.5256455749511719, [(12 4 25)-(0 13 11)-(12 15 7)-(11 9 10)-(15 52 31)-(6 19 26)-(3 15 1)]
0.7137, 0.5525463195800782, [(14 28 15)-(11 62 18)-(5 6 15)-(11 2 14)-(4 13 20)-(13 19 18)-(8 59 4)]
0.714, 0.5525317230224609, [(5 8 3)-(6 9 2)-(7 50 11)-(14 50 3)-(13 46 31)-(7 54 13)-(15 59 9)]
0.714, 0.5525313690185547, [(3 45 11)-(5 35 17)-(4 56 4)-(14 32 27)-(15 39 28)-(12 53 21)-(0 21 11)]
0.714, 0.5525300079345703, [(2 37 12)-(1 26 15)-(11 55 11)-(11 44 14)-(1 44 31)-(15 62 26)-(0 54 24)]
0.714, 0.5525322326660156, [(9 27 4)-(11 1 11)-(6 61 25)-(11 59 9)-(2 19 5)-(6 20 13)-(2 34 20)]
0.7139, 0.5523095031738281, [(13 12 13)-(7 39 29)-(7 49 21)-(1 7 23)-(8 29 18)-(4 33 16)-(13 6 12)]
0.714, 0.5525320922851562, [(7 52 4)-(14 58 31)-(12 17 12)-(14 49 19)-(1 49 26)-(15 58 20)-(8 2 7)]
0.714, 0.5525317230224609, [(15 49 15)-(15 21 15)-(4 51 15)-(11 60 10)-(4 27 3)-(7 54 28)-(14 36 5)]
0.714, 0.5525418304443359, [(10 59 4)-(6 6 17)-(8 29 15)-(2 51 1)-(2 57 13)-(3 52 17)-(13 52 27)]
0.714, 0.5525316986083985, [(8 50 20)-(13 47 2)-(0 62 3)-(11 62 6)-(14 40 26)-(4 3 9)-(12 47 1)]
0.714, 0.5525317321777343, [(15 22 12)-(14 49 5)-(3 34 6)-(2 35 22)-(9 30 21)-(2 36 7)-(11 46 26)]
0.0996, 0.0, [(13 0 30)-(9 62 2)-(6 31 20)-(6 58 27)-(9 5 31)-(0 20 29)-(7 51 29)]
0.714, 0.5525317138671875, [(4 63 26)-(13 7 5)-(4 47 28)-(10 37 15)-(5 47 9)-(5 48 7)-(13 28 22)]
0.714, 0.55253173828125, [(7 52 0)-(7 19 9)-(4 63 30)-(3 35 26)-(10 40 4)-(4 31 3)-(2 38 23)]
0.714, 0.5525317413330078, [(3 30 3)-(8 31 8)-(2 26 7)-(9 54 20)-(13 42 19)-(4 58 16)-(15 23 13)]
0.7076, 0.5481024169921875, [(6 19 21)-(11 20 26)-(10 47 10)-(1 50 6)-(3 19 2)-(13 12 16)-(11 9 18)]
0.714, 0.5525630584716796, [(6 53 3)-(14 59 24)-(14 12 21)-(7 29 19)-(11 50 30)-(14 6 23)-(7 50 14)]
0.7116, 0.5507951690673828, [(12 45 1)-(12 9 5)-(10 29 19)-(4 43 30)-(4 38 18)-(7 13 25)-(1 36 31)]
0.7073, 0.5323753509521485, [(12 41 2)-(2 9 31)-(7 16 28)-(13 14 26)-(11 22 4)-(7 55 12)-(12 33 4)]
0.7133, 0.5526271240234375, [(13 60 20)-(4 47 0)-(6 56 14)-(3 9 1)-(14 26 11)-(5 56 1)-(11 8 22)]
0.714, 0.5525317260742187, [(7 62 30)-(4 56 16)-(1 36 22)-(13 60 26)-(6 26 29)-(7 41 30)-(15 29 13)]
0.714, 0.5525943969726562, [(1 11 17)-(3 53 31)-(10 8 20)-(1 43 20)-(11 33 0)-(12 34 3)-(3 22 2)]
0.7138, 0.5525112731933595, [(5 16 12)-(3 19 22)-(14 61 28)-(11 13 10)-(4 10 23)-(11 3 2)-(6 37 23)]
0.714, 0.5525318206787109, [(14 43 18)-(11 63 10)-(14 2 8)-(7 42 9)-(0 32 11)-(1 38 18)-(3 19 13)]
0.11069999999999999, 0.0, [(5 55 14)-(1 46 20)-(2 37 13)-(13 15 29)-(9 60 7)-(2 15 17)-(8 21 30)]
0.714, 0.5525317260742187, [(9 58 4)-(5 41 29)-(5 16 29)-(8 31 1)-(14 22 28)-(8 22 0)-(8 41 25)]
0.714, 0.5525312438964843, [(6 47 9)-(10 5 17)-(1 53 16)-(3 37 7)-(13 37 17)-(0 28 0)-(13 5 16)]
0.712, 0.5516993225097657, [(14 29 13)-(2 34 31)-(9 12 1)-(14 7 16)-(14 8 20)-(4 24 25)-(7 11 11)]
0.7138, 0.5525478240966797, [(7 62 20)-(5 17 29)-(10 12 4)-(0 5 29)-(1 7 28)-(4 3 14)-(8 21 19)]
0.714, 0.5525317260742187, [(4 36 6)-(0 38 4)-(0 33 1)-(0 53 22)-(6 45 12)-(15 20 2)-(12 37 27)]
0.714, 0.5525317413330078, [(1 56 0)-(7 44 15)-(0 55 23)-(2 14 28)-(6 46 17)-(12 20 5)-(10 48 5)]
0.7139, 0.5525322174072266, [(10 46 29)-(12 29 15)-(14 36 10)-(0 39 23)-(3 40 23)-(5 40 22)-(12 24 19)]
0.7141, 0.5525343566894532, [(6 32 6)-(8 50 26)-(12 26 16)-(3 38 11)-(0 7 15)-(8 62 31)-(15 50 10)]
0.1392, 0.0, [(13 28 1)-(14 0 19)-(10 34 2)-(1 20 30)-(0 17 13)-(9 42 20)-(5 34 22)]
0.7138, 0.5483029235839845, [(4 31 27)-(2 6 23)-(15 53 9)-(11 10 29)-(14 37 13)-(14 32 6)-(7 48 14)]
0.6967, 0.5577552276611328, [(7 46 29)-(8 28 22)-(11 43 27)-(14 10 27)-(0 0 22)-(2 22 25)-(8 60 7)]
0.714, 0.5525317291259766, [(0 12 13)-(13 54 0)-(0 11 5)-(10 47 5)-(12 38 4)-(9 61 29)-(14 24 18)]
0.714, 0.552535693359375, [(2 15 6)-(4 27 1)-(3 41 17)-(13 2 14)-(1 50 8)-(0 35 24)-(0 35 15)]
0.7035, 0.5411359878540039, [(13 24 8)-(15 57 27)-(14 25 27)-(13 16 27)-(8 30 3)-(15 24 28)-(8 10 25)]
0.7097, 0.5411637893676757, [(0 4 4)-(11 45 20)-(13 43 8)-(5 62 0)-(13 37 0)-(2 28 31)-(1 37 27)]
0.7132000000000001, 0.5525473999023438, [(2 23 21)-(11 18 12)-(12 13 31)-(15 28 31)-(3 43 0)-(4 52 21)-(10 49 17)]
0.714, 0.5525333251953125, [(10 32 6)-(9 59 5)-(9 18 14)-(8 31 15)-(10 55 0)-(11 53 6)-(8 38 31)]
0.7109000000000001, 0.5455379608154297, [(14 59 31)-(12 39 2)-(4 62 28)-(11 55 22)-(3 12 29)-(6 8 23)-(11 25 29)]
0.5722, 0.6278432067871094, [(12 24 18)-(4 2 26)-(10 8 0)-(10 47 22)-(12 49 25)-(0 20 28)-(1 25 18)]
0.7133, 0.552371240234375, [(3 21 16)-(11 10 7)-(7 15 14)-(5 27 3)-(3 24 23)-(4 57 10)-(0 29 17)]
0.1464, 0.0, [(3 34 28)-(1 34 0)-(3 36 24)-(13 2 29)-(9 35 11)-(5 20 30)-(4 38 2)]
0.7065, 0.5404671600341797, [(9 15 16)-(10 11 28)-(1 37 3)-(12 20 5)-(15 57 2)-(11 32 28)-(0 4 26)]
0.7117, 0.5528634002685546, [(12 28 24)-(11 60 20)-(14 21 30)-(2 54 18)-(12 30 19)-(13 56 27)-(13 38 30)]
0.714, 0.5525388763427734, [(8 19 17)-(13 13 20)-(12 28 6)-(9 48 22)-(5 46 26)-(6 28 14)-(2 39 11)]
0.7046, 0.548161441040039, [(3 32 20)-(11 48 16)-(14 14 29)-(2 34 27)-(12 19 17)-(10 9 25)-(5 23 9)]
0.7115, 0.5495664001464844, [(5 13 21)-(7 37 14)-(6 46 12)-(10 26 3)-(13 22 17)-(15 9 1)-(7 6 24)]
0.714, 0.5525389770507813, [(7 7 17)-(1 51 24)-(14 52 22)-(4 20 4)-(4 35 27)-(14 50 8)-(1 60 27)]
0.714, 0.55253173828125, [(0 38 4)-(8 41 7)-(7 4 7)-(10 12 0)-(12 35 7)-(6 36 27)-(10 5 8)]
0.7130000000000001, 0.5530889617919922, [(2 14 27)-(15 47 15)-(10 36 8)-(9 52 28)-(9 37 29)-(9 49 11)-(10 20 13)]
0.714, 0.5525317321777343, [(6 22 6)-(6 9 2)-(12 45 5)-(0 60 30)-(12 48 27)-(12 62 6)-(10 38 15)]
0.5745, 0.5004792739868165, [(5 15 0)-(12 8 25)-(7 17 19)-(3 33 21)-(7 42 24)-(14 34 20)-(8 30 0)]
0.7133, 0.5525060607910157, [(7 63 31)-(9 2 19)-(13 32 30)-(7 51 10)-(14 25 31)-(13 30 4)-(11 4 13)]
0.7138, 0.5522006072998047, [(4 15 28)-(3 22 3)-(9 12 11)-(7 29 17)-(2 5 2)-(13 15 15)-(5 20 22)]
0.0996, 0.0, [(5 62 24)-(0 25 7)-(7 41 25)-(15 47 15)-(12 0 1)-(0 22 7)-(13 0 30)]
0.714, 0.5526123504638671, [(2 37 0)-(2 39 5)-(11 40 10)-(14 62 10)-(14 2 18)-(7 55 5)-(9 35 28)]
0.6698, 0.5055701141357422, [(12 0 9)-(2 8 31)-(11 46 28)-(11 20 7)-(1 6 1)-(10 38 17)-(4 45 20)]
0.6932, 0.5397334060668946, [(5 32 28)-(13 45 18)-(0 18 20)-(12 18 2)-(15 61 6)-(3 27 11)-(5 14 25)]
0.5318, 0.582336996459961, [(4 60 31)-(15 26 20)-(15 27 28)-(14 15 20)-(7 39 8)-(12 19 29)-(13 0 24)]
0.714, 0.5525317749023437, [(14 9 6)-(7 25 11)-(9 51 23)-(14 32 28)-(2 54 17)-(11 20 2)-(0 58 31)]
0.6286, 0.6011644744873047, [(9 0 28)-(9 52 14)-(10 47 9)-(2 63 29)-(15 44 2)-(10 30 20)-(4 33 7)]
0.7137, 0.5521576843261718, [(6 15 18)-(6 48 13)-(3 15 4)-(3 1 2)-(6 60 0)-(4 10 27)-(10 16 15)]
0.5519000000000001, 0.6518461151123047, [(2 54 11)-(0 3 26)-(4 63 29)-(9 62 2)-(7 57 31)-(1 30 18)-(2 26 3)]
0.7134, 0.5491967407226563, [(6 8 10)-(14 58 5)-(2 24 26)-(11 49 27)-(11 16 9)-(14 21 6)-(9 58 8)]
0.7142, 0.554964894104004, [(0 49 28)-(4 2 21)-(4 0 17)-(3 2 8)-(6 4 17)-(3 0 12)-(0 58 15)]
0.7066, 0.5457212097167968, [(4 17 7)-(13 13 1)-(4 15 9)-(13 51 26)-(2 52 0)-(10 9 21)-(5 26 26)]
0.714, 0.5525317291259766, [(12 46 6)-(3 51 24)-(10 50 23)-(9 30 20)-(14 49 30)-(6 54 2)-(2 39 27)]
0.6622, 0.5375697814941407, [(10 35 5)-(14 25 24)-(15 52 31)-(5 6 24)-(15 12 2)-(10 21 12)-(5 57 0)]
0.6675, 0.5483583709716797, [(7 6 12)-(11 16 26)-(5 37 16)-(4 27 13)-(7 10 3)-(14 57 12)-(12 7 2)]
0.7132000000000001, 0.5508103271484375, [(7 40 27)-(7 54 20)-(3 63 23)-(2 8 29)-(2 15 25)-(14 53 24)-(4 35 0)]
0.5146, 0.5767008514404297, [(5 62 12)-(13 10 7)-(10 0 26)-(1 25 11)-(13 42 6)-(3 55 8)-(9 62 24)]
0.6295, 0.5602325164794921, [(8 3 20)-(14 0 26)-(6 55 31)-(12 8 19)-(0 38 13)-(7 46 1)-(11 32 30)]
0.7138, 0.5523489044189454, [(0 24 28)-(1 50 11)-(3 29 20)-(9 17 29)-(6 2 21)-(2 31 22)-(10 24 16)]
0.714, 0.5525317352294922, [(2 40 31)-(3 30 31)-(8 34 2)-(2 35 10)-(9 32 7)-(6 15 7)-(0 60 19)]
0.7121999999999999, 0.5527072967529296, [(1 36 11)-(1 34 7)-(10 12 10)-(1 41 22)-(12 14 22)-(3 26 15)-(3 51 12)]
0.714, 0.5525317291259766, [(8 56 28)-(0 43 27)-(15 23 22)-(15 51 7)-(10 4 2)-(14 8 7)-(12 25 29)]
0.714, 0.5525318298339844, [(3 57 19)-(1 38 5)-(4 28 11)-(4 31 7)-(2 5 8)-(15 48 17)-(14 63 8)]
0.656, 0.5669673400878906, [(5 8 25)-(4 6 14)-(11 8 9)-(0 5 15)-(13 46 15)-(2 46 19)-(0 0 27)]
0.714, 0.5525317260742187, [(3 59 16)-(15 14 6)-(13 45 2)-(5 37 18)-(1 39 13)-(12 30 5)-(15 22 27)]
0.6971, 0.532177554321289, [(0 43 20)-(4 4 3)-(4 1 2)-(4 52 5)-(8 49 29)-(13 2 4)-(8 16 25)]
0.7132, 0.5520397277832031, [(4 31 29)-(14 2 13)-(14 6 4)-(9 13 1)-(11 34 27)-(9 27 23)-(9 54 4)]
0.7138, 0.5526836639404297, [(15 32 6)-(0 27 9)-(6 41 19)-(14 32 3)-(8 20 29)-(13 2 19)-(3 37 3)]
0.714, 0.5525316772460938, [(3 55 28)-(2 3 11)-(13 49 1)-(12 52 10)-(5 30 13)-(13 49 13)-(12 51 29)]
0.714, 0.5525317443847657, [(11 44 29)-(4 20 6)-(13 5 9)-(12 34 17)-(11 11 28)-(0 54 15)-(8 35 19)]
0.714, 0.5525317352294922, [(15 13 25)-(8 37 26)-(7 39 25)-(6 42 31)-(5 7 28)-(12 48 28)-(15 35 6)]
0.7134, 0.5525921112060547, [(2 52 27)-(1 45 31)-(13 24 18)-(5 17 20)-(5 48 5)-(14 37 1)-(0 56 21)]
0.714, 0.5525325927734375, [(4 13 9)-(10 20 18)-(8 49 2)-(10 22 1)-(4 45 4)-(0 59 28)-(4 53 12)]
0.6059, 0.0, [(7 6 8)-(13 34 6)-(2 26 29)-(7 18 30)-(5 18 27)-(2 43 16)-(3 46 23)]
0.714, 0.5525317199707032, [(5 56 13)-(9 60 4)-(13 50 0)-(14 50 5)-(5 63 19)-(12 40 2)-(1 30 3)]
0.7118, 0.5529697692871094, [(7 41 20)-(2 13 4)-(12 19 23)-(4 17 22)-(11 36 30)-(7 13 26)-(3 18 6)]
0.7137, 0.5526080780029297, [(7 25 22)-(1 29 29)-(10 3 15)-(5 11 0)-(1 35 14)-(13 23 10)-(1 38 0)]
0.7088000000000001, 0.5515638702392578, [(5 28 26)-(12 32 23)-(4 16 3)-(9 1 21)-(6 44 20)-(0 12 3)-(7 27 27)]
0.7138, 0.5523776672363281, [(7 1 6)-(5 20 21)-(0 31 8)-(8 52 5)-(7 1 4)-(11 59 19)-(9 29 3)]
0.6346, 0.5425035888671874, [(9 38 28)-(5 47 8)-(10 44 2)-(8 19 23)-(7 5 25)-(14 60 5)-(12 31 26)]
0.7138, 0.5523430480957031, [(15 48 18)-(0 16 9)-(10 36 0)-(7 12 5)-(14 63 5)-(8 12 23)-(12 18 23)]
0.714, 0.5525313659667969, [(15 28 5)-(14 4 24)-(10 38 18)-(3 24 15)-(14 50 29)-(12 52 27)-(10 56 27)]
0.714, 0.5525324981689452, [(1 14 12)-(12 28 12)-(9 44 25)-(4 36 8)-(1 37 10)-(14 23 11)-(10 50 23)]
0.7139, 0.552469985961914, [(10 38 15)-(4 49 12)-(8 63 4)-(7 22 1)-(15 24 30)-(2 38 16)-(9 22 31)]
0.7035, 0.5631217620849609, [(13 2 16)-(15 60 25)-(13 0 23)-(14 23 11)-(0 33 9)-(2 22 2)-(10 43 30)]
0.7139, 0.553593783569336, [(12 13 7)-(2 27 20)-(12 16 22)-(6 20 4)-(13 38 31)-(7 22 17)-(6 38 17)]
0.7115, 0.5542172729492187, [(7 20 4)-(4 13 27)-(3 57 9)-(1 60 16)-(1 6 28)-(7 40 12)-(4 51 19)]
0.7142, 0.5525598083496094, [(3 10 13)-(0 51 1)-(1 47 9)-(6 3 1)-(4 52 26)-(3 41 26)-(5 23 23)]
0.6988000000000001, 0.5555945678710937, [(11 38 14)-(8 33 9)-(1 8 15)-(10 12 23)-(2 48 11)-(4 27 25)-(2 53 7)]
0.7129000000000001, 0.5520732727050781, [(13 38 16)-(11 33 27)-(14 9 29)-(2 31 13)-(10 16 6)-(3 17 23)-(14 46 14)]
0.7009, 0.5447077117919922, [(14 23 26)-(0 23 22)-(5 31 0)-(9 32 14)-(1 11 31)-(15 54 4)-(3 57 28)]
0.714, 0.5525317413330078, [(13 4 7)-(11 34 0)-(12 56 13)-(14 21 2)-(10 20 8)-(10 58 0)-(13 34 5)]
0.714, 0.55253193359375, [(5 33 26)-(9 8 31)-(3 63 0)-(14 22 22)-(14 23 16)-(3 23 15)-(4 60 10)]
0.1347, 0.0, [(2 13 26)-(3 60 10)-(2 16 30)-(11 36 3)-(2 50 29)-(1 42 25)-(1 21 20)]
0.7139, 0.5525493347167969, [(2 59 31)-(13 42 11)-(1 15 19)-(9 36 30)-(3 47 25)-(2 24 5)-(2 61 7)]
0.7142999999999999, 0.552572525024414, [(12 38 0)-(15 4 9)-(14 11 10)-(14 23 6)-(13 11 12)-(3 6 6)-(4 23 21)]
0.16, 0.9034278930664063, [(12 14 6)-(2 8 25)-(13 0 27)-(4 11 24)-(7 47 23)-(13 37 23)-(3 1 24)]
0.7129000000000001, 0.5526403564453124, [(5 22 23)-(13 17 13)-(7 55 9)-(1 13 13)-(11 5 5)-(8 33 19)-(10 39 0)]
0.714, 0.552531381225586, [(15 2 28)-(1 29 16)-(9 7 28)-(5 34 9)-(5 63 31)-(2 40 13)-(12 61 22)]
0.7103999999999999, 0.5544817138671876, [(6 45 2)-(15 43 11)-(3 25 17)-(4 28 14)-(2 25 26)-(2 50 7)-(0 35 13)]
0.7142, 0.551655581665039, [(8 61 0)-(9 32 22)-(3 28 9)-(11 30 29)-(10 57 6)-(6 29 6)-(7 10 31)]
0.714, 0.5525395080566406, [(1 39 1)-(9 5 4)-(13 35 10)-(1 31 16)-(9 53 16)-(8 17 16)-(8 43 1)]
0.714, 0.5525316680908203, [(6 7 5)-(15 27 19)-(2 22 10)-(14 59 31)-(0 60 30)-(6 31 10)-(15 59 7)]
0.7142999999999999, 0.5529485961914062, [(0 23 19)-(9 20 21)-(9 47 5)-(0 7 13)-(2 63 24)-(6 9 21)-(11 55 2)]
0.2906, 0.0, [(11 37 0)-(8 49 10)-(2 25 30)-(9 8 14)-(6 62 3)-(14 10 23)-(7 35 17)]
0.714, 0.552516928100586, [(4 45 20)-(9 10 4)-(2 40 23)-(8 36 30)-(15 47 28)-(1 41 5)-(3 11 27)]
0.46830000000000005, 0.6420021606445312, [(13 6 9)-(4 54 11)-(3 41 10)-(9 35 0)-(10 59 8)-(9 0 24)-(9 16 13)]
0.7137, 0.5519982543945312, [(14 22 3)-(12 4 3)-(15 61 27)-(15 45 19)-(2 12 19)-(5 54 24)-(8 29 23)]
0.714, 0.5525317291259766, [(13 61 29)-(7 34 21)-(8 60 31)-(5 37 25)-(3 41 0)-(13 27 14)-(6 3 6)]
0.7129, 0.5521870178222656, [(11 39 20)-(5 38 17)-(6 1 16)-(3 1 7)-(8 57 7)-(10 57 30)-(0 3 19)]
0.714, 0.5525299743652343, [(5 20 4)-(1 30 29)-(4 43 30)-(12 20 15)-(14 25 15)-(14 39 29)-(2 61 22)]
0.714, 0.5525317077636719, [(12 50 5)-(6 3 10)-(4 59 17)-(10 56 2)-(3 51 14)-(2 36 0)-(13 36 18)]
0.7065, 0.554177670288086, [(12 44 20)-(2 10 21)-(8 28 10)-(4 21 23)-(13 41 10)-(1 0 17)-(3 4 29)]
0.1, 0.0, [(0 7 30)-(3 24 8)-(14 37 15)-(1 20 25)-(7 1 1)-(13 0 26)-(7 36 9)]
0.7138, 0.5526487396240234, [(0 9 20)-(10 7 7)-(14 38 18)-(11 62 20)-(12 46 24)-(1 3 7)-(2 57 19)]
0.0989, 0.0, [(9 44 19)-(3 6 30)-(11 28 15)-(6 2 15)-(8 24 18)-(2 10 30)-(15 10 30)]
0.714, 0.5525317169189453, [(4 56 8)-(2 33 8)-(0 39 29)-(7 46 12)-(8 36 24)-(9 60 4)-(2 34 25)]
0.7139, 0.5525860778808593, [(12 4 21)-(13 51 29)-(12 20 22)-(3 10 12)-(0 49 4)-(14 38 26)-(5 50 8)]
0.714, 0.5525339324951173, [(1 24 2)-(4 49 21)-(15 62 15)-(8 49 9)-(2 21 12)-(11 46 31)-(0 11 3)]
0.7138, 0.5525619293212891, [(6 14 10)-(2 13 29)-(9 30 6)-(1 45 19)-(10 34 11)-(10 40 26)-(11 1 16)]
0.7139, 0.5525258666992188, [(1 51 20)-(1 51 20)-(8 30 14)-(2 40 20)-(15 39 19)-(13 41 9)-(6 17 27)]
0.7114, 0.5509244232177735, [(12 40 22)-(15 14 25)-(3 30 2)-(13 10 8)-(8 3 9)-(14 50 4)-(8 3 23)]
0.11960000000000001, 0.0, [(9 9 11)-(8 4 30)-(12 33 9)-(14 2 20)-(0 59 31)-(15 63 16)-(11 29 3)]
0.714, 0.5525317291259766, [(7 14 0)-(2 31 1)-(15 19 12)-(3 56 5)-(10 37 5)-(11 55 13)-(2 37 13)]
0.7114, 0.5509239593505859, [(11 23 26)-(0 22 29)-(6 13 3)-(1 18 9)-(8 19 13)-(10 54 21)-(6 54 7)]
0.714, 0.5525319427490234, [(13 39 21)-(6 63 27)-(10 39 9)-(0 57 14)-(0 46 20)-(8 27 11)-(15 19 4)]
0.714, 0.5525317321777343, [(7 16 7)-(12 24 3)-(1 34 11)-(3 38 16)-(1 22 5)-(8 54 30)-(14 62 30)]
0.7008, 0.5399372222900392, [(9 11 7)-(15 2 24)-(3 24 22)-(10 26 28)-(14 60 19)-(11 61 2)-(6 41 1)]
0.7134, 0.5526891143798829, [(0 27 20)-(12 16 22)-(15 61 27)-(12 30 31)-(5 7 31)-(8 49 31)-(15 45 25)]
0.714, 0.552532339477539, [(10 11 2)-(14 45 11)-(3 29 4)-(14 2 11)-(10 31 13)-(12 34 20)-(15 28 11)]
0.7138, 0.5521654968261719, [(11 34 24)-(10 49 31)-(9 1 10)-(10 16 23)-(1 53 20)-(14 1 5)-(14 1 8)]
0.0991, 0.0, [(15 45 12)-(10 23 12)-(3 56 13)-(9 1 30)-(14 18 1)-(0 25 7)-(15 19 21)]
0.7134, 0.552601528930664, [(12 46 8)-(13 63 5)-(4 51 30)-(10 49 25)-(6 31 29)-(1 0 11)-(11 17 21)]
0.714, 0.5525516540527344, [(5 11 29)-(0 9 14)-(12 59 16)-(8 7 15)-(14 53 9)-(2 37 14)-(0 11 5)]
0.0999, 0.0, [(9 53 1)-(15 3 26)-(0 3 30)-(6 9 23)-(4 39 7)-(13 29 31)-(6 34 23)]
0.714, 0.5524932678222656, [(8 35 1)-(6 11 18)-(5 19 2)-(12 48 30)-(9 62 8)-(12 19 7)-(11 39 11)]
0.714, 0.5525317199707032, [(2 13 4)-(0 62 21)-(1 53 21)-(4 60 1)-(3 30 8)-(14 30 17)-(2 37 11)]
0.714, 0.5525336242675781, [(11 0 10)-(4 17 0)-(11 62 17)-(0 23 0)-(4 20 5)-(11 50 26)-(4 7 7)]
0.7137, 0.552557080078125, [(4 54 31)-(14 59 0)-(15 19 5)-(3 16 6)-(9 39 15)-(0 20 21)-(0 57 30)]
0.7134, 0.5526465774536133, [(5 19 8)-(12 40 7)-(13 28 0)-(6 57 21)-(12 37 2)-(14 30 7)-(2 17 28)]
0.714, 0.5525317413330078, [(7 34 28)-(12 48 22)-(7 44 21)-(13 41 31)-(15 19 13)-(0 2 8)-(8 50 0)]
0.714, 0.5525317199707032, [(2 55 1)-(10 51 11)-(13 63 5)-(3 42 7)-(12 57 19)-(1 40 14)-(15 20 2)]
0.714, 0.5525317199707032, [(0 57 9)-(0 49 18)-(8 46 11)-(11 11 3)-(8 47 30)-(5 36 22)-(7 51 25)]
0.7025, 0.552282080078125, [(9 43 8)-(0 20 31)-(13 47 16)-(0 28 6)-(7 63 5)-(13 26 19)-(15 29 7)]
0.714, 0.5525476409912109, [(0 34 28)-(2 1 14)-(14 51 16)-(2 4 29)-(7 55 28)-(15 19 5)-(0 11 3)]
0.714, 0.5525520111083984, [(15 29 9)-(2 37 29)-(13 55 3)-(12 22 3)-(8 42 7)-(3 5 9)-(10 8 27)]
0.702, 0.5537984405517578, [(0 55 20)-(0 28 6)-(12 48 17)-(1 43 3)-(4 21 26)-(5 28 19)-(2 60 22)]
0.7108, 0.5529646209716796, [(13 3 29)-(9 8 3)-(9 41 23)-(8 49 20)-(12 21 31)-(0 44 21)-(0 10 13)]
0.6780999999999999, 0.5558463287353516, [(4 23 9)-(0 27 1)-(11 9 10)-(9 45 15)-(6 25 15)-(8 18 24)-(9 52 17)]
0.714, 0.5525382659912109, [(9 29 4)-(5 55 21)-(7 46 18)-(1 34 23)-(10 61 19)-(14 52 16)-(11 5 17)]
0.7136, 0.5523755920410156, [(9 44 25)-(6 3 27)-(1 57 2)-(1 58 15)-(2 3 5)-(8 2 13)-(3 41 14)]
0.7044, 0.5515616348266601, [(7 9 25)-(4 48 20)-(10 13 12)-(0 61 4)-(10 24 5)-(0 34 18)-(6 19 6)]
0.7130000000000001, 0.55178876953125, [(13 41 2)-(14 31 30)-(4 6 26)-(1 2 11)-(3 12 2)-(7 26 21)-(7 63 12)]
0.7132000000000001, 0.5526126647949219, [(8 55 20)-(7 34 26)-(15 52 15)-(13 12 28)-(8 25 20)-(4 19 2)-(7 56 22)]
0.7077, 0.5468239013671875, [(3 33 26)-(5 50 16)-(8 18 26)-(7 13 11)-(2 15 25)-(15 54 14)-(0 60 25)]
0.714, 0.5525317291259766, [(14 31 11)-(15 32 31)-(9 28 2)-(1 57 8)-(12 57 28)-(12 24 8)-(2 46 15)]
0.714, 0.552546502685547, [(8 28 17)-(9 50 26)-(1 27 13)-(6 35 6)-(3 60 13)-(6 14 0)-(10 11 6)]
0.714, 0.5520623718261719, [(2 11 31)-(4 42 17)-(3 46 4)-(13 63 11)-(10 63 6)-(13 37 8)-(11 21 13)]
0.714, 0.5525317291259766, [(15 41 4)-(8 39 24)-(12 21 1)-(7 40 15)-(13 42 22)-(12 59 14)-(12 52 5)]
0.7005, 0.5486101531982421, [(6 49 3)-(1 35 13)-(12 55 10)-(15 0 0)-(7 45 22)-(8 14 26)-(1 59 24)]
0.1, 0.0, [(11 37 19)-(2 2 5)-(2 16 11)-(9 24 19)-(12 0 26)-(5 29 25)-(3 19 30)]
0.7142999999999999, 0.5528921600341796, [(11 12 10)-(4 52 16)-(13 4 25)-(8 13 22)-(1 1 0)-(7 28 23)-(10 25 19)]
0.714, 0.552531967163086, [(1 32 16)-(12 62 7)-(0 10 13)-(14 3 14)-(14 48 5)-(12 30 8)-(14 57 26)]
0.7139, 0.5525117858886719, [(7 37 10)-(10 60 9)-(7 62 27)-(10 60 19)-(3 39 11)-(0 32 0)-(1 29 21)]
0.7132000000000001, 0.552246875, [(12 21 29)-(1 8 22)-(1 49 31)-(13 39 8)-(9 6 10)-(9 1 14)-(14 24 2)]
0.714, 0.552531721496582, [(9 31 31)-(2 48 14)-(7 48 23)-(7 36 16)-(13 56 15)-(10 38 12)-(1 40 29)]
0.7121, 0.5503532257080078, [(10 0 9)-(12 3 27)-(14 26 2)-(15 0 3)-(15 38 28)-(0 61 26)-(3 14 31)]
0.7134, 0.5550812225341797, [(0 42 26)-(3 34 26)-(0 22 23)-(11 41 23)-(15 30 16)-(6 6 24)-(14 15 1)]
0.0917, 0.0, [(1 33 0)-(4 25 24)-(1 15 30)-(14 8 21)-(10 32 14)-(10 51 4)-(1 47 27)]
0.714, 0.5525317352294922, [(9 47 24)-(13 23 9)-(12 50 14)-(14 35 15)-(13 60 22)-(4 55 0)-(11 63 0)]
0.714, 0.5525317291259766, [(15 48 1)-(7 61 9)-(3 12 4)-(0 61 28)-(10 8 7)-(14 5 2)-(5 59 22)]
0.7149, 0.5523097961425781, [(8 7 12)-(11 46 0)-(7 43 12)-(14 43 9)-(13 56 5)-(9 27 22)-(12 35 17)]
0.0964, 0.0, [(5 63 16)-(9 15 31)-(14 2 30)-(3 27 5)-(6 21 2)-(2 23 11)-(0 48 24)]
0.714, 0.5525388610839843, [(5 9 16)-(0 11 3)-(3 32 5)-(15 39 13)-(13 47 31)-(12 39 18)-(2 59 1)]
0.664, 0.0, [(3 39 22)-(11 4 8)-(13 7 13)-(0 23 30)-(3 62 22)-(9 57 20)-(13 27 22)]
0.7118, 0.5525935119628906, [(10 28 11)-(12 31 7)-(12 22 21)-(9 30 18)-(4 13 26)-(4 9 13)-(15 50 6)]
0.7135, 0.5525631774902344, [(7 19 29)-(10 13 4)-(3 57 3)-(5 8 19)-(11 39 21)-(9 15 27)-(14 47 11)]
0.1033, 0.9930613952636719, [(4 4 30)-(10 29 3)-(0 21 5)-(5 9 31)-(15 21 2)-(4 52 7)-(8 57 3)]
0.714, 0.5525313995361327, [(14 27 29)-(13 1 10)-(1 45 12)-(1 41 21)-(11 16 2)-(13 40 1)-(13 40 14)]
0.7139, 0.5524739532470703, [(14 0 0)-(5 21 5)-(1 5 27)-(7 35 6)-(2 18 16)-(9 32 21)-(11 59 28)]
0.7024, 0.5524031066894531, [(7 13 18)-(13 52 21)-(8 28 24)-(13 49 4)-(15 57 25)-(12 56 12)-(14 52 26)]
0.7139, 0.5525443695068359, [(14 58 12)-(6 31 9)-(15 7 20)-(6 14 16)-(1 33 13)-(8 22 18)-(0 47 3)]
0.714, 0.5525319305419922, [(5 52 2)-(1 33 20)-(0 34 11)-(0 39 3)-(4 21 10)-(14 58 28)-(15 27 28)]
0.7104999999999999, 0.5491122894287109, [(8 13 2)-(3 26 21)-(15 46 30)-(11 7 18)-(4 2 0)-(2 3 10)-(10 17 24)]
0.714, 0.5525326843261719, [(2 36 27)-(2 61 6)-(2 44 31)-(3 5 17)-(6 15 6)-(9 61 1)-(8 61 1)]
0.714, 0.5525317810058594, [(5 47 3)-(6 20 29)-(3 25 9)-(2 20 10)-(0 58 6)-(2 7 0)-(10 53 13)]
0.7138, 0.5525696685791015, [(6 33 2)-(1 6 19)-(5 29 29)-(7 58 30)-(8 6 10)-(10 52 16)-(15 32 8)]
0.714, 0.5525317291259766, [(10 42 31)-(13 24 22)-(5 38 0)-(14 33 4)-(14 38 25)-(3 44 5)-(4 5 1)]
0.7138, 0.5524311492919922, [(4 39 21)-(8 30 4)-(9 11 22)-(7 42 30)-(12 5 18)-(12 5 11)-(15 8 5)]
0.7138, 0.5533863983154297, [(4 0 18)-(5 33 6)-(9 22 7)-(9 63 3)-(11 57 28)-(0 33 4)-(9 60 25)]
0.0906, 0.0, [(15 63 4)-(12 40 23)-(7 15 30)-(7 43 19)-(4 43 29)-(11 37 29)-(2 61 31)]
0.7142, 0.5525415893554687, [(11 15 20)-(2 28 15)-(5 0 2)-(13 43 18)-(4 1 0)-(11 44 18)-(13 61 2)]
0.6718, 0.576038330078125, [(12 18 20)-(14 29 28)-(10 21 22)-(4 9 18)-(14 0 27)-(13 13 18)-(1 31 19)]
0.714, 0.5527195709228516, [(5 11 17)-(2 33 6)-(7 25 6)-(11 63 15)-(10 17 17)-(10 9 24)-(0 22 31)]
0.7134, 0.5531440704345703, [(7 10 9)-(10 11 7)-(12 42 4)-(7 26 24)-(1 38 10)-(13 42 29)-(6 7 19)]
0.7138, 0.5534201293945313, [(15 32 19)-(9 9 8)-(6 36 24)-(15 29 4)-(5 20 1)-(13 4 10)-(2 0 19)]
0.7121, 0.5527936645507813, [(4 28 28)-(9 19 0)-(9 32 18)-(4 14 22)-(11 12 21)-(5 4 21)-(11 57 15)]
0.714, 0.5525292907714844, [(14 8 25)-(6 18 16)-(14 25 2)-(7 29 2)-(15 43 28)-(12 36 21)-(6 51 0)]
0.712, 0.5466720092773437, [(3 12 23)-(7 36 29)-(1 41 6)-(2 18 2)-(7 50 31)-(8 11 22)-(10 10 25)]
0.7142999999999999, 0.5527188446044922, [(3 63 27)-(0 33 8)-(1 33 8)-(10 28 9)-(0 29 23)-(12 35 15)-(11 16 18)]
0.7122999999999999, 0.5599080383300781, [(13 0 22)-(2 31 25)-(14 31 11)-(15 15 15)-(0 10 14)-(13 29 18)-(14 54 16)]
0.7134, 0.553056689453125, [(15 17 24)-(6 13 23)-(7 52 5)-(4 6 21)-(9 3 12)-(6 12 29)-(15 62 24)]
0.10070000000000001, 0.2, [(12 4 9)-(0 26 30)-(2 55 26)-(2 29 22)-(0 62 13)-(15 53 0)-(15 58 12)]
0.7107, 0.5537588287353515, [(7 59 25)-(11 31 10)-(13 29 15)-(10 4 20)-(5 1 22)-(11 8 12)-(0 43 12)]
0.7141, 0.5525129364013672, [(5 50 2)-(12 45 20)-(2 56 21)-(6 29 21)-(8 43 30)-(5 42 9)-(2 22 17)]
0.7102999999999999, 0.5497625091552734, [(1 39 23)-(5 25 26)-(0 43 17)-(12 16 18)-(8 43 11)-(8 19 21)-(7 56 8)]
0.7138, 0.55250595703125, [(4 25 2)-(12 38 17)-(5 12 31)-(9 8 21)-(3 17 0)-(5 8 16)-(4 34 11)]
0.714, 0.5525347351074219, [(5 56 23)-(8 52 18)-(12 0 7)-(13 11 5)-(12 46 23)-(0 26 8)-(4 12 15)]
0.7141, 0.5525746765136719, [(9 53 5)-(12 1 20)-(7 25 5)-(10 41 4)-(8 23 7)-(12 27 8)-(15 8 26)]
0.714, 0.552815756225586, [(10 42 31)-(13 44 5)-(2 34 18)-(10 24 23)-(12 24 17)-(5 27 19)-(12 16 2)]
0.1028, 0.0, [(1 28 14)-(9 52 18)-(6 27 30)-(9 42 0)-(15 49 7)-(7 7 13)-(1 37 28)]
0.7139, 0.5525124145507813, [(6 4 18)-(10 46 20)-(15 22 13)-(9 8 20)-(14 15 11)-(1 39 13)-(2 41 28)]
0.714, 0.5525317413330078, [(3 4 6)-(9 54 0)-(10 32 28)-(7 26 1)-(1 42 30)-(8 40 12)-(13 50 6)]
0.7041999999999999, 0.5519364318847657, [(11 21 26)-(2 61 10)-(1 17 12)-(15 2 8)-(12 14 22)-(4 3 1)-(2 13 19)]
0.0932, 0.2, [(9 19 18)-(11 18 30)-(7 62 30)-(2 52 11)-(9 37 7)-(3 27 6)-(4 42 0)]
0.714, 0.5525316101074219, [(14 9 12)-(2 32 5)-(3 37 24)-(6 30 11)-(1 61 22)-(1 60 0)-(11 6 13)]
0.7101, 0.5457695648193359, [(12 12 26)-(12 11 27)-(2 62 12)-(2 22 5)-(8 33 13)-(2 4 19)-(14 41 12)]
0.7139, 0.552524737548828, [(11 7 3)-(2 61 18)-(11 32 6)-(4 51 1)-(3 29 20)-(9 19 19)-(15 53 12)]
0.7139, 0.5525139465332032, [(4 55 7)-(8 12 20)-(7 42 26)-(11 8 14)-(6 39 0)-(12 39 1)-(1 53 22)]
0.714, 0.5525339752197266, [(14 28 16)-(6 6 15)-(7 62 17)-(7 42 21)-(10 13 2)-(11 56 8)-(11 13 12)]
0.714, 0.55253173828125, [(6 4 4)-(13 14 13)-(15 58 29)-(1 47 29)-(1 46 22)-(11 51 11)-(4 49 14)]
0.7135, 0.5526454223632813, [(13 58 31)-(11 18 22)-(3 30 3)-(7 7 20)-(1 49 5)-(2 37 3)-(3 33 14)]
0.7137, 0.5525477355957031, [(12 16 15)-(15 48 19)-(7 47 14)-(7 37 7)-(9 54 0)-(0 20 20)-(3 55 17)]
0.714, 0.5525311523437499, [(10 53 2)-(1 56 25)-(0 4 16)-(9 37 9)-(11 54 11)-(15 58 17)-(0 25 15)]
0.7036, 0.5443483764648438, [(11 12 21)-(14 20 8)-(2 47 10)-(6 52 10)-(8 27 31)-(4 32 6)-(15 28 31)]
0.09659999999999999, 0.0, [(1 34 23)-(7 9 8)-(1 56 29)-(10 27 2)-(9 38 24)-(13 1 30)-(7 26 3)]
0.714, 0.5525317138671875, [(0 32 16)-(6 37 11)-(2 44 27)-(15 48 2)-(1 44 23)-(9 41 26)-(1 59 28)]
0.6855, 0.5474285125732422, [(9 50 18)-(1 17 24)-(7 49 3)-(15 52 16)-(1 28 18)-(9 7 16)-(3 26 25)]
0.714, 0.552566650390625, [(6 34 25)-(9 13 17)-(5 48 25)-(11 34 10)-(9 30 24)-(15 34 19)-(0 7 28)]
0.714, 0.5525320831298828, [(11 33 26)-(1 3 10)-(10 54 20)-(10 28 5)-(3 54 4)-(5 32 0)-(14 26 14)]
0.7138, 0.5515509338378906, [(3 17 21)-(3 57 30)-(2 24 23)-(11 39 29)-(0 39 30)-(8 1 16)-(8 6 29)]
0.714, 0.5525317413330078, [(2 35 23)-(7 55 9)-(11 51 28)-(14 46 14)-(8 58 3)-(15 25 12)-(14 17 20)]
0.714, 0.5525345947265625, [(14 11 27)-(9 58 23)-(4 12 15)-(14 37 29)-(5 58 9)-(13 37 14)-(5 58 6)]
0.7136, 0.5529787414550781, [(8 17 12)-(0 54 30)-(15 44 12)-(4 27 6)-(9 22 25)-(8 40 7)-(10 46 8)]
0.7128, 0.555053549194336, [(8 6 29)-(7 13 10)-(14 60 4)-(0 59 21)-(14 49 30)-(8 42 3)-(6 14 23)]
0.7131000000000001, 0.5529445617675781, [(5 18 29)-(8 6 2)-(5 14 15)-(1 9 21)-(11 56 18)-(2 49 0)-(3 61 29)]
0.7131000000000001, 0.5543760131835938, [(7 9 28)-(6 22 31)-(14 53 17)-(14 58 21)-(1 5 19)-(6 53 18)-(10 5 31)]
0.1062, 0.0, [(13 45 31)-(9 59 19)-(7 38 22)-(4 34 24)-(13 16 9)-(9 4 13)-(7 5 30)]
0.7144999999999999, 0.5538615295410156, [(0 57 15)-(7 6 31)-(9 53 28)-(8 45 27)-(13 62 6)-(7 28 19)-(3 27 18)]
0.714, 0.5525317260742187, [(1 34 1)-(0 32 6)-(15 15 11)-(10 17 6)-(11 36 3)-(9 37 29)-(8 37 9)]
0.7101999999999999, 0.5524651977539063, [(14 0 3)-(7 7 29)-(11 19 25)-(4 25 14)-(6 13 12)-(2 46 23)-(1 51 18)]
0.7008000000000001, 0.5473254821777344, [(15 10 9)-(13 54 9)-(3 34 18)-(11 59 0)-(5 48 24)-(9 4 23)-(5 7 25)]
0.7137, 0.5530584106445313, [(0 0 17)-(0 9 18)-(6 48 8)-(10 34 19)-(13 3 17)-(6 37 29)-(1 58 13)]
0.7148, 0.5566844604492187, [(4 27 16)-(13 8 22)-(13 0 21)-(3 32 7)-(14 17 30)-(7 14 17)-(15 18 12)]
0.4462, 0.6504300659179687, [(9 9 24)-(8 32 14)-(12 24 16)-(9 0 24)-(9 23 16)-(10 0 10)-(9 4 16)]
0.7133, 0.5506264526367187, [(2 46 8)-(5 5 8)-(5 38 29)-(11 22 25)-(0 50 8)-(9 1 21)-(7 14 10)]
0.6849000000000001, 0.5357510345458985, [(6 0 4)-(12 23 25)-(11 35 8)-(9 51 28)-(7 36 11)-(3 27 2)-(7 58 15)]
0.714, 0.5525322204589844, [(1 52 17)-(0 55 26)-(9 45 18)-(9 61 30)-(8 48 25)-(9 34 22)-(11 11 16)]
0.714, 0.5525323516845704, [(1 50 17)-(12 16 13)-(9 24 1)-(3 42 21)-(0 29 12)-(2 51 21)-(0 44 2)]
0.7136, 0.5525808532714844, [(0 49 14)-(10 7 13)-(5 6 18)-(4 52 27)-(4 30 11)-(10 48 24)-(14 24 30)]
0.714, 0.55253173828125, [(0 9 5)-(3 62 4)-(2 21 3)-(5 3 1)-(11 62 13)-(2 36 18)-(12 38 13)]
0.714, 0.5525322082519531, [(4 22 19)-(2 5 0)-(9 24 1)-(4 12 2)-(12 40 19)-(15 11 31)-(13 22 23)]
0.7146, 0.5526926788330078, [(10 21 14)-(8 43 8)-(10 16 28)-(10 15 23)-(7 39 23)-(5 18 0)-(6 3 28)]
0.6979, 0.5533594787597657, [(7 48 27)-(1 24 23)-(9 13 10)-(9 20 26)-(2 35 9)-(2 40 15)-(13 41 13)]
0.714, 0.5525315887451172, [(1 47 19)-(3 49 5)-(13 28 7)-(11 11 29)-(8 57 11)-(13 11 3)-(2 11 10)]
0.6733, 0.5515378967285156, [(0 33 23)-(9 36 14)-(7 15 29)-(10 22 25)-(13 3 18)-(4 51 0)-(5 32 3)]
0.714, 0.5525631072998047, [(14 35 23)-(5 32 28)-(15 9 8)-(1 23 17)-(7 24 12)-(15 18 12)-(12 17 16)]
0.714, 0.5498646270751952, [(6 8 22)-(3 35 2)-(11 3 27)-(0 35 8)-(5 19 11)-(7 51 19)-(6 45 16)]
0.7126, 0.5515561004638672, [(8 42 22)-(11 41 3)-(1 39 2)-(11 27 31)-(3 19 9)-(8 62 23)-(7 24 31)]
0.714, 0.5525317291259766, [(3 29 2)-(13 23 16)-(5 51 11)-(7 45 2)-(9 43 18)-(3 11 3)-(3 57 11)]
0.7125, 0.5504493743896484, [(12 4 20)-(9 60 10)-(11 6 28)-(2 39 11)-(11 8 31)-(3 34 30)-(13 54 6)]
0.714, 0.5525317596435547, [(3 62 12)-(4 61 27)-(15 6 31)-(10 48 8)-(0 6 29)-(15 2 9)-(6 22 3)]
0.6359, nan, [(12 11 28)-(15 21 4)-(6 33 12)-(6 14 0)-(2 32 31)-(5 31 9)-(8 0 29)]
0.5676, 0.4853839340209961, [(6 10 14)-(1 49 6)-(3 2 31)-(7 4 15)-(14 13 13)-(9 37 14)-(14 30 31)]
0.714, 0.552523306274414, [(9 11 7)-(10 33 2)-(7 10 15)-(7 22 14)-(3 54 9)-(13 12 30)-(8 24 18)]
0.7130000000000001, 0.552260531616211, [(1 55 9)-(1 7 6)-(13 18 31)-(6 6 27)-(15 29 5)-(12 27 23)-(2 41 3)]
0.7102999999999999, 0.5473998779296876, [(8 1 18)-(5 4 31)-(7 7 8)-(14 49 10)-(5 59 15)-(13 8 13)-(13 41 7)]
0.704, 0.54762783203125, [(7 17 24)-(13 28 22)-(1 47 23)-(2 14 10)-(1 12 2)-(3 9 25)-(2 13 17)]
0.5595, 0.4817786392211914, [(15 38 11)-(12 10 22)-(1 25 7)-(8 34 23)-(9 39 16)-(15 60 27)-(3 1 31)]
0.7091000000000001, 0.5510227844238281, [(11 5 21)-(10 45 26)-(3 28 27)-(6 8 15)-(14 27 24)-(1 22 25)-(15 9 29)]
0.7131, 0.552377783203125, [(15 33 24)-(12 3 14)-(9 11 10)-(0 10 31)-(5 4 3)-(1 46 16)-(6 52 2)]
0.714, 0.5525318176269531, [(6 48 16)-(14 47 13)-(1 50 20)-(6 4 1)-(12 28 16)-(11 52 29)-(8 37 3)]
0.714, 0.5525983520507812, [(4 60 14)-(5 17 21)-(15 36 18)-(1 20 18)-(0 33 24)-(3 40 12)-(6 49 25)]
0.7103999999999999, 0.5508339233398437, [(7 12 28)-(11 31 10)-(5 45 17)-(6 1 17)-(9 8 5)-(7 63 15)-(4 13 25)]
0.0989, 0.0, [(10 23 28)-(2 0 30)-(1 45 10)-(9 1 10)-(8 24 2)-(13 35 22)-(5 29 12)]
0.7141, 0.5525439422607422, [(13 1 29)-(9 50 22)-(15 36 2)-(3 12 20)-(14 25 15)-(3 40 1)-(11 40 4)]
0.7139, 0.5525310516357422, [(11 39 25)-(5 5 15)-(3 40 1)-(14 21 2)-(1 12 18)-(2 16 5)-(13 29 21)]
0.7113, 0.5542449310302734, [(14 58 29)-(2 60 22)-(8 50 11)-(8 26 29)-(11 31 8)-(1 6 28)-(12 34 22)]
0.7086, 0.5461775909423828, [(9 35 8)-(11 63 17)-(11 62 23)-(2 24 24)-(6 25 26)-(7 27 7)-(4 9 26)]
0.714, 0.55253173828125, [(5 55 18)-(7 59 18)-(15 50 1)-(6 18 29)-(15 17 7)-(1 56 2)-(4 19 7)]
0.7136, 0.55261279296875, [(11 51 31)-(8 46 20)-(13 16 9)-(13 35 18)-(12 16 20)-(11 51 9)-(1 58 1)]
0.714, 0.5525317138671875, [(14 63 8)-(15 45 15)-(6 45 17)-(15 61 22)-(0 41 13)-(3 45 6)-(7 35 0)]
0.714, 0.5525317230224609, [(13 18 16)-(1 51 0)-(0 39 27)-(0 60 23)-(14 24 3)-(10 50 31)-(5 33 8)]
0.714, 0.5525317230224609, [(11 53 16)-(14 28 1)-(11 31 8)-(15 46 14)-(11 47 5)-(14 8 19)-(8 30 12)]
0.714, 0.5525316741943359, [(15 20 11)-(11 25 12)-(15 34 12)-(7 60 30)-(14 44 13)-(11 41 8)-(4 53 20)]
0.7134, 0.5524948028564454, [(10 26 1)-(3 17 20)-(10 8 3)-(8 49 20)-(8 37 5)-(0 39 27)-(12 13 18)]
0.7107000000000001, 0.5481818054199219, [(13 53 27)-(10 17 22)-(6 22 4)-(10 43 23)-(9 49 1)-(7 29 31)-(11 23 24)]
0.714, 0.5525315521240235, [(6 53 30)-(2 20 12)-(3 36 14)-(3 58 21)-(4 47 19)-(11 33 11)-(1 45 9)]
0.7142, 0.5525870422363282, [(15 23 0)-(0 1 3)-(5 44 12)-(13 42 15)-(11 47 17)-(15 10 21)-(12 17 27)]
0.714, 0.5525318267822266, [(14 54 19)-(12 32 6)-(11 18 1)-(11 51 18)-(7 61 1)-(0 27 9)-(5 53 13)]
0.7137, 0.5520969055175782, [(8 2 20)-(2 21 6)-(12 41 0)-(11 24 27)-(15 32 5)-(6 34 21)-(13 50 30)]
0.6657, 0.5462528793334961, [(5 30 11)-(8 55 2)-(11 1 23)-(9 20 13)-(3 50 14)-(1 14 7)-(6 13 23)]
0.714, 0.5525317413330078, [(15 50 25)-(4 46 15)-(5 47 10)-(2 15 4)-(6 59 19)-(1 15 7)-(11 21 10)]
0.714, 0.5525317230224609, [(8 39 26)-(13 24 19)-(0 50 3)-(10 51 27)-(6 4 4)-(10 62 30)-(15 53 8)]
0.7081, 0.5568245361328126, [(11 42 13)-(9 25 3)-(2 54 29)-(6 60 3)-(10 6 29)-(7 40 22)-(8 29 6)]
0.7103, 0.5542272979736329, [(6 13 25)-(11 48 0)-(13 42 22)-(15 25 14)-(1 51 0)-(9 11 2)-(1 36 26)]
0.7138, 0.5524402709960938, [(2 13 20)-(8 23 13)-(9 63 10)-(9 31 24)-(0 30 23)-(9 34 10)-(8 63 24)]
0.7131000000000001, 0.5521730102539062, [(12 2 2)-(13 42 26)-(6 4 27)-(2 35 18)-(10 60 14)-(12 5 28)-(12 13 4)]
0.7035, 0.5469592712402344, [(5 15 16)-(4 59 1)-(2 58 22)-(3 32 28)-(7 23 25)-(4 31 20)-(10 53 6)]
0.714, 0.5525315765380859, [(4 1 10)-(3 11 12)-(5 28 2)-(2 49 18)-(12 40 30)-(4 34 13)-(11 49 9)]
0.714, 0.5525317474365234, [(15 60 15)-(6 4 3)-(3 11 5)-(15 60 13)-(1 56 16)-(9 20 8)-(0 53 17)]
0.5163, 0.5667833831787109, [(0 34 17)-(3 43 4)-(3 12 25)-(10 9 17)-(8 17 27)-(5 54 7)-(5 1 25)]
0.7076, 0.5484649444580079, [(15 17 8)-(6 26 11)-(13 20 13)-(10 13 26)-(11 8 12)-(1 50 24)-(3 31 20)]
0.7132000000000001, 0.5531205047607421, [(10 16 18)-(3 29 13)-(7 17 31)-(0 59 17)-(0 28 3)-(13 45 26)-(7 63 15)]
0.7125, 0.5532310668945313, [(7 1 21)-(7 56 6)-(8 61 3)-(3 30 3)-(5 30 3)-(6 7 17)-(5 15 27)]
0.6264000000000001, 0.5114075210571289, [(3 1 26)-(11 22 4)-(6 44 28)-(1 15 22)-(11 56 9)-(3 63 26)-(7 48 31)]
0.7137, 0.5523100463867188, [(5 25 17)-(5 6 5)-(12 23 2)-(8 36 12)-(0 20 29)-(10 24 25)-(0 20 21)]
0.7138, 0.552818473815918, [(14 52 8)-(10 61 28)-(3 9 10)-(8 42 27)-(9 5 21)-(14 23 13)-(1 56 1)]
0.714, 0.5525317199707032, [(9 50 17)-(15 14 0)-(2 60 12)-(11 31 1)-(13 21 25)-(15 31 26)-(5 32 29)]
0.7134, 0.5534061798095704, [(12 52 16)-(15 30 30)-(12 56 3)-(9 26 10)-(9 63 31)-(3 54 7)-(12 5 31)]
0.714, 0.5525335754394531, [(10 46 7)-(11 57 5)-(11 50 3)-(14 50 5)-(2 37 29)-(7 27 29)-(7 11 14)]
0.7111000000000001, 0.5539047729492188, [(4 49 14)-(2 25 2)-(13 52 8)-(0 17 23)-(15 54 7)-(10 1 23)-(4 50 6)]
0.7044, 0.5439552429199219, [(10 43 5)-(10 3 20)-(9 4 16)-(3 27 31)-(0 38 21)-(0 2 27)-(1 19 24)]
0.7067000000000001, 0.5568558227539062, [(15 15 22)-(0 33 1)-(3 45 21)-(0 59 3)-(9 45 16)-(6 27 31)-(13 24 27)]
0.714, 0.5525317413330078, [(14 31 22)-(2 37 21)-(11 28 7)-(3 55 16)-(4 9 9)-(10 41 16)-(5 45 20)]
0.714, 0.5525317596435546, [(5 16 11)-(1 58 8)-(0 38 8)-(2 20 11)-(15 41 9)-(5 33 31)-(11 37 2)]
0.4273, 0.5491631484985352, [(2 61 17)-(0 60 4)-(4 53 11)-(5 52 7)-(6 28 5)-(10 44 11)-(10 1 25)]
0.7138, 0.5524381591796874, [(5 39 28)-(13 46 27)-(6 57 31)-(2 23 20)-(2 48 11)-(13 16 12)-(14 35 6)]
0.6626000000000001, 0.5828156921386719, [(5 20 27)-(10 3 28)-(8 21 31)-(14 4 29)-(11 14 16)-(2 43 5)-(5 23 15)]
0.7096, 0.5522018676757812, [(1 34 8)-(10 6 0)-(11 19 29)-(2 34 30)-(10 25 9)-(3 3 31)-(6 4 31)]
0.7134, 0.5526262359619141, [(10 60 31)-(0 8 5)-(2 26 19)-(0 54 12)-(13 17 2)-(4 35 7)-(10 1 20)]
0.714, 0.5525324462890625, [(8 0 6)-(4 40 12)-(15 63 0)-(0 48 0)-(1 47 1)-(2 44 16)-(13 2 11)]
0.714, 0.5525317413330078, [(13 6 24)-(0 39 20)-(13 21 30)-(7 58 21)-(12 35 13)-(13 51 27)-(4 13 7)]
0.714, 0.5525317932128906, [(0 25 10)-(3 31 15)-(2 34 7)-(1 55 9)-(11 58 30)-(1 34 7)-(5 45 27)]
0.7138, 0.5534194427490234, [(1 48 1)-(2 45 25)-(2 0 19)-(15 33 6)-(3 9 29)-(11 19 11)-(6 11 6)]
0.714, 0.5525307128906249, [(10 56 16)-(8 3 13)-(7 31 28)-(2 61 30)-(0 63 27)-(1 54 27)-(9 54 26)]
0.714, 0.5525317108154297, [(9 25 8)-(5 49 14)-(6 33 30)-(6 33 19)-(3 27 0)-(3 33 12)-(12 13 0)]
0.714, 0.5525317230224609, [(15 37 21)-(13 59 15)-(5 39 20)-(9 3 1)-(15 27 27)-(3 61 18)-(9 25 7)]
0.7147, 0.5495932403564453, [(0 26 4)-(10 42 0)-(10 35 31)-(5 25 25)-(13 8 21)-(10 28 8)-(3 40 16)]
0.6472, 0.6026153991699219, [(2 0 23)-(7 61 24)-(5 0 23)-(11 39 20)-(12 14 18)-(9 7 29)-(0 47 3)]
0.1255, 0.9313249145507811, [(6 45 27)-(11 16 26)-(14 38 28)-(8 60 20)-(7 20 16)-(0 10 10)-(6 29 30)]
0.6386000000000001, 0.547026025390625, [(10 7 27)-(0 20 22)-(3 56 26)-(15 10 22)-(11 17 24)-(8 11 25)-(4 15 15)]
0.6778, 0.5624331237792969, [(12 2 19)-(8 60 31)-(9 16 25)-(6 56 1)-(8 46 14)-(8 12 28)-(0 22 31)]
0.714, 0.5525317199707032, [(5 59 27)-(0 34 27)-(15 30 27)-(9 51 19)-(4 35 5)-(11 49 10)-(11 2 0)]
0.7135, 0.551474008178711, [(2 34 3)-(13 35 7)-(2 39 23)-(10 17 23)-(3 27 18)-(1 25 3)-(2 37 22)]
0.7127, 0.5518681091308594, [(11 31 12)-(13 24 29)-(12 3 22)-(6 45 14)-(5 12 17)-(2 20 2)-(10 42 29)]
0.7009000000000001, 0.5238196365356446, [(6 26 25)-(5 12 5)-(9 54 3)-(3 5 5)-(4 7 25)-(0 5 21)-(9 17 28)]
0.7058, 0.5460762756347657, [(9 9 8)-(8 21 24)-(13 16 22)-(10 31 30)-(5 25 26)-(12 25 5)-(0 62 21)]
0.7141, 0.5525240539550782, [(1 20 27)-(10 29 22)-(10 9 29)-(3 42 8)-(12 31 25)-(9 31 22)-(3 22 16)]
0.7079, 0.546061734008789, [(11 48 21)-(1 0 18)-(11 20 2)-(11 58 28)-(5 55 30)-(12 6 26)-(6 4 12)]
0.7021999999999999, 0.5487658721923828, [(8 7 19)-(14 62 21)-(7 22 25)-(7 6 0)-(12 49 18)-(1 60 1)-(5 7 6)]
0.7123999999999999, 0.5527085327148438, [(6 21 8)-(3 5 22)-(5 46 25)-(13 5 15)-(11 26 21)-(8 45 1)-(9 21 7)]
0.714, 0.5525107818603516, [(15 40 1)-(14 4 11)-(14 20 1)-(2 13 18)-(4 48 21)-(13 8 6)-(12 32 20)]
0.6106, 0.5019457504272461, [(1 61 12)-(5 27 31)-(3 56 13)-(1 34 26)-(11 38 9)-(10 9 29)-(14 0 8)]
0.7141, 0.5524424407958984, [(1 28 13)-(0 52 25)-(13 19 26)-(14 25 26)-(2 2 17)-(10 60 23)-(9 23 10)]
0.7135, 0.5521908203125, [(14 6 20)-(9 59 9)-(7 29 5)-(13 1 20)-(12 48 20)-(10 43 12)-(11 36 28)]
0.4003, 0.5250660354614258, [(15 45 29)-(7 7 20)-(4 36 13)-(14 37 26)-(10 24 6)-(6 0 25)-(9 29 19)]
0.396, 0.6844411865234374, [(13 12 5)-(0 63 25)-(11 50 3)-(15 25 15)-(5 2 25)-(7 8 5)-(14 20 24)]
0.0995, 0.0, [(11 37 18)-(9 12 11)-(11 59 31)-(14 12 11)-(1 12 30)-(2 44 21)-(12 7 24)]
0.7139, 0.552528662109375, [(8 49 23)-(4 38 21)-(0 15 12)-(2 63 0)-(14 35 14)-(5 19 5)-(10 29 27)]
0.7137, 0.5524372955322265, [(1 48 8)-(10 36 22)-(0 31 9)-(6 22 27)-(6 7 27)-(7 16 8)-(6 42 15)]
0.7135, 0.5526300598144531, [(5 20 19)-(9 46 16)-(0 40 9)-(12 4 20)-(3 29 19)-(1 10 7)-(15 23 15)]
0.7061, 0.5519984832763671, [(3 52 9)-(5 57 9)-(15 47 16)-(10 15 20)-(10 18 14)-(5 27 22)-(14 18 10)]
0.714, 0.5525313720703124, [(5 38 11)-(0 60 9)-(12 9 2)-(13 38 8)-(1 63 17)-(10 5 18)-(2 9 10)]
0.714, 0.5525317352294922, [(5 30 7)-(11 60 20)-(15 51 28)-(14 16 21)-(10 50 10)-(3 46 18)-(3 7 3)]
0.714, 0.5525321563720703, [(6 38 30)-(2 56 29)-(8 56 7)-(1 23 12)-(6 36 15)-(13 57 0)-(11 47 24)]
0.7139, 0.5525964416503906, [(12 40 27)-(7 32 1)-(2 39 25)-(1 10 15)-(8 40 17)-(5 54 1)-(6 0 14)]
0.6198, nan, [(3 19 25)-(1 59 9)-(5 0 29)-(0 50 20)-(4 18 14)-(10 51 2)-(13 59 19)]
0.7135, 0.5518918029785156, [(8 6 20)-(9 46 22)-(2 11 31)-(15 25 9)-(13 53 23)-(13 6 17)-(10 63 27)]
0.714, 0.552531704711914, [(0 33 11)-(8 14 0)-(15 22 10)-(4 9 13)-(4 2 7)-(6 53 31)-(11 60 0)]
0.7139, 0.5524828979492187, [(7 34 19)-(0 60 6)-(0 45 7)-(0 0 10)-(14 17 0)-(7 23 21)-(8 44 8)]
0.7138, 0.5525271789550781, [(10 42 12)-(11 2 5)-(6 56 8)-(5 12 20)-(2 17 16)-(8 47 21)-(12 26 13)]
0.7146999999999999, 0.5515800872802734, [(12 38 10)-(6 28 27)-(10 56 28)-(15 22 2)-(3 15 7)-(15 25 10)-(0 35 6)]
0.6946, 0.5407368927001953, [(10 17 25)-(6 4 6)-(4 45 4)-(7 22 21)-(11 30 25)-(10 34 1)-(13 19 6)]
0.7143999999999999, 0.5528834533691407, [(8 8 12)-(10 6 17)-(4 44 10)-(0 17 20)-(0 12 20)-(14 62 1)-(10 43 24)]
0.7139, 0.5516840454101563, [(2 37 0)-(4 43 5)-(12 61 15)-(8 29 28)-(15 63 30)-(14 35 25)-(2 11 22)]
0.7121, 0.5529574523925781, [(12 10 25)-(6 31 2)-(3 60 29)-(5 39 5)-(4 9 11)-(11 29 17)-(7 43 25)]
0.714, 0.5525317291259766, [(11 11 8)-(14 5 30)-(7 39 2)-(0 50 10)-(11 49 1)-(4 38 15)-(9 44 30)]
0.7133, 0.5506073303222656, [(13 32 18)-(2 61 24)-(7 23 24)-(5 15 13)-(7 49 23)-(15 30 5)-(2 47 23)]
0.714, 0.5525379333496094, [(7 17 10)-(4 56 7)-(14 9 2)-(6 25 10)-(2 9 14)-(15 20 2)-(2 9 14)]
0.6874, 0.5235193572998047, [(10 56 11)-(2 51 15)-(6 21 25)-(2 55 3)-(15 31 11)-(10 7 1)-(11 26 23)]
0.714, 0.552531640625, [(3 1 3)-(6 43 20)-(3 59 21)-(13 6 22)-(15 3 21)-(8 35 31)-(10 29 14)]
0.7132000000000001, 0.5538043365478516, [(6 23 23)-(14 45 15)-(5 4 20)-(11 42 8)-(15 12 14)-(7 41 7)-(5 21 28)]
0.7142, 0.5524928283691406, [(7 2 29)-(14 13 20)-(9 2 27)-(4 48 15)-(0 13 2)-(5 50 2)-(7 39 7)]
0.7137, 0.552459243774414, [(0 4 21)-(9 45 6)-(7 19 17)-(1 57 25)-(13 33 9)-(14 22 31)-(1 48 5)]
0.0953, 0.0, [(8 28 30)-(8 19 31)-(13 62 28)-(15 34 12)-(9 18 19)-(15 38 31)-(3 16 26)]
0.714, 0.5525317230224609, [(13 13 23)-(12 60 17)-(2 36 24)-(10 35 5)-(12 32 13)-(4 55 31)-(2 23 2)]
0.7136, 0.5524613647460938, [(6 10 16)-(12 24 31)-(11 18 16)-(13 29 10)-(8 9 16)-(10 59 3)-(0 5 9)]
0.714, 0.5525238189697266, [(15 51 11)-(4 17 10)-(10 16 12)-(4 14 18)-(1 2 2)-(8 55 1)-(10 54 26)]
0.5761000000000001, 0.5298677734375, [(3 16 14)-(1 2 24)-(4 7 29)-(13 11 28)-(10 38 9)-(1 34 16)-(11 47 2)]
0.5776, 0.4954124526977539, [(8 2 24)-(9 39 22)-(11 12 3)-(2 48 30)-(5 58 27)-(9 50 4)-(3 52 6)]
0.714, 0.5525317199707032, [(8 7 0)-(14 15 3)-(12 16 4)-(0 23 31)-(7 49 9)-(8 33 14)-(15 59 15)]
0.714, 0.55253193359375, [(6 59 2)-(3 43 19)-(4 62 0)-(10 41 31)-(12 43 13)-(0 0 6)-(4 44 0)]
0.7142999999999999, 0.552579559326172, [(3 62 29)-(15 19 8)-(0 41 11)-(12 0 9)-(8 15 27)-(6 34 1)-(14 48 7)]
0.7107, 0.5510355407714844, [(15 52 6)-(8 15 12)-(5 30 14)-(9 9 21)-(11 25 24)-(5 3 20)-(12 45 22)]
0.7127, 0.5527925170898438, [(13 60 14)-(8 30 9)-(0 14 15)-(15 14 23)-(3 7 23)-(5 17 9)-(3 52 19)]
0.7105, 0.5488038879394531, [(3 59 1)-(6 3 18)-(1 41 23)-(11 45 24)-(3 28 26)-(2 40 11)-(6 53 11)]
0.714, 0.5525317443847656, [(11 49 24)-(10 4 4)-(12 58 20)-(12 38 30)-(7 31 18)-(12 37 19)-(8 39 19)]
0.714, 0.5525326843261719, [(2 8 9)-(2 37 0)-(10 0 8)-(9 31 19)-(9 14 1)-(6 62 12)-(11 58 19)]
0.091, 0.0, [(9 42 14)-(5 32 4)-(1 18 19)-(4 17 2)-(10 24 5)-(4 43 23)-(1 6 30)]
0.7116, 0.5499315979003906, [(15 42 20)-(14 32 4)-(10 1 27)-(11 33 28)-(6 54 19)-(6 36 3)-(6 34 8)]
0.7137, 0.5527181335449218, [(1 34 22)-(5 16 17)-(14 9 8)-(8 0 16)-(2 62 18)-(5 44 27)-(4 44 20)]
0.714, 0.5525316711425781, [(10 31 9)-(14 49 23)-(2 54 12)-(0 27 0)-(6 8 7)-(0 32 10)-(15 33 28)]
0.10400000000000001, 0.0, [(0 1 19)-(14 34 21)-(15 56 6)-(11 32 26)-(2 24 2)-(11 5 30)-(8 34 20)]
0.7141, 0.5525984436035156, [(10 12 16)-(7 8 11)-(10 50 23)-(6 21 17)-(5 20 27)-(13 11 23)-(14 50 9)]
0.714, 0.5525317291259766, [(14 24 13)-(8 19 2)-(10 38 9)-(10 27 4)-(13 43 24)-(9 44 0)-(13 48 31)]
0.7122999999999999, 0.5522797821044922, [(5 54 4)-(12 45 17)-(2 39 23)-(4 49 16)-(3 56 9)-(0 51 29)-(1 19 24)]
0.7133, 0.5526679412841797, [(7 58 0)-(6 56 3)-(12 44 18)-(1 54 3)-(0 1 12)-(7 17 23)-(4 58 24)]
0.7123999999999999, 0.5515225616455077, [(8 57 17)-(9 49 4)-(1 4 31)-(3 37 23)-(7 40 3)-(11 30 1)-(1 56 22)]
0.714, 0.5525327362060547, [(11 59 20)-(4 33 1)-(12 49 19)-(9 15 15)-(6 36 30)-(11 41 4)-(10 54 7)]
0.714, 0.5525317108154297, [(5 35 4)-(9 34 14)-(6 37 22)-(13 32 27)-(10 36 31)-(11 49 24)-(14 41 5)]
0.7116, 0.5454134338378906, [(5 8 26)-(6 38 14)-(0 30 30)-(12 53 24)-(5 23 12)-(2 42 24)-(4 29 3)]
0.7135, 0.5526308212280273, [(7 29 0)-(9 7 0)-(13 7 5)-(4 15 0)-(9 13 1)-(15 17 3)-(8 27 20)]
0.714, 0.5525317138671875, [(11 10 29)-(1 55 19)-(0 45 16)-(14 29 22)-(13 42 26)-(5 41 8)-(14 3 23)]
0.7141, 0.5525201538085938, [(10 11 0)-(1 39 28)-(7 49 26)-(12 57 12)-(11 6 27)-(4 62 4)-(15 26 18)]
0.7136, 0.5525060729980469, [(1 6 16)-(14 63 30)-(6 1 17)-(15 2 18)-(13 24 26)-(15 35 13)-(13 19 7)]
0.7139, 0.5524339385986328, [(11 46 15)-(1 45 15)-(14 20 1)-(11 54 13)-(2 51 27)-(2 24 20)-(7 40 2)]
0.7139, 0.5523747802734376, [(0 15 15)-(4 18 21)-(1 54 13)-(2 6 19)-(2 63 10)-(13 37 4)-(5 20 9)]
0.714, 0.5525317657470703, [(2 62 26)-(3 46 10)-(4 12 9)-(3 31 12)-(3 8 2)-(5 54 7)-(3 53 1)]
0.526, 0.5381497421264649, [(8 18 10)-(8 24 27)-(1 2 25)-(12 20 3)-(14 35 17)-(4 16 26)-(14 27 22)]
0.714, 0.5525317291259766, [(6 63 30)-(15 11 20)-(0 10 3)-(13 23 19)-(8 57 8)-(11 38 21)-(0 33 26)]
0.714, 0.5525129913330078, [(3 5 5)-(2 7 18)-(15 51 3)-(5 23 11)-(4 27 17)-(8 41 27)-(1 62 9)]
0.7106, 0.5474493225097656, [(14 51 9)-(3 37 7)-(4 6 3)-(1 61 9)-(14 28 20)-(5 4 31)-(15 16 2)]
0.7127, 0.550502978515625, [(13 40 28)-(15 55 1)-(5 31 15)-(3 31 18)-(7 24 26)-(4 38 21)-(7 26 16)]
0.714, 0.5525317352294923, [(7 25 9)-(4 31 24)-(7 37 2)-(14 7 31)-(13 61 2)-(1 30 4)-(14 36 24)]
0.714, 0.5525316833496094, [(11 1 29)-(2 5 9)-(7 27 1)-(12 50 25)-(15 62 7)-(9 57 26)-(15 12 31)]
0.7, 0.5592875030517578, [(1 26 6)-(15 45 15)-(1 1 14)-(0 58 21)-(3 25 26)-(1 44 10)-(15 58 16)]
0.714, 0.5525317260742187, [(8 53 1)-(8 1 4)-(13 13 23)-(4 43 8)-(10 63 18)-(3 36 31)-(10 50 16)]
0.714, 0.5525317169189453, [(5 57 18)-(3 62 21)-(11 50 2)-(6 38 15)-(9 59 1)-(8 32 25)-(11 24 8)]
0.7109, 0.5472329483032227, [(13 21 31)-(6 52 29)-(14 52 6)-(4 37 4)-(13 38 6)-(9 5 31)-(3 31 29)]
0.714, 0.5525318206787109, [(12 34 2)-(4 41 14)-(2 33 19)-(4 15 11)-(4 46 28)-(8 37 3)-(9 16 0)]
0.7050000000000001, 0.5447544342041015, [(3 54 4)-(12 6 25)-(10 31 29)-(5 47 28)-(3 63 9)-(9 38 9)-(14 9 30)]
0.7135, 0.5527665496826172, [(4 17 4)-(7 38 30)-(7 17 20)-(8 36 2)-(8 5 13)-(7 20 19)-(4 18 14)]
0.7103999999999999, 0.5480456268310547, [(2 45 2)-(3 54 7)-(4 34 24)-(0 18 22)-(15 33 20)-(9 23 26)-(4 61 11)]
0.714, 0.5525317291259766, [(3 45 1)-(12 41 27)-(14 9 27)-(6 31 28)-(1 48 13)-(9 35 16)-(7 37 0)]
0.7135, 0.5525665466308594, [(12 8 9)-(8 62 9)-(10 32 28)-(14 34 12)-(0 16 17)-(7 11 18)-(7 51 9)]
0.714, 0.5525331909179687, [(9 53 11)-(8 20 11)-(4 46 28)-(12 8 14)-(6 9 2)-(14 52 18)-(9 12 18)]
0.7139, 0.5525292297363281, [(12 41 0)-(0 33 17)-(2 10 18)-(9 50 17)-(10 52 28)-(9 44 1)-(11 23 15)]
0.7112, 0.5539866455078125, [(11 17 28)-(3 26 12)-(12 9 5)-(3 53 8)-(11 58 16)-(5 46 10)-(1 22 16)]
0.7135, 0.5525452301025391, [(15 4 1)-(7 45 23)-(4 8 4)-(12 14 21)-(7 8 3)-(0 29 27)-(11 44 2)]
0.0974, 0.0, [(10 19 16)-(5 35 8)-(2 27 30)-(13 20 15)-(12 37 17)-(9 14 19)-(1 41 8)]
0.7142, 0.5525231048583985, [(3 32 1)-(9 41 2)-(8 22 19)-(0 33 12)-(7 22 14)-(11 23 28)-(0 39 15)]
0.714, 0.5525317291259766, [(8 23 3)-(13 51 4)-(14 48 31)-(0 55 5)-(1 59 12)-(0 62 17)-(10 25 1)]
0.6733, 0.5515378997802735, [(10 22 25)-(15 10 30)-(2 58 17)-(9 54 3)-(6 47 16)-(4 47 14)-(4 43 26)]
0.1157, 0.0, [(12 36 11)-(3 16 14)-(13 47 27)-(6 26 4)-(3 58 31)-(2 28 30)-(5 58 11)]
0.714, 0.55253173828125, [(6 55 5)-(0 38 21)-(0 39 26)-(4 58 11)-(11 42 14)-(1 54 7)-(5 33 9)]
0.6938, 0.5218408081054687, [(7 23 24)-(4 58 24)-(8 10 10)-(4 54 22)-(6 27 26)-(10 27 5)-(8 9 4)]
0.7138, 0.5523440368652344, [(6 13 19)-(10 30 26)-(7 21 17)-(3 9 16)-(6 22 8)-(1 22 1)-(1 7 23)]
0.7135, 0.5523064880371094, [(5 4 8)-(10 17 21)-(1 8 16)-(11 5 6)-(0 9 0)-(15 15 21)-(10 45 25)]
0.707, 0.5505025329589843, [(1 7 24)-(11 50 18)-(11 7 26)-(5 43 5)-(1 32 27)-(15 59 24)-(11 29 2)]
0.714, 0.55253173828125, [(6 50 6)-(2 43 13)-(0 53 3)-(0 43 18)-(15 44 17)-(13 61 0)-(1 49 14)]
0.7129, 0.553131607055664, [(13 28 5)-(8 44 17)-(8 11 23)-(5 40 1)-(13 14 3)-(3 3 13)-(4 26 7)]
0.7135, 0.5532923797607422, [(10 31 21)-(1 38 4)-(9 22 2)-(0 23 22)-(5 53 0)-(9 21 8)-(13 45 0)]
0.7126, 0.5504640686035156, [(4 21 9)-(15 41 9)-(4 38 31)-(1 43 23)-(3 13 26)-(0 30 11)-(15 54 27)]
0.7108, 0.5529612976074219, [(8 35 9)-(12 21 31)-(2 6 13)-(2 48 23)-(2 44 22)-(7 54 22)-(3 51 2)]
0.714, 0.5525320678710938, [(14 58 10)-(10 38 8)-(4 7 29)-(14 50 7)-(9 7 12)-(3 45 26)-(8 41 29)]
0.10880000000000001, 0.9977340148925782, [(8 38 7)-(6 5 30)-(15 18 7)-(5 48 11)-(9 10 9)-(10 40 5)-(13 36 15)]
0.714, 0.5525351776123046, [(7 53 7)-(4 18 18)-(14 26 12)-(8 39 17)-(14 43 9)-(15 13 3)-(4 8 5)]
0.714, 0.5525317199707032, [(14 43 18)-(1 62 19)-(3 54 27)-(13 28 14)-(14 27 23)-(7 43 23)-(2 34 4)]
0.7141, 0.5524098602294922, [(0 34 31)-(5 24 17)-(13 34 14)-(11 31 9)-(4 58 4)-(9 39 5)-(12 22 31)]
0.7139, 0.5525434295654297, [(8 41 21)-(8 26 15)-(12 19 16)-(5 58 8)-(12 50 16)-(10 52 6)-(13 17 27)]
0.714, 0.5525317291259766, [(13 9 23)-(0 60 1)-(5 57 20)-(13 26 3)-(1 27 2)-(7 41 14)-(0 32 12)]
0.7125999999999999, 0.5534820068359375, [(9 19 21)-(13 3 24)-(5 60 3)-(6 8 27)-(10 44 15)-(9 21 2)-(15 19 7)]
0.7139, 0.5525485626220703, [(9 63 11)-(4 31 23)-(2 45 3)-(0 36 16)-(13 15 8)-(7 17 6)-(4 26 16)]
0.714, 0.552540673828125, [(13 44 21)-(12 7 9)-(14 47 3)-(6 7 8)-(12 34 1)-(12 15 15)-(2 28 10)]
0.7138, 0.552552621459961, [(5 57 12)-(4 58 21)-(5 52 27)-(12 18 10)-(10 15 28)-(8 0 11)-(11 43 27)]
0.714, 0.5525317504882812, [(3 50 20)-(1 31 3)-(13 4 28)-(1 33 1)-(7 7 7)-(6 23 4)-(0 34 4)]
0.7133, 0.5523036529541016, [(11 6 14)-(15 5 27)-(15 57 23)-(8 41 28)-(0 28 22)-(15 10 10)-(12 2 27)]
0.714, 0.5525317352294922, [(6 40 16)-(5 21 3)-(10 42 20)-(4 55 25)-(4 26 29)-(15 35 13)-(12 43 4)]
0.7038, 0.5445606750488281, [(6 4 4)-(12 25 18)-(8 30 2)-(10 59 25)-(2 44 12)-(11 36 15)-(0 13 25)]
0.7005, 0.5421415466308594, [(12 1 6)-(13 25 20)-(11 31 1)-(8 38 13)-(3 6 31)-(10 60 31)-(5 25 18)]
0.714, 0.5525317108154297, [(15 53 8)-(14 49 4)-(9 29 29)-(11 63 17)-(4 1 6)-(6 37 12)-(9 36 14)]
0.1134, 0.0, [(14 24 12)-(2 55 2)-(3 21 29)-(14 34 24)-(1 2 30)-(11 57 16)-(11 48 31)]
0.714, 0.5526847534179687, [(12 16 21)-(0 48 6)-(8 24 8)-(6 42 0)-(12 3 5)-(7 53 21)-(11 12 1)]
0.714, 0.5525347106933594, [(9 43 12)-(3 7 17)-(11 21 2)-(15 4 20)-(7 31 23)-(3 45 12)-(6 54 1)]
0.6792, 0.5735745574951172, [(14 49 25)-(1 48 12)-(6 0 16)-(7 12 20)-(12 27 8)-(6 59 17)-(12 15 29)]
0.714, 0.5525434341430664, [(0 18 4)-(9 39 0)-(1 15 29)-(3 13 27)-(1 17 6)-(8 45 23)-(10 12 19)]
0.536, 0.5033749023437499, [(10 48 17)-(13 39 24)-(4 10 15)-(14 45 6)-(0 7 2)-(4 2 25)-(14 4 21)]
0.714, 0.5525317352294922, [(8 4 0)-(0 48 6)-(7 50 14)-(5 42 23)-(12 32 11)-(10 35 29)-(2 43 18)]
0.714, 0.5525317260742187, [(13 42 19)-(12 30 13)-(11 31 6)-(12 43 26)-(3 62 19)-(13 31 27)-(15 40 7)]
0.714, 0.5525317413330078, [(8 21 7)-(8 49 21)-(4 34 21)-(2 34 8)-(1 31 24)-(15 24 25)-(10 45 4)]
0.1004, 0.0, [(6 7 30)-(7 40 20)-(1 41 7)-(2 47 4)-(11 32 2)-(4 44 2)-(11 55 0)]
0.714, 0.5525317596435547, [(11 54 7)-(15 48 19)-(4 38 4)-(6 13 10)-(1 24 3)-(3 22 11)-(15 20 31)]
0.7141, 0.5528859802246093, [(14 29 17)-(5 40 19)-(7 47 26)-(5 61 22)-(11 27 24)-(15 7 5)-(0 31 27)]
0.6992, 0.5454436340332032, [(6 7 3)-(8 12 23)-(3 11 25)-(3 16 22)-(5 46 20)-(4 38 4)-(10 5 18)]
0.7139, 0.5524701446533202, [(14 34 12)-(9 22 31)-(14 25 29)-(2 51 17)-(15 5 29)-(15 52 29)-(11 27 13)]
0.4951, 0.0, [(14 30 7)-(5 17 30)-(2 46 4)-(3 49 1)-(0 8 2)-(1 60 28)-(7 10 19)]
0.7135, 0.5535629669189452, [(6 57 2)-(3 57 27)-(0 10 24)-(13 56 10)-(13 50 22)-(0 26 14)-(15 48 13)]
0.714, 0.5525347900390625, [(3 0 11)-(13 9 19)-(5 51 6)-(4 43 31)-(9 46 9)-(7 16 29)-(1 59 0)]
0.7137, 0.55253544921875, [(5 14 18)-(14 19 16)-(0 63 25)-(1 62 9)-(12 63 8)-(1 50 22)-(2 60 4)]
0.7138, 0.5526230560302734, [(1 4 19)-(13 44 30)-(4 15 21)-(14 34 21)-(10 32 22)-(1 51 19)-(6 55 21)]
0.714, 0.5525317169189453, [(5 58 6)-(6 50 11)-(15 18 7)-(13 53 22)-(12 31 19)-(12 48 29)-(0 38 25)]
0.7076, 0.5502599365234375, [(9 38 24)-(7 18 25)-(2 2 1)-(12 9 7)-(7 28 31)-(15 22 14)-(7 46 8)]
0.7130000000000001, 0.5525293334960938, [(12 33 15)-(7 36 1)-(3 29 24)-(12 35 25)-(12 40 10)-(6 56 28)-(3 18 0)]
0.714, 0.5525543304443359, [(15 61 23)-(0 52 19)-(3 21 1)-(11 32 24)-(12 59 21)-(9 20 18)-(0 8 14)]
0.1469, 0.0, [(9 25 30)-(13 56 15)-(15 23 18)-(1 31 1)-(7 16 13)-(10 35 9)-(15 53 9)]
0.7138, 0.5524404418945312, [(7 37 11)-(13 14 3)-(9 23 29)-(4 6 21)-(4 58 5)-(3 27 11)-(10 61 4)]
0.7113, 0.5517346740722656, [(3 25 2)-(15 62 24)-(7 31 19)-(12 3 10)-(13 37 12)-(11 17 26)-(5 47 17)]
0.7135, 0.5527265869140625, [(1 21 17)-(3 2 17)-(8 53 29)-(7 14 28)-(6 14 19)-(3 34 28)-(11 6 6)]
0.0942, 0.0, [(0 22 28)-(3 3 21)-(13 56 21)-(7 8 30)-(9 6 17)-(10 14 1)-(0 12 18)]
0.714, 0.5525301483154297, [(7 33 21)-(7 28 28)-(2 25 1)-(7 9 2)-(3 55 1)-(7 45 22)-(12 11 16)]
0.1006, 0.9993794494628907, [(11 11 20)-(2 34 19)-(2 5 3)-(5 38 20)-(3 55 24)-(4 22 30)-(8 27 20)]
0.714, 0.5525317199707032, [(3 37 13)-(10 43 25)-(15 41 7)-(6 35 26)-(4 60 16)-(12 54 20)-(15 41 0)]
0.714, 0.5525317291259766, [(10 13 10)-(15 15 29)-(5 41 31)-(0 37 20)-(5 40 1)-(8 43 14)-(15 19 16)]
0.7129, 0.5633206481933594, [(15 25 31)-(0 0 21)-(5 56 21)-(10 8 16)-(7 41 25)-(2 24 18)-(6 16 31)]
0.6954, 0.5461492858886718, [(5 36 19)-(2 2 11)-(0 18 8)-(10 14 24)-(10 17 27)-(1 41 10)-(8 37 11)]
0.0989, 0.45, [(0 57 6)-(13 27 22)-(0 2 7)-(1 9 22)-(0 51 9)-(12 59 2)-(0 19 30)]
0.7134, 0.5526126525878907, [(7 24 5)-(15 58 13)-(8 5 20)-(12 30 8)-(4 16 13)-(10 59 27)-(1 20 14)]
0.714, 0.5525761169433594, [(8 53 30)-(4 16 8)-(8 12 28)-(6 0 15)-(6 8 4)-(1 28 20)-(9 53 19)]
0.714, 0.5525318054199219, [(12 38 7)-(9 0 5)-(2 7 7)-(5 3 6)-(13 38 20)-(3 14 2)-(5 35 27)]
0.714, 0.5525448577880859, [(1 46 27)-(6 37 21)-(15 19 20)-(7 27 27)-(5 37 17)-(10 28 5)-(0 22 17)]
0.38580000000000003, 0.57912001953125, [(5 44 23)-(12 10 7)-(8 0 25)-(9 30 2)-(14 11 5)-(10 33 3)-(0 49 4)]
0.7132000000000001, 0.5518496002197266, [(3 11 26)-(6 37 1)-(10 1 5)-(4 53 30)-(1 13 28)-(6 37 28)-(6 43 31)]
0.714, 0.5525283142089843, [(12 39 30)-(11 42 22)-(10 17 7)-(8 37 3)-(4 24 19)-(7 7 31)-(1 32 27)]
0.714, 0.5525317291259766, [(0 46 7)-(15 18 11)-(13 46 5)-(2 40 0)-(15 24 19)-(14 63 0)-(15 28 17)]
0.7141, 0.5525725189208985, [(1 29 18)-(0 32 2)-(15 8 1)-(3 63 1)-(14 12 12)-(13 41 30)-(2 27 16)]
0.0954, 0.9964927490234374, [(0 58 3)-(3 45 15)-(13 19 9)-(6 58 8)-(9 30 8)-(13 45 5)-(4 11 30)]
0.7132, 0.5526109802246093, [(4 48 15)-(0 24 5)-(13 4 6)-(11 25 31)-(9 40 6)-(6 6 18)-(13 43 28)]
0.714, 0.5525317321777343, [(6 36 31)-(2 22 29)-(6 55 30)-(9 2 8)-(12 49 22)-(11 0 0)-(15 10 2)]
0.714, 0.5525317993164063, [(0 18 3)-(7 43 25)-(11 6 13)-(10 26 9)-(7 61 19)-(3 35 20)-(9 0 6)]
0.7102999999999999, 0.548741000366211, [(0 14 9)-(14 31 9)-(2 20 7)-(12 54 26)-(8 20 26)-(5 30 1)-(6 56 24)]
0.7141, 0.552638687133789, [(5 4 10)-(9 16 27)-(15 3 28)-(15 30 21)-(14 51 4)-(12 57 18)-(12 8 12)]
0.714, 0.5524917694091797, [(15 19 29)-(11 33 10)-(0 14 12)-(1 53 0)-(9 52 9)-(6 5 27)-(8 25 6)]
0.7135, 0.5525024017333984, [(0 6 2)-(5 50 25)-(12 47 2)-(8 1 12)-(1 25 28)-(13 44 12)-(4 24 23)]
0.714, 0.5525317352294922, [(6 35 26)-(7 47 31)-(10 21 1)-(11 49 13)-(13 32 16)-(12 58 12)-(11 31 2)]
0.714, 0.5525368530273438, [(11 12 9)-(2 8 12)-(14 22 27)-(5 6 13)-(6 17 10)-(12 36 22)-(9 38 29)]
0.7110000000000001, 0.5490349273681641, [(6 12 23)-(14 38 6)-(6 54 10)-(3 23 3)-(9 38 27)-(15 27 14)-(4 17 24)]
0.7098, 0.5466750762939453, [(4 0 2)-(0 44 12)-(12 18 7)-(6 45 7)-(4 3 25)-(11 27 15)-(7 33 13)]
0.7128, 0.552833349609375, [(9 35 6)-(1 15 22)-(8 59 30)-(0 38 17)-(7 50 12)-(5 26 17)-(7 42 23)]
0.7142, 0.5525101318359376, [(14 11 26)-(4 62 19)-(4 43 18)-(15 58 29)-(9 54 7)-(10 5 22)-(7 23 8)]
0.7137, 0.5524642333984375, [(2 59 25)-(13 7 6)-(6 46 8)-(6 60 22)-(9 49 26)-(12 3 9)-(0 28 21)]
0.714, 0.552531689453125, [(6 50 25)-(9 3 4)-(12 62 4)-(14 9 21)-(2 29 11)-(4 31 5)-(0 51 9)]
0.714, 0.5525317138671875, [(11 60 14)-(3 49 12)-(9 63 20)-(2 62 1)-(12 34 4)-(12 50 2)-(4 52 0)]
0.7132000000000001, 0.5525781646728516, [(5 57 8)-(7 22 24)-(7 46 10)-(12 35 30)-(11 46 9)-(7 62 0)-(2 25 19)]
0.714, 0.5525317321777343, [(13 49 1)-(5 35 14)-(13 21 13)-(4 18 28)-(5 47 30)-(13 23 27)-(3 55 3)]
0.714, 0.5525302917480469, [(1 5 14)-(6 7 18)-(5 41 15)-(8 33 16)-(2 30 1)-(10 30 1)-(7 63 7)]
0.6859999999999999, 0.5056505004882812, [(7 49 2)-(7 45 23)-(0 10 26)-(7 43 8)-(14 19 13)-(9 10 30)-(1 12 5)]
0.158, 0.9622486419677734, [(15 35 9)-(4 10 30)-(8 59 9)-(7 33 3)-(9 13 7)-(4 33 1)-(8 10 20)]
0.714, 0.5525658172607422, [(2 28 0)-(9 17 15)-(9 15 27)-(7 35 31)-(12 34 24)-(3 54 29)-(5 1 4)]
0.7139, 0.5524525085449219, [(10 53 16)-(6 24 22)-(7 61 14)-(11 56 20)-(8 16 5)-(14 27 29)-(1 55 8)]
0.714, 0.5525317932128906, [(9 53 11)-(13 12 28)-(6 13 28)-(12 44 21)-(0 50 27)-(12 23 11)-(6 34 19)]
0.2931, 0.0, [(14 8 17)-(4 13 18)-(0 17 30)-(15 48 6)-(14 54 10)-(6 53 28)-(1 35 25)]
0.714, 0.5525317291259766, [(11 62 7)-(2 58 10)-(13 25 6)-(1 29 8)-(1 36 22)-(11 20 2)-(10 62 18)]
0.7134, 0.5524856933593749, [(3 29 22)-(3 62 19)-(15 41 9)-(12 51 1)-(13 45 10)-(6 63 1)-(3 49 24)]
0.7086, 0.5643731658935547, [(10 35 25)-(9 0 22)-(14 24 3)-(10 3 15)-(7 51 21)-(3 31 8)-(5 62 7)]
0.714, 0.5525317291259766, [(3 63 24)-(1 54 10)-(14 3 23)-(15 53 22)-(15 12 31)-(5 33 16)-(14 13 21)]
0.7136, 0.551987451171875, [(2 5 22)-(9 23 29)-(2 44 0)-(2 56 20)-(10 59 14)-(10 7 19)-(12 10 23)]
0.7139, 0.552552114868164, [(12 21 18)-(13 19 2)-(12 20 11)-(8 33 20)-(11 3 14)-(0 35 26)-(14 33 5)]
0.7136, 0.5539760864257812, [(6 41 15)-(11 57 21)-(10 38 23)-(7 39 1)-(9 18 28)-(7 4 31)-(9 16 23)]
0.7098, 0.5538652282714844, [(0 23 19)-(0 24 21)-(7 5 24)-(10 51 12)-(13 46 18)-(9 47 29)-(1 7 12)]
0.7133, 0.5500773956298828, [(11 4 31)-(12 10 18)-(2 53 6)-(15 59 31)-(8 13 31)-(7 30 2)-(7 38 22)]
0.714, 0.5525317657470703, [(14 60 11)-(10 30 14)-(6 2 6)-(4 28 9)-(11 34 27)-(1 54 26)-(9 60 11)]
0.7102, 0.5512939025878907, [(1 59 28)-(3 31 17)-(12 1 22)-(7 24 1)-(13 36 29)-(5 59 26)-(3 52 23)]
0.714, 0.5525317199707032, [(2 60 19)-(13 46 26)-(1 26 9)-(15 5 11)-(6 39 16)-(6 12 1)-(13 38 9)]
0.5757, nan, [(4 0 29)-(5 46 14)-(7 25 1)-(6 33 26)-(13 25 30)-(0 8 27)-(15 51 7)]
0.7143999999999999, 0.5524546020507812, [(5 16 10)-(8 44 4)-(0 62 20)-(4 3 20)-(2 20 9)-(5 28 2)-(2 37 23)]
0.7139, 0.5525457778930665, [(8 19 18)-(3 15 17)-(10 28 31)-(12 49 13)-(14 9 15)-(4 31 26)-(4 37 28)]
0.714, 0.55253173828125, [(13 31 25)-(9 22 9)-(9 46 13)-(14 10 13)-(7 19 8)-(15 58 26)-(13 61 9)]
0.714, 0.5525318878173828, [(2 26 11)-(1 58 28)-(9 37 24)-(13 36 14)-(10 43 23)-(10 10 0)-(3 16 7)]
0.714, 0.5525288909912109, [(7 48 19)-(8 43 16)-(3 53 7)-(4 25 17)-(15 60 16)-(10 58 11)-(9 62 29)]
0.7119, 0.5528248779296875, [(13 14 24)-(11 57 24)-(4 61 16)-(5 42 28)-(12 26 22)-(13 58 27)-(1 29 12)]
0.7134, 0.5527910888671874, [(11 37 20)-(3 13 0)-(6 39 1)-(5 16 22)-(15 31 9)-(12 27 3)-(3 2 28)]
0.7132000000000001, 0.5525938964843751, [(8 56 2)-(7 38 26)-(11 36 27)-(9 25 11)-(11 28 23)-(4 38 29)-(5 3 3)]
0.714, 0.5525317626953126, [(14 22 18)-(0 53 31)-(10 51 15)-(8 38 14)-(1 48 26)-(4 2 5)-(12 55 26)]
0.714, 0.5525317260742187, [(9 31 29)-(5 37 1)-(5 38 6)-(13 54 5)-(4 32 29)-(9 11 1)-(13 59 22)]
0.7131000000000001, 0.5525009338378906, [(13 41 10)-(12 24 21)-(4 19 2)-(2 51 3)-(1 12 4)-(0 21 18)-(8 41 10)]
0.714, 0.5525320465087891, [(3 59 7)-(2 9 9)-(12 33 24)-(1 0 5)-(14 61 2)-(2 50 4)-(15 60 14)]
0.714, 0.5525379943847656, [(2 36 10)-(8 58 4)-(15 40 7)-(1 26 3)-(14 6 5)-(2 28 15)-(0 62 19)]
0.714, 0.5525318572998047, [(5 52 13)-(0 11 0)-(7 30 31)-(14 57 26)-(8 7 8)-(8 19 29)-(12 41 2)]
0.7138, 0.5525634216308594, [(7 54 5)-(15 40 25)-(9 26 5)-(7 25 21)-(14 5 12)-(9 55 2)-(3 59 3)]
0.714, 0.552534603881836, [(13 26 1)-(4 12 15)-(13 5 4)-(2 51 9)-(9 60 30)-(9 13 5)-(3 21 6)]
0.7141, 0.551874691772461, [(1 16 7)-(9 17 24)-(9 39 3)-(11 43 15)-(9 6 2)-(5 40 0)-(4 3 14)]
0.7134, 0.552393441772461, [(4 57 14)-(0 18 23)-(3 39 25)-(2 37 16)-(13 16 4)-(11 60 15)-(13 44 27)]
0.714, 0.5525317321777343, [(1 5 29)-(10 40 15)-(15 19 19)-(11 48 2)-(10 49 27)-(15 34 24)-(13 31 22)]
0.714, 0.5525316894531249, [(5 13 14)-(4 38 9)-(2 26 28)-(14 1 4)-(7 39 28)-(9 12 10)-(3 13 29)]
0.1163, 0.0, [(6 36 2)-(4 17 30)-(1 55 2)-(7 44 3)-(2 27 4)-(15 40 20)-(3 16 9)]
0.7013, 0.5536715209960937, [(7 13 11)-(5 20 10)-(14 13 2)-(5 48 2)-(5 1 23)-(12 7 8)-(0 56 7)]
0.1137, 0.0, [(13 15 29)-(14 52 12)-(0 18 30)-(9 0 18)-(11 42 10)-(12 9 1)-(5 33 17)]
0.714, 0.5525284606933594, [(0 46 17)-(5 44 23)-(15 44 30)-(1 37 30)-(8 16 16)-(0 55 17)-(8 47 4)]
0.7134, 0.5526235260009766, [(1 4 3)-(4 0 1)-(5 62 24)-(3 11 15)-(0 63 15)-(3 2 18)-(4 9 4)]
0.714, 0.5525326263427734, [(11 26 10)-(13 26 27)-(6 5 29)-(9 6 3)-(9 60 20)-(7 7 14)-(15 5 25)]
0.7133, 0.5527281860351563, [(12 62 30)-(11 14 10)-(1 13 14)-(8 47 24)-(2 0 17)-(6 36 8)-(14 40 9)]
0.6676, 0.5251950332641602, [(15 54 13)-(15 53 24)-(9 2 26)-(13 53 0)-(1 47 1)-(13 24 12)-(6 8 20)]
0.7142, 0.5528268188476563, [(5 61 15)-(6 36 25)-(8 43 11)-(6 37 6)-(9 13 20)-(4 58 10)-(0 16 16)]
0.7139, 0.5507510437011719, [(13 10 13)-(8 59 31)-(5 58 26)-(0 19 24)-(10 62 18)-(5 44 31)-(2 31 13)]
0.7132000000000001, 0.5520360412597656, [(1 0 12)-(11 52 4)-(1 20 7)-(9 63 16)-(3 40 21)-(3 9 31)-(12 19 21)]
0.714, 0.5525208709716797, [(7 39 28)-(7 21 9)-(6 29 21)-(1 41 1)-(0 63 16)-(9 55 20)-(6 57 5)]
0.7138, 0.5524924865722656, [(12 12 14)-(0 46 26)-(11 1 10)-(8 30 0)-(15 63 13)-(7 6 18)-(5 5 19)]
0.6977, 0.5517097106933594, [(11 20 25)-(14 44 28)-(8 4 23)-(15 37 11)-(1 61 3)-(13 35 15)-(2 39 8)]
0.7134, 0.5530084686279297, [(13 7 16)-(3 25 21)-(0 61 30)-(9 34 6)-(3 63 6)-(11 10 7)-(10 44 31)]
0.7066, 0.557091455078125, [(12 8 14)-(5 34 7)-(4 12 24)-(9 26 23)-(3 44 11)-(6 62 12)-(15 4 17)]
0.714, 0.5525317291259766, [(5 46 26)-(6 48 14)-(9 35 7)-(9 61 16)-(3 57 25)-(7 50 23)-(3 39 9)]
0.7139, 0.5524121063232421, [(9 45 25)-(3 52 12)-(6 47 27)-(6 58 14)-(13 40 11)-(3 55 16)-(8 8 21)]
0.7135, 0.5532782745361329, [(12 7 31)-(13 51 3)-(1 36 26)-(1 26 21)-(5 6 3)-(10 43 22)-(6 17 21)]
0.714, 0.5525381317138671, [(15 45 7)-(4 44 6)-(0 18 6)-(3 23 18)-(14 55 12)-(9 62 13)-(1 36 27)]
0.714, 0.5525317291259766, [(8 57 16)-(14 6 24)-(6 26 0)-(3 48 27)-(8 29 1)-(14 40 9)-(2 45 21)]
0.714, 0.5525317901611329, [(9 51 30)-(3 8 8)-(6 34 24)-(0 43 0)-(15 10 26)-(4 23 16)-(3 15 13)]
0.714, 0.5525317291259766, [(13 7 25)-(14 20 0)-(10 50 8)-(10 13 9)-(14 53 13)-(0 36 2)-(4 14 1)]
0.7138, 0.5525993835449219, [(10 23 10)-(9 30 15)-(8 44 12)-(9 53 2)-(4 34 10)-(14 26 3)-(3 19 23)]
0.7139, 0.5525368057250977, [(12 60 9)-(0 46 31)-(7 12 17)-(15 37 17)-(9 25 14)-(9 7 13)-(1 51 26)]
0.6825, 0.5607709655761719, [(4 26 24)-(9 21 29)-(14 29 27)-(12 29 0)-(6 63 22)-(5 15 17)-(5 37 3)]
0.7134, 0.5525857879638671, [(13 42 10)-(0 48 24)-(3 24 22)-(1 44 8)-(4 0 15)-(6 48 0)-(9 13 28)]
0.714, 0.5525317260742187, [(3 50 12)-(13 62 16)-(2 43 13)-(6 60 30)-(2 40 27)-(7 42 25)-(15 55 22)]
0.7146, 0.5515797668457032, [(10 44 28)-(2 12 15)-(3 45 26)-(6 4 23)-(12 58 16)-(13 45 18)-(7 35 27)]
0.7132000000000001, 0.5540023834228516, [(14 16 24)-(1 1 21)-(0 34 4)-(6 38 22)-(0 47 13)-(7 55 8)-(1 60 17)]
0.7128, 0.552653158569336, [(0 24 19)-(8 13 7)-(8 12 31)-(9 28 23)-(6 60 12)-(10 55 23)-(3 17 14)]
0.7139, 0.5525506286621094, [(2 63 1)-(6 60 23)-(9 47 23)-(3 33 4)-(14 16 25)-(5 6 10)-(0 23 17)]
0.7119, 0.5530671997070312, [(2 29 23)-(8 7 11)-(12 1 10)-(4 29 0)-(1 14 22)-(5 30 9)-(14 26 25)]
0.7136, 0.5524440765380859, [(12 51 6)-(5 54 23)-(3 2 21)-(8 19 4)-(15 49 3)-(6 3 3)-(9 24 20)]
0.714, 0.5525320587158202, [(3 54 7)-(11 24 6)-(7 39 30)-(3 7 14)-(8 33 29)-(15 19 0)-(4 49 16)]
0.714, 0.5525316589355469, [(15 46 6)-(3 39 30)-(15 25 18)-(0 3 10)-(5 16 5)-(5 24 0)-(9 26 13)]
0.714, 0.5525318603515625, [(15 42 12)-(12 48 13)-(3 10 14)-(10 22 12)-(9 45 20)-(5 36 0)-(11 62 21)]
0.714, 0.5525364318847656, [(13 20 7)-(2 37 26)-(0 48 16)-(9 63 19)-(8 7 13)-(4 55 10)-(14 55 0)]
0.7063, 0.5678528778076172, [(3 49 13)-(12 49 21)-(4 0 22)-(7 12 28)-(12 43 2)-(12 28 8)-(10 47 7)]
0.7137, 0.5525703857421875, [(13 38 3)-(10 63 31)-(8 18 17)-(7 50 12)-(3 53 1)-(12 36 10)-(11 46 16)]
0.714, 0.5528190399169921, [(15 33 13)-(11 4 1)-(1 19 19)-(11 45 27)-(7 57 8)-(2 21 19)-(13 60 0)]
0.714, 0.5525330535888672, [(5 41 26)-(6 36 6)-(15 2 1)-(5 63 26)-(4 29 8)-(2 43 1)-(3 25 13)]
0.714, 0.5528355407714844, [(0 59 20)-(12 38 17)-(7 18 21)-(7 63 30)-(4 25 21)-(6 23 19)-(9 20 13)]
0.714, 0.5525317108154297, [(10 47 27)-(5 38 28)-(3 37 31)-(3 50 28)-(2 63 25)-(14 41 27)-(15 10 11)]
0.1636, 0.9706229919433593, [(6 44 0)-(9 11 11)-(5 61 30)-(10 31 21)-(1 42 22)-(0 29 30)-(0 20 0)]
0.714, 0.5525317291259766, [(2 58 16)-(12 21 3)-(6 18 28)-(0 60 13)-(10 48 27)-(1 39 20)-(2 62 6)]
0.714, 0.5525317291259766, [(8 53 30)-(11 45 17)-(2 20 1)-(4 58 11)-(11 42 28)-(4 59 12)-(12 43 28)]
0.714, 0.5525070281982422, [(7 21 10)-(1 45 16)-(5 13 12)-(1 8 9)-(10 55 26)-(3 6 8)-(9 24 21)]
0.5811999999999999, 0.5023800109863281, [(12 27 19)-(12 41 0)-(13 30 29)-(8 1 24)-(6 48 31)-(0 38 13)-(6 40 11)]
0.1513, 0.9721064300537109, [(8 9 4)-(3 25 7)-(12 61 23)-(3 13 30)-(12 23 14)-(15 53 14)-(3 25 28)]
0.6851, 0.5256145584106445, [(6 22 25)-(3 33 26)-(14 32 20)-(3 3 23)-(14 33 1)-(10 59 28)-(3 55 19)]
0.714, 0.5525352478027343, [(5 21 2)-(14 21 30)-(12 37 4)-(3 39 23)-(1 15 16)-(6 57 24)-(8 36 29)]
0.7137, 0.5525647216796874, [(12 39 13)-(15 50 28)-(3 57 31)-(0 39 17)-(0 10 20)-(13 51 11)-(2 24 14)]
0.7139, 0.5524732421875, [(7 46 30)-(1 57 22)-(1 10 29)-(13 55 16)-(15 14 15)-(6 56 25)-(12 11 21)]
0.7139, 0.5525504364013671, [(9 20 11)-(0 19 9)-(14 55 16)-(6 54 26)-(13 61 26)-(9 7 18)-(0 36 15)]
0.1972, 0.0, [(11 16 27)-(3 4 30)-(4 39 2)-(8 45 13)-(14 52 27)-(7 31 6)-(15 10 9)]
0.7068000000000001, 0.5566491851806641, [(14 44 28)-(5 17 12)-(13 33 17)-(4 12 24)-(13 33 12)-(10 62 31)-(6 10 1)]
0.714, 0.5525316986083983, [(6 11 8)-(12 55 15)-(7 49 6)-(3 61 0)-(10 6 6)-(11 52 9)-(4 53 8)]
0.714, 0.5525317321777343, [(10 32 31)-(2 54 27)-(9 45 12)-(0 55 5)-(3 52 21)-(8 33 3)-(13 53 27)]
0.714, 0.5527553619384765, [(13 53 6)-(7 9 27)-(14 27 6)-(3 10 4)-(15 29 8)-(10 29 13)-(15 7 27)]
0.7141, 0.5525419647216797, [(11 58 26)-(7 37 2)-(3 47 19)-(3 25 16)-(12 36 10)-(12 49 9)-(3 30 7)]
0.7139, 0.552536474609375, [(6 45 26)-(14 20 5)-(3 53 31)-(11 30 13)-(5 35 28)-(7 11 11)-(5 4 16)]
0.5565, 0.6480097351074219, [(12 60 20)-(10 0 28)-(11 37 31)-(5 40 5)-(3 10 8)-(3 38 22)-(2 63 22)]
0.7139, 0.5525630676269531, [(4 14 9)-(13 34 16)-(10 22 20)-(12 26 3)-(2 25 16)-(14 5 31)-(14 46 30)]
0.7139, 0.5526006072998046, [(5 14 18)-(7 37 1)-(5 13 6)-(14 9 1)-(15 57 31)-(11 7 16)-(4 16 27)]
0.7134, 0.5526483367919922, [(12 53 4)-(7 29 21)-(10 37 23)-(13 46 31)-(1 37 3)-(7 26 9)-(5 50 26)]
0.714, 0.5525317260742187, [(9 62 3)-(4 13 3)-(12 53 21)-(15 40 2)-(6 47 28)-(1 44 8)-(6 48 16)]
0.714, 0.5525317321777343, [(15 6 24)-(12 61 7)-(12 30 31)-(3 5 9)-(14 45 3)-(3 57 26)-(0 34 24)]
0.7136, 0.5525748870849609, [(12 16 19)-(13 45 20)-(15 22 4)-(13 7 6)-(13 55 25)-(4 44 29)-(14 53 11)]
0.5205, 0.3963473205566406, [(11 15 7)-(6 20 26)-(4 25 5)-(4 63 19)-(4 63 3)-(3 17 14)-(1 0 31)]
0.714, 0.5525319305419922, [(2 36 18)-(4 9 16)-(11 34 6)-(14 35 11)-(9 12 4)-(15 17 13)-(13 7 7)]
0.714, 0.5525314880371094, [(13 53 12)-(8 16 12)-(7 56 31)-(14 37 12)-(0 45 21)-(5 18 3)-(3 21 1)]
0.7139, 0.5525352264404297, [(0 52 28)-(7 57 9)-(9 44 22)-(3 12 18)-(4 56 2)-(5 34 29)-(8 7 2)]
0.7139, 0.55274501953125, [(12 40 6)-(8 34 25)-(5 28 11)-(3 27 21)-(10 13 14)-(7 28 8)-(1 9 1)]
0.7137, 0.5527501739501953, [(2 14 19)-(13 42 5)-(7 6 7)-(0 17 7)-(13 37 24)-(7 58 3)-(5 14 1)]
0.6976, 0.5393288787841797, [(6 25 18)-(9 59 2)-(13 51 31)-(13 8 3)-(12 24 20)-(7 37 5)-(6 24 25)]
0.7139, 0.5524370391845703, [(5 17 14)-(8 14 27)-(9 43 4)-(13 50 27)-(3 31 26)-(3 48 29)-(6 7 0)]
0.7138, 0.5558634552001953, [(15 7 13)-(2 32 9)-(10 25 0)-(2 6 31)-(6 14 26)-(12 56 20)-(10 50 30)]
0.7123, 0.5526405700683594, [(13 4 19)-(2 12 12)-(4 6 5)-(12 56 11)-(2 15 12)-(7 2 22)-(10 57 16)]
0.714, 0.5525318420410157, [(0 49 24)-(6 49 30)-(8 12 14)-(11 40 23)-(3 12 15)-(11 60 12)-(13 50 19)]
0.7132000000000001, 0.5531299865722656, [(2 62 26)-(5 48 1)-(7 17 31)-(7 37 25)-(0 41 26)-(13 46 2)-(14 51 4)]
0.714, 0.5525317413330078, [(5 28 1)-(6 60 16)-(14 31 24)-(1 42 22)-(1 20 28)-(11 49 27)-(9 33 12)]
0.713, 0.552840835571289, [(13 60 31)-(12 7 23)-(2 29 31)-(5 46 26)-(3 60 7)-(8 5 9)-(15 50 30)]
0.714, 0.5525212738037109, [(5 29 17)-(7 40 3)-(10 52 18)-(1 63 7)-(12 47 18)-(10 9 19)-(5 4 0)]
0.7138, 0.5526787200927734, [(3 57 2)-(6 55 24)-(11 4 23)-(10 45 26)-(12 1 6)-(7 62 24)-(4 41 5)]
0.6807000000000001, 0.5658581268310547, [(11 0 23)-(5 41 14)-(15 52 30)-(5 4 4)-(10 17 22)-(5 8 0)-(9 30 21)]
0.714, 0.552531753540039, [(8 41 22)-(10 24 0)-(13 5 29)-(1 60 19)-(9 1 6)-(15 43 0)-(13 60 23)]
0.7049000000000001, 0.5444603210449219, [(6 19 28)-(11 13 25)-(12 1 18)-(5 48 9)-(2 53 9)-(3 7 12)-(12 48 5)]
0.236, 0.0, [(9 19 27)-(4 1 10)-(6 41 8)-(7 13 6)-(6 17 30)-(1 48 21)-(7 27 10)]
0.5898, 0.49185543212890626, [(1 39 0)-(11 4 22)-(8 0 6)-(14 52 13)-(9 0 31)-(15 16 0)-(9 14 17)]
0.7135, 0.5529377777099609, [(14 24 20)-(1 56 25)-(0 44 1)-(3 38 17)-(1 23 21)-(1 34 9)-(0 46 24)]
0.7139, 0.5525434387207031, [(10 42 30)-(9 59 3)-(12 4 27)-(13 25 10)-(4 23 0)-(3 42 19)-(9 21 12)]
0.714, 0.5530634552001954, [(8 9 19)-(13 55 19)-(1 61 4)-(15 23 25)-(8 28 22)-(4 53 28)-(15 14 23)]
0.714, 0.5525334808349609, [(7 4 19)-(14 22 11)-(4 22 17)-(0 63 11)-(14 45 24)-(5 32 11)-(7 22 19)]
0.714, 0.5525130004882812, [(3 9 10)-(9 11 20)-(0 14 0)-(3 33 17)-(2 50 5)-(5 25 7)-(10 40 3)]
0.714, 0.5525317016601563, [(15 45 19)-(7 50 5)-(14 26 28)-(10 15 1)-(14 36 5)-(4 61 1)-(9 19 10)]
0.7114, 0.5454511962890625, [(4 61 23)-(9 20 20)-(10 11 12)-(5 8 26)-(2 11 2)-(13 7 31)-(6 28 20)]
0.7108000000000001, 0.5531181182861328, [(10 60 16)-(1 48 14)-(10 37 1)-(3 62 1)-(3 57 16)-(4 59 6)-(12 20 31)]
0.7119, 0.5531405090332031, [(9 17 11)-(1 33 19)-(4 63 28)-(12 12 24)-(4 1 11)-(13 31 4)-(5 16 10)]
0.7101999999999999, 0.5507067321777344, [(14 50 8)-(6 2 28)-(7 58 23)-(1 55 8)-(1 26 31)-(2 51 0)-(15 2 7)]
0.714, 0.5526402435302734, [(6 5 21)-(3 13 0)-(15 10 2)-(15 57 30)-(0 2 1)-(10 23 31)-(11 0 16)]
0.714, 0.5525332733154297, [(0 31 7)-(2 14 12)-(11 47 27)-(6 34 12)-(8 26 7)-(7 38 30)-(1 32 24)]
0.714, 0.5525316741943359, [(12 40 7)-(5 20 6)-(10 10 1)-(3 10 10)-(12 27 11)-(14 31 6)-(10 26 5)]
0.714, 0.5525249694824219, [(5 57 19)-(2 25 7)-(14 13 10)-(4 11 1)-(1 29 9)-(2 59 17)-(11 11 27)]
0.7132000000000001, 0.5526404205322266, [(0 63 25)-(3 5 11)-(12 2 9)-(6 41 16)-(4 5 19)-(5 14 22)-(8 21 0)]
0.714, 0.5525316680908203, [(8 57 20)-(1 31 5)-(9 17 11)-(10 44 23)-(9 3 10)-(14 52 8)-(7 44 8)]
0.714, 0.5525316101074218, [(1 21 8)-(1 57 5)-(2 12 31)-(9 44 0)-(13 8 31)-(13 5 15)-(8 12 13)]
0.6920999999999999, 0.5400785522460938, [(5 17 11)-(10 50 15)-(12 17 25)-(6 28 14)-(8 45 17)-(13 13 12)-(0 16 24)]
0.7138, 0.5524405883789063, [(3 39 12)-(13 32 7)-(3 53 15)-(1 40 21)-(5 17 9)-(6 28 21)-(5 3 8)]
0.7135, 0.5525248352050781, [(13 42 0)-(5 24 6)-(7 12 3)-(6 28 16)-(2 60 24)-(3 61 7)-(5 7 21)]
0.7106, 0.5474493423461915, [(11 26 5)-(4 47 11)-(2 34 10)-(12 20 3)-(3 29 11)-(5 4 31)-(15 40 26)]
0.714, 0.5525317321777343, [(6 45 6)-(11 52 22)-(14 50 4)-(2 32 17)-(13 33 1)-(4 58 14)-(0 63 15)]
0.7139, 0.5524222137451171, [(13 59 14)-(6 13 7)-(10 20 7)-(3 22 18)-(3 16 20)-(11 21 4)-(14 33 28)]
0.714, 0.552527276611328, [(9 57 22)-(4 61 22)-(13 49 8)-(6 51 7)-(4 1 14)-(4 57 17)-(3 46 17)]
0.714, 0.5525317504882812, [(14 40 26)-(4 23 1)-(0 22 1)-(2 21 5)-(13 8 16)-(4 15 6)-(7 49 12)]
0.7114, 0.5503632843017578, [(10 30 7)-(5 58 26)-(14 2 4)-(9 2 22)-(11 1 15)-(10 19 6)-(14 9 11)]
0.714, 0.5525317291259766, [(14 32 18)-(12 42 22)-(11 48 5)-(1 39 2)-(12 34 9)-(3 55 13)-(11 49 29)]
0.7139, 0.5525802551269532, [(10 0 14)-(7 62 14)-(6 23 16)-(15 59 19)-(1 10 19)-(6 2 3)-(1 38 6)]
0.7141, 0.5525471588134766, [(1 48 12)-(3 25 16)-(2 50 12)-(5 15 16)-(1 4 14)-(2 60 30)-(6 13 16)]
0.714, 0.5525364440917968, [(1 59 24)-(9 14 16)-(5 3 3)-(4 33 25)-(13 29 29)-(0 0 10)-(10 33 27)]
0.714, 0.552534164428711, [(4 62 4)-(12 4 14)-(10 58 24)-(10 15 12)-(6 12 13)-(9 1 0)-(5 29 10)]
0.7142, 0.552553076171875, [(11 25 28)-(4 58 8)-(8 28 28)-(6 15 27)-(1 30 24)-(11 50 4)-(13 47 0)]
0.714, 0.5525317260742187, [(8 45 3)-(9 39 19)-(14 48 0)-(10 19 6)-(7 36 5)-(13 35 31)-(14 32 15)]
0.714, 0.5525371246337891, [(3 13 14)-(14 48 25)-(7 58 3)-(6 41 1)-(3 5 19)-(7 40 12)-(11 27 3)]
0.7126, 0.5523872985839844, [(5 47 21)-(15 45 20)-(6 3 27)-(13 43 13)-(6 51 31)-(3 49 0)-(3 11 21)]
0.7113, 0.5531219451904297, [(2 54 11)-(4 22 17)-(1 19 2)-(8 17 23)-(5 62 8)-(9 6 17)-(11 11 5)]
0.7135, 0.5525024993896485, [(4 24 23)-(11 32 26)-(7 40 5)-(7 34 9)-(6 46 0)-(1 58 19)-(8 54 11)]
0.7132000000000001, 0.5524678039550781, [(3 17 21)-(15 32 7)-(15 11 11)-(14 36 8)-(7 59 5)-(9 36 31)-(3 44 7)]
0.6798, 0.5690410736083984, [(8 6 3)-(15 63 23)-(14 42 31)-(2 19 26)-(9 17 13)-(4 27 21)-(15 22 13)]
0.7139, 0.5525328430175782, [(11 11 21)-(1 1 10)-(9 23 13)-(15 2 12)-(1 34 1)-(0 30 5)-(3 48 19)]
0.714, 0.5525317260742187, [(4 58 16)-(9 53 24)-(1 44 23)-(1 59 15)-(7 49 23)-(0 61 23)-(8 35 19)]
0.714, 0.552532275390625, [(3 53 14)-(4 10 1)-(8 40 28)-(0 37 31)-(3 53 19)-(5 55 11)-(7 13 15)]
0.7126, 0.5497800964355468, [(13 25 2)-(2 54 1)-(14 10 18)-(8 10 24)-(4 58 16)-(15 29 18)-(4 39 11)]
0.7113, 0.553887826538086, [(4 51 3)-(1 42 10)-(11 17 28)-(0 9 0)-(11 50 9)-(2 4 20)-(15 37 0)]
0.714, 0.5525321166992188, [(7 36 7)-(11 47 21)-(1 9 11)-(1 49 0)-(1 25 9)-(2 56 0)-(11 38 16)]
0.7127, 0.5505071258544922, [(15 3 1)-(7 2 13)-(13 21 16)-(12 3 1)-(0 5 26)-(2 56 23)-(2 30 21)]
0.11410000000000001, 0.9984311767578125, [(0 5 3)-(12 27 6)-(3 40 30)-(4 54 20)-(2 53 3)-(12 24 30)-(14 49 7)]
0.097, 0.0, [(3 39 9)-(4 7 30)-(8 59 26)-(8 16 7)-(6 41 18)-(14 42 26)-(0 25 21)]
0.7139, 0.5525435272216797, [(5 22 19)-(5 0 1)-(7 55 13)-(9 54 8)-(7 2 6)-(0 46 27)-(10 27 18)]
0.7136, 0.5524950225830079, [(5 7 22)-(15 56 27)-(0 18 9)-(11 38 28)-(7 63 26)-(14 28 23)-(3 8 27)]
0.7038, 0.5445118499755859, [(12 6 14)-(6 62 15)-(10 22 9)-(15 42 16)-(12 46 12)-(5 20 26)-(2 32 19)]
0.7010000000000001, 0.5654135955810546, [(0 37 22)-(4 8 26)-(12 35 19)-(14 9 1)-(15 21 18)-(8 27 4)-(2 23 26)]
0.714, 0.5525359191894531, [(11 19 16)-(6 36 14)-(8 56 8)-(2 18 1)-(11 47 27)-(8 11 3)-(1 48 15)]
0.7141, 0.5525359924316406, [(6 32 12)-(9 29 28)-(5 31 3)-(13 32 4)-(12 5 2)-(3 63 19)-(10 3 15)]
0.1178, 0.0, [(4 59 14)-(6 37 12)-(12 36 28)-(1 59 20)-(1 9 22)-(1 57 14)-(9 6 30)]
0.7133, 0.5530395599365234, [(4 6 9)-(3 19 28)-(8 45 30)-(1 60 4)-(10 19 23)-(3 63 31)-(11 13 20)]
0.714, 0.5525317230224609, [(3 33 31)-(13 10 8)-(1 8 2)-(3 35 24)-(9 30 22)-(14 24 3)-(10 61 27)]
0.7136, 0.55258583984375, [(15 56 15)-(12 22 17)-(5 15 20)-(0 0 0)-(11 36 17)-(13 12 12)-(14 40 26)]
0.714, 0.5525317291259766, [(14 9 13)-(6 45 11)-(15 40 17)-(14 48 27)-(14 60 11)-(13 12 16)-(6 55 27)]
0.714, 0.5525455505371094, [(3 49 0)-(15 30 31)-(6 43 18)-(3 47 28)-(10 33 19)-(4 0 12)-(8 39 13)]
0.7126, 0.5543892303466798, [(7 56 27)-(2 26 24)-(13 6 27)-(7 46 6)-(4 17 5)-(4 22 27)-(7 44 2)]
0.7116, 0.5507974487304688, [(7 13 25)-(0 13 15)-(15 2 9)-(0 63 20)-(0 31 22)-(1 60 31)-(10 49 17)]
0.714, 0.5525208648681641, [(13 5 7)-(15 56 18)-(14 31 28)-(7 19 2)-(10 17 17)-(10 59 15)-(4 62 0)]
0.714, 0.5525317260742187, [(10 55 9)-(1 45 0)-(4 54 13)-(2 38 0)-(5 59 5)-(6 57 26)-(15 17 28)]
0.7139, 0.5525358703613281, [(4 21 14)-(0 9 13)-(7 44 10)-(13 8 1)-(11 18 9)-(14 18 16)-(8 1 13)]
0.09709999999999999, 0.0, [(15 50 31)-(0 20 22)-(15 41 30)-(9 49 13)-(5 45 16)-(9 29 11)-(9 2 30)]
0.7103999999999999, 0.5532424285888672, [(8 55 26)-(10 16 15)-(10 16 27)-(3 50 10)-(4 24 11)-(4 19 20)-(10 3 23)]
0.7102, 0.5512938995361327, [(12 58 6)-(8 59 14)-(1 19 6)-(14 55 11)-(12 1 22)-(3 54 8)-(13 35 9)]
0.7107, 0.5511614349365235, [(15 15 31)-(14 4 16)-(0 63 26)-(1 26 31)-(12 4 23)-(1 12 8)-(7 31 24)]
0.7111000000000001, 0.5548614135742187, [(4 47 0)-(9 6 26)-(14 4 29)-(0 18 2)-(2 54 25)-(9 60 24)-(13 50 6)]
0.7084, 0.5438595245361328, [(0 20 18)-(12 36 1)-(6 26 24)-(4 60 19)-(8 43 31)-(12 51 15)-(4 8 25)]
0.714, 0.5525315979003906, [(6 14 0)-(10 44 2)-(6 61 3)-(15 18 27)-(6 28 1)-(3 8 1)-(8 24 12)]
0.7125, 0.5488033721923828, [(4 58 5)-(13 24 0)-(9 3 13)-(15 22 19)-(6 62 24)-(1 3 11)-(5 1 27)]
0.714, 0.5525323211669921, [(11 53 3)-(2 19 9)-(8 31 2)-(4 28 0)-(14 6 24)-(6 0 6)-(5 13 15)]
0.7141, 0.5525904907226562, [(5 44 12)-(12 56 18)-(9 37 28)-(1 11 19)-(13 37 11)-(12 6 4)-(9 22 27)]
0.714, 0.5525219970703126, [(12 3 0)-(6 27 15)-(4 13 5)-(1 4 11)-(14 8 30)-(12 53 18)-(3 49 28)]
0.09939999999999999, 0.0, [(10 17 9)-(4 47 22)-(7 1 30)-(6 37 6)-(7 16 27)-(1 36 17)-(5 13 2)]
0.714, 0.5525319061279297, [(8 9 12)-(1 43 16)-(1 17 4)-(0 52 1)-(10 15 9)-(4 52 22)-(15 13 1)]
0.7141, 0.5524920471191406, [(6 41 9)-(0 59 15)-(3 32 31)-(2 55 24)-(8 8 20)-(8 35 29)-(15 48 3)]
0.7121, 0.5505745574951171, [(11 3 26)-(1 48 5)-(8 1 29)-(0 12 14)-(10 29 11)-(7 20 19)-(2 16 2)]
0.714, 0.5525316711425781, [(2 12 6)-(7 10 20)-(2 32 2)-(11 38 17)-(8 6 7)-(5 54 4)-(14 23 11)]
0.6864, 0.5431627868652344, [(5 1 7)-(0 23 21)-(1 31 20)-(1 14 24)-(9 11 20)-(9 45 18)-(0 52 23)]
0.692, 0.5656784759521485, [(8 49 29)-(6 4 13)-(13 50 24)-(9 60 27)-(15 26 30)-(0 20 27)-(9 42 22)]
